0.0887 -0.9903 0.8470
0.0654 -0.9940 0.8423
0.9062 -0.1195 -1.1212
0.9062 -0.1195 -0.8152
0.2244 0.0770 0.1832
0.2194 0.0956 0.3250
0.0664 -1.0094 1.1057
0.0354 -0.9954 1.1067
-0.2744 0.1305 -0.1529
-0.1829 0.0055 0.1753
-0.8125 -0.2758 0.5256
-0.8125 -0.2758 0.4006
-0.8125 -0.2758 -1.2244
-0.9375 -0.2758 -1.2244
-0.8750 -0.0883 0.5256
-0.8750 -0.0883 -1.3494
-0.5827 -0.1561 1.0142
-0.5726 -0.1642 1.0214
-0.8125 -0.9945 0.4006
-0.9375 -0.9945 0.4006
0.0348 -0.9950 0.9610
0.0347 -0.9951 0.9347
-0.1332 0.1346 0.9195
-0.1406 -0.0010 0.9530
0.1536 0.4778 1.0634
0.0673 0.4839 1.1015
-0.4839 0.1386 1.2701
-0.4624 0.1698 1.2485
-0.0511 -0.4337 1.2052
-0.0735 -0.4325 1.1119
0.2422 0.4342 0.9944
0.2657 0.3714 0.8804
0.0953 -0.9498 0.8720
0.0656 -0.9415 0.8722
-0.9375 -0.2133 0.5256
-0.9375 -0.2133 0.4631
0.0215 -0.6612 1.1167
0.0665 -0.6604 1.0895
0.1644 -0.1651 1.1572
0.1756 -0.0798 1.1309
0.2863 0.3415 0.9187
0.2872 0.2774 0.8116
-0.1082 0.6096 0.8637
-0.0765 0.6047 0.8344
-0.5136 0.1354 1.2172
-0.5081 0.1465 1.2514
0.1585 0.4779 0.9588
0.2060 0.4411 0.9397
-0.0320 0.0499 1.2549
-0.0319 -0.0538 1.2876
-0.1569 -0.9570 0.8504
-0.1336 -0.9540 0.8458
0.2244 0.0543 0.1875
0.2601 0.0520 0.2055
-0.0748 0.5726 1.0142
-0.1061 0.5686 0.9906
-0.5490 -0.1200 1.0615
-0.5634 -0.1585 1.0095
-0.0320 0.1770 1.2158
0.0793 0.1793 1.2125
0.1921 0.0618 0.1056
0.2057 0.0636 0.0997
-0.0900 -0.9591 1.0588
-0.0903 -0.9619 1.0203
-0.1333 -1.0053 0.9352
-0.1643 -0.9950 0.9360
-0.0329 1.0094 0.8698
0.0153 1.0089 0.8696
0.1945 0.1196 0.6065
0.1893 0.1439 0.6499
0.0996 -0.8955 1.2271
0.1029 -0.8235 1.2363
-0.1031 0.9609 0.6830
-0.0337 0.9589 0.6700
0.0675 -0.5074 1.3189
0.0674 -0.5757 1.3035
0.0343 -0.8954 1.2275
0.0311 -0.8235 1.2367
-0.0331 -0.1054 0.9784
-0.0331 -0.1905 1.0048
0.5671 0.0055 -1.0148
0.3208 -0.1195 -0.9375
0.0672 -0.7569 1.2700
0.0672 -0.7064 1.2794
-0.5727 -0.1385 0.9208
-0.5825 -0.1735 0.8931
-0.0668 -0.3790 1.1123
-0.1317 -0.3798 1.0777
-0.4845 0.0367 0.0623
-0.1829 0.0055 0.1753
0.0996 -0.8955 1.2271
0.1123 -0.8942 1.1734
0.1561 0.3646 0.8662
0.1365 0.3319 0.8976
-0.9375 -0.2133 -1.3494
-0.9375 -0.2758 -1.3494
0.0531 0.9980 0.8066
0.0520 1.0057 0.8632
0.0967 -0.9952 0.9040
0.1083 -0.9698 0.9053
-0.0386 -0.1195 0.4943
-0.2038 -0.1195 0.4943
-0.1245 0.9003 0.6620
-0.1031 0.9609 0.6830
0.0968 -0.9951 0.9343
0.0969 -0.9951 0.9606
0.0422 -0.9903 0.8473
0.0358 -0.9944 0.8700
0.0162 -0.5699 1.1132
-0.0024 -0.5723 1.1936
0.0671 -0.8241 1.2579
0.1029 -0.8235 1.2363
0.1327 -0.2958 1.3041
0.1344 -0.2258 1.2857
0.0520 1.0057 0.8632
0.0854 0.9970 0.9004
-0.9375 -0.0883 0.4631
-0.9375 -0.2133 0.4631
0.1235 0.9114 0.7280
0.1456 0.9308 0.8440
-0.5390 0.0664 1.1860
-0.5066 0.0852 1.2220
0.0672 -0.7569 1.2700
0.1068 -0.7562 1.2461
-0.4326 -0.1195 -0.8666
-0.3965 0.0055 -0.7882
-0.4842 0.0849 1.2208
-0.4407 0.0775 1.1960
-0.4406 0.1836 1.1144
-0.4738 0.1378 1.1600
0.0650 0.7911 0.6805
0.0570 0.9002 0.6608
-0.5360 0.0178 1.2541
-0.5451 0.0432 1.2217
0.0530 0.6193 0.9214
0.0358 0.5920 0.9258
0.9062 -0.1195 -0.4833
0.4986 -0.1195 -0.5315
0.2511 -0.1195 -1.1531
-0.0118 -0.1195 -1.0869
0.2662 0.3089 0.9508
0.2435 0.3431 1.0566
0.0665 -0.1403 1.3064
0.1391 -0.1477 1.2603
-0.1406 -0.0010 0.9530
-0.1371 -0.1044 0.9851
0.2031 0.0676 0.1365
0.1908 0.0639 0.1259
0.2958 0.0459 0.0873
0.2978 0.0410 0.0370
-0.0995 -0.8954 1.2284
-0.0962 -0.8234 1.2376
0.0666 -0.5690 1.0828
0.0666 -0.6200 1.0865
-0.1016 0.5920 0.9267
-0.0924 0.6000 0.9740
0.1943 0.1580 0.5657
0.2349 0.1674 0.5613
0.2015 0.0614 0.1451
0.1882 0.0596 0.1281
0.2244 0.0770 0.1832
0.2031 0.0676 0.1365
-0.1685 0.5149 0.9410
-0.2276 0.4709 0.9522
-0.0335 0.6267 0.7738
0.0331 0.6287 0.7859
-0.0828 0.0992 -0.8109
0.0079 0.0055 -0.6238
-0.1632 -0.9497 0.8737
-0.1335 -0.9414 0.8735
-0.5849 -0.1359 0.9079
-0.5815 -0.1117 0.9084
0.2316 0.1387 0.6618
0.1893 0.1439 0.6499
-0.1334 -0.9347 0.9088
-0.1023 -0.9442 0.9081
-0.0333 0.6037 0.8281
-0.0335 0.6267 0.7738
0.1536 0.4778 1.0634
0.2422 0.4342 0.9944
0.2678 0.0420 0.0854
0.2648 0.0464 0.1315
0.1364 -0.5724 1.1927
0.1172 -0.5700 1.1126
-0.1862 0.9479 0.9480
-0.1992 0.8428 0.9910
-0.4143 0.2912 1.0850
-0.4622 0.2142 1.1484
0.2775 0.0916 0.5646
0.2921 0.1121 0.5543
0.2440 0.1220 0.4604
0.2384 0.1378 0.5331
-0.8125 -0.2758 0.4006
-0.8125 -0.9945 0.4006
0.0664 -0.8792 1.0893
0.0300 -0.8957 1.1073
-0.1775 -0.6611 1.1180
-0.1799 -0.6207 1.1165
-0.1555 -0.9884 1.2087
-0.1322 -0.9949 1.2164
-0.5879 -0.1367 0.9883
-0.5827 -0.1561 1.0142
0.0012 0.5804 0.8571
0.0267 0.5840 0.8782
-0.2171 0.4774 1.0578
-0.2276 0.4709 0.9522
0.0090 0.5462 0.8572
0.0404 0.5502 0.8808
0.2323 0.0449 0.0849
0.2678 0.0420 0.0854
0.0661 -0.9168 1.0218
0.0660 -0.9216 0.9912
-0.8125 -0.9945 0.5256
-0.8125 -0.9945 0.4006
-0.8125 -0.9945 -1.2244
-0.9375 -0.9945 -1.2244
-0.5731 -0.0847 0.9424
-0.5763 -0.0833 0.9184
0.1940 0.0944 0.4603
0.1849 0.1086 0.5441
-0.5196 0.0728 1.1688
-0.5420 -0.0006 1.0828
-0.0137 -0.4337 1.2050
-0.0078 -0.5048 1.2004
-0.1292 0.2627 0.8784
-0.0333 0.2521 0.8677
-0.0319 -0.1394 1.3141
-0.0318 -0.2199 1.3379
-0.0333 0.2521 0.8677
-0.0332 0.1250 0.9068
-0.1904 -0.4347 1.2994
-0.2128 -0.4336 1.2062
0.9375 -0.0883 0.5256
0.9375 -0.0883 0.4631
0.0672 -0.7064 1.2794
0.0673 -0.6663 1.2868
-0.1336 -0.9540 0.8458
-0.1335 -0.9414 0.8735
0.1118 -0.6612 1.1161
0.1094 -0.7015 1.1177
0.1344 -0.2258 1.2857
0.0639 -0.2195 1.3314
-0.1779 -0.8941 1.1753
-0.1691 -0.8956 1.1086
0.3502 0.0367 0.0107
0.5075 -0.1195 -0.0036
-0.2128 -0.4336 1.2062
-0.2069 -0.5047 1.2016
-0.0443 -0.3751 1.2132
-0.0511 -0.4337 1.2052
0.3150 -0.1195 -0.5531
0.2080 -0.1195 -0.3421
0.1383 -0.1824 1.0543
0.1481 -0.0971 1.0280
-0.4646 0.0848 1.1778
-0.4407 0.0775 1.1960
-0.1752 -0.9552 1.1714
-0.1762 -0.9555 1.1097
0.0970 -0.9950 0.9869
0.1087 -0.9641 0.9885
-0.1722 -0.7523 1.1215
-0.1326 -0.7516 1.0975
0.1890 0.0636 0.1153
0.1921 0.0618 0.1056
-0.0332 0.5799 0.8540
0.0012 0.5804 0.8571
-0.1337 -0.9746 0.8351
-0.1620 -0.9739 0.8449
0.2384 0.1378 0.5331
0.2774 0.1316 0.5412
0.1691 0.4167 0.9077
0.2060 0.4411 0.9397
0.1837 0.0583 0.1157
0.1897 0.0571 0.1045
0.1212 -0.5030 1.1128
0.0666 -0.5023 1.0808
0.1262 -0.4349 1.2974
0.1479 -0.4338 1.2038
-0.1023 -0.9950 0.9356
-0.1022 -0.9950 0.9619
-0.1905 0.9116 0.7301
-0.2116 0.9309 0.8463
0.1943 0.1580 0.5657
0.1892 0.1848 0.6055
0.1251 -0.1195 0.2907
0.3638 -0.1195 0.2279
0.9062 -0.1195 -0.4833
0.5742 0.0055 -0.6270
-0.1793 -0.6253 1.2675
-0.1317 -0.6262 1.2955
0.2736 0.1896 0.6122
0.2895 0.1700 0.6359
-0.2072 0.4344 0.8584
-0.2276 0.4709 0.9522
-0.0319 -0.1394 1.3141
-0.0319 -0.0538 1.2876
-0.3669 0.3684 1.0227
-0.3564 0.3841 1.0774
0.0359 -0.9498 0.8724
0.0347 -0.9443 0.9072
0.9375 -0.2758 0.5256
0.9375 -0.2758 0.4006
-0.1779 -0.8941 1.1753
-0.1817 -0.8217 1.1807
-0.5451 0.0432 1.2217
-0.5390 0.0664 1.1860
0.0979 -0.9218 1.0587
0.0663 -0.9079 1.0581
-0.1303 -0.1402 1.3077
-0.1276 -0.2194 1.3326
-0.1537 0.9688 0.7318
-0.1031 0.9609 0.6830
-0.9375 -0.2758 -1.2244
-0.9375 -0.9945 -1.2244
0.1577 0.3016 0.9344
0.1699 0.3254 0.9691
-0.5999 -0.2203 0.8822
-0.6060 -0.2114 0.8942
0.1255 -0.4326 1.1105
0.0666 -0.4321 1.0760
-0.5835 -0.0889 0.9117
-0.5844 -0.0961 0.9069
0.2323 0.0648 0.0811
0.2057 0.0636 0.0997
-0.5614 -0.0282 1.1297
-0.5572 -0.0074 1.0968
-0.5802 -0.0959 0.9024
-0.5815 -0.1117 0.9084
-0.1326 -0.7516 1.0975
-0.1325 -0.7006 1.0938
-0.2524 0.2987 1.0499
-0.3146 0.2313 1.1081
0.9375 -0.2133 0.5256
0.9375 -0.2133 -1.3494
-0.8750 -0.2133 0.5256
-0.9375 -0.2133 0.5256
0.1581 0.1726 1.1691
0.0793 0.1793 1.2125
-0.1082 0.6096 0.8637
-0.1484 0.6368 0.8352
-0.1644 -0.9442 0.9085
-0.1643 -0.9401 0.9390
-0.6517 -0.1195 -0.3557
-0.3829 -0.1195 -0.3352
0.2971 0.0816 0.3376
0.2940 0.0957 0.4710
0.2452 0.0582 0.0282
0.2355 0.0490 0.0274
0.0215 -0.6612 1.1167
0.0049 -0.6633 1.1886
0.3076 0.0499 0.0356
0.2978 0.0587 0.0336
-0.4993 0.0612 1.1773
-0.4905 0.0363 1.2092
-0.1174 0.5594 0.9363
-0.1685 0.5149 0.9410
0.3373 0.0367 -0.1964
0.1266 0.0367 -0.1814
-0.2171 0.4774 1.0578
-0.2223 0.4156 1.1176
0.2804 0.1151 0.4657
0.2440 0.1220 0.4604
0.2755 0.1625 0.5722
0.2774 0.1316 0.5412
-0.1188 0.6194 0.9225
-0.1071 0.6287 0.9783
-0.1235 0.6844 0.7296
-0.1324 0.7912 0.6818
-0.1335 -0.9414 0.8735
-0.1038 -0.9497 0.8733
0.0554 0.4394 0.8408
0.0637 0.3607 0.8540
-0.0907 -0.9697 0.9066
-0.0906 -0.9676 0.9370
-0.1021 -0.9949 0.9882
-0.0904 -0.9640 0.9898
-0.2215 -0.3105 1.2050
-0.2237 -0.2418 1.1850
-0.1642 -0.9366 0.9655
-0.1332 -0.9257 0.9659
-0.4964 0.0129 1.2447
-0.4923 0.0825 1.2969
-0.0319 -0.3067 1.3322
-0.1278 -0.2914 1.3478
-0.1325 -0.6199 1.0878
-0.0849 -0.6208 1.1158
-0.5849 -0.1359 0.9079
-0.5727 -0.1385 0.9208
0.1716 0.2964 0.7695
0.2200 0.3091 0.7639
-0.0828 0.0992 -0.8109
0.3208 -0.1195 -0.9375
-0.5922 -0.1665 0.8851
-0.5825 -0.1735 0.8931
-0.5891 -0.2148 0.9533
-0.5984 -0.2067 0.9468
-0.5772 -0.0804 0.9946
-0.5885 -0.1149 0.9549
-0.1371 -0.1044 0.9851
-0.0331 -0.1054 0.9784
-0.9375 -0.2758 0.4006
-0.9375 -0.9945 0.4006
0.1011 0.5198 0.9487
0.0516 0.5593 0.9352
-0.9375 -0.0883 -1.3494
-0.9375 -0.2133 -1.3494
-0.5964 -0.2291 0.9154
-0.5891 -0.2148 0.9533
-0.5874 -0.1083 0.9152
-0.5815 -0.1117 0.9084
0.0351 -0.9949 1.0177
0.0349 -0.9950 0.9873
-0.1548 0.0055 -1.0509
-0.4326 -0.1195 -0.8666
-0.8125 -0.2758 -1.3494
-0.9375 -0.2758 -1.3494
-0.5727 -0.1385 0.9208
-0.5635 -0.1180 0.9489
0.0953 -0.9498 0.8720
0.0967 -0.9443 0.9068
0.0122 -0.7543 1.1835
0.0274 -0.7562 1.2466
-0.9375 -0.0883 0.5256
-0.9375 -0.2133 0.5256
-0.1327 -1.0093 1.1070
-0.1329 -1.0080 1.0565
0.0231 -0.9677 0.9363
0.0232 -0.9659 0.9627
0.2435 0.3431 1.0566
0.2078 0.3166 1.0235
-0.1229 0.4340 0.8281
-0.1293 0.3580 0.8417
-0.0328 -0.3405 1.0824
-0.0668 -0.3790 1.1123
0.0665 -0.7517 1.0962
0.0665 -0.7007 1.0925
-0.1648 -0.8953 1.2288
-0.1779 -0.8941 1.1753
-0.1975 -0.3254 1.1034
-0.1289 -0.3318 1.0618
-0.0323 -0.3479 1.2133
-0.0319 -0.3067 1.3322
0.1536 0.4778 1.0634
0.0889 0.5312 1.0220
-0.1948 -0.3774 1.1158
-0.1317 -0.3798 1.0777
0.0938 -0.9740 0.8432
0.1064 -0.9722 0.8703
-0.1332 -1.0059 0.9615
-0.1331 -1.0065 0.9878
-0.2116 0.9309 0.8463
-0.2269 0.8246 0.8821
0.0743 -0.0011 0.9516
0.0713 0.1303 0.9235
-0.1333 -0.9299 0.9394
-0.1332 -0.9257 0.9659
0.2755 0.1625 0.5722
0.2736 0.1896 0.6122
0.0168 -0.5748 1.2738
0.0674 -0.5757 1.3035
0.1123 -0.8942 1.1734
0.1030 -0.8957 1.1069
-0.2351 0.1652 1.0735
-0.2380 0.2783 1.0394
-0.0337 0.6812 0.7100
0.0562 0.6843 0.7284
-0.5382 -0.0608 1.1668
-0.5233 -0.0545 1.1518
0.2077 0.0750 0.4657
0.1996 0.0891 0.5571
-0.0337 0.6812 0.7100
-0.0335 0.6267 0.7738
0.0887 -0.9571 0.8488
0.0938 -0.9740 0.8432
-0.1022 -0.9402 0.9386
-0.1333 -0.9299 0.9394
0.2440 0.0682 0.4710
0.2525 0.0601 0.3366
0.0938 -0.9740 0.8432
0.0654 -0.9747 0.8338
0.0968 -0.9951 0.9343
0.0658 -1.0054 0.9339
0.9375 -0.9945 0.5256
0.9375 -0.9945 0.4006
0.0376 0.5356 1.0549
0.0889 0.5312 1.0220
0.1811 0.2281 0.6683
0.1892 0.1848 0.6055
0.0650 0.7911 0.6805
0.0562 0.6843 0.7284
0.0530 0.6193 0.9214
0.0417 0.6286 0.9774
-0.8750 -0.0883 -1.3494
-0.9375 -0.0883 -1.3494
0.1029 -0.8235 1.2363
0.1068 -0.7562 1.2461
0.9062 -0.1195 -1.3182
0.9062 -0.1195 -1.1212
-0.3754 0.2961 1.1577
-0.4061 0.3059 1.1308
-0.1038 -0.9497 0.8733
-0.0927 -0.9721 0.8716
0.3208 -0.1195 -0.9375
-0.0118 -0.1195 -1.0869
0.0347 -0.9443 0.9072
0.0348 -0.9402 0.9378
-0.1648 -0.8953 1.2288
-0.1680 -0.8234 1.2380
-0.0676 0.5805 0.8575
-0.0332 0.5799 0.8540
-0.2744 0.1305 -0.1529
-0.3139 0.0992 -0.4445
-0.1967 -0.2957 1.3063
-0.1278 -0.2914 1.3478
-0.1829 0.0055 0.1753
-0.3866 0.0055 0.3410
-0.2128 -0.4336 1.2062
-0.2179 -0.3709 1.2143
0.1215 -0.7543 1.1828
0.1163 -0.8219 1.1787
-0.0903 -0.9619 1.0203
-0.1019 -0.9290 1.0222
0.1094 -0.7015 1.1177
0.1256 -0.7036 1.1856
-0.5599 -0.1258 1.0744
-0.5726 -0.1642 1.0214
0.1547 0.0411 1.2022
0.1489 -0.0624 1.2340
-0.1642 0.6513 0.9220
-0.1458 0.6644 1.0002
-0.1334 -0.9347 0.9088
-0.1335 -0.9414 0.8735
-0.5360 0.0178 1.2541
-0.5288 0.0838 1.2780
-0.1569 -0.9570 0.8504
-0.1620 -0.9739 0.8449
-0.0822 0.9863 0.7344
-0.0750 1.0014 0.8019
-0.1022 -0.9402 0.9386
-0.1021 -0.9366 0.9651
-0.1633 -0.9943 0.8712
-0.1744 -0.9720 0.8721
-0.3535 0.2264 1.0354
-0.4060 0.1547 1.1045
-0.2040 -0.1822 1.0566
-0.2139 -0.0969 1.0304
-0.5903 -0.1808 0.9821
-0.5951 -0.1613 0.9569
-0.1022 -0.9950 0.9619
-0.0905 -0.9658 0.9634
-0.0849 -0.6208 1.1158
-0.0669 -0.6231 1.1912
0.1362 0.4445 0.8701
0.1691 0.4167 0.9077
0.1327 -0.2958 1.3041
0.0642 -0.2915 1.3466
-0.1053 -0.9739 0.8445
-0.0927 -0.9721 0.8716
0.5671 0.0055 -1.0148
0.7145 0.0055 -1.0611
0.1691 0.4167 0.9077
0.1560 0.3688 0.9225
0.9375 -0.2133 0.5256
0.9375 -0.2758 0.5256
0.0868 0.9686 0.7303
0.1030 0.9837 0.8193
0.0656 -0.9415 0.8722
0.0359 -0.9498 0.8724
0.1407 0.3639 0.8694
0.0637 0.3607 0.8540
-0.5869 -0.0987 0.9278
-0.5874 -0.1083 0.9152
-0.5245 0.0846 1.2465
-0.5288 0.0838 1.2780
0.1030 0.9837 0.8193
0.1456 0.9308 0.8440
-0.1845 0.7315 1.0124
-0.1992 0.8428 0.9910
-0.0728 -0.4348 1.2987
-0.0772 -0.5066 1.2874
-0.0331 -0.1054 0.9784
0.0710 -0.1045 0.9838
-0.1003 1.0018 0.9284
-0.0327 1.0018 0.9275
0.2756 0.0436 -0.0235
0.2994 0.0455 -0.0062
0.2940 0.0957 0.4710
0.2804 0.1151 0.4657
-0.5885 -0.1149 0.9549
-0.5869 -0.0987 0.9278
0.2662 0.3089 0.9508
0.2863 0.3415 0.9187
0.2958 0.0459 0.0873
0.3059 0.0552 0.0866
-0.1845 0.7315 1.0124
-0.2096 0.7147 0.9120
0.0824 0.3091 1.1744
0.0793 0.1793 1.2125
-0.0334 0.9859 0.7291
0.0154 0.9863 0.7338
0.2015 0.0614 0.1451
0.2031 0.0537 0.1391
0.2351 0.1147 0.6176
0.1945 0.1196 0.6065
0.2244 0.0770 0.1832
0.2128 0.0674 0.2020
0.1890 0.0532 0.1173
0.2046 0.0494 0.1203
-0.2190 0.0413 1.2046
-0.2111 0.1881 1.1724
0.1118 -0.6612 1.1161
0.1289 -0.6634 1.1878
-0.1278 -0.2914 1.3478
-0.1276 -0.2194 1.3326
-0.4276 0.2189 1.2124
-0.4624 0.1698 1.2485
-0.2116 0.9309 0.8463
-0.1691 0.9838 0.8211
0.1218 -0.5067 1.2861
0.1419 -0.5049 1.1993
-0.5901 -0.1961 0.8761
-0.5985 -0.1959 0.8689
-0.3754 0.2961 1.1577
-0.4276 0.2189 1.2124
-0.0923 -0.7561 1.2474
-0.1319 -0.7568 1.2713
0.1095 -0.9554 1.1696
0.0964 -0.9953 1.1663
0.1419 -0.5049 1.1993
0.1479 -0.4338 1.2038
0.3030 0.0055 -0.7443
0.5742 0.0055 -0.6270
0.1063 -0.7524 1.1197
0.1029 -0.8200 1.1204
-0.1023 -0.9442 0.9081
-0.0907 -0.9697 0.9066
-0.0962 -0.8234 1.2376
-0.1320 -0.8240 1.2592
0.1029 -0.8200 1.1204
0.0665 -0.8182 1.0991
0.0654 -0.9747 0.8338
0.0655 -0.9541 0.8445
-0.5951 -0.1613 0.9569
-0.6030 -0.1891 0.9227
0.2235 0.0537 0.0724
0.2051 0.0561 0.0947
-0.5879 -0.1367 0.9883
-0.5885 -0.1149 0.9549
-0.9375 -0.9945 -1.3494
-0.9375 -0.9945 -1.2244
0.1030 -0.8957 1.1069
0.0979 -0.9218 1.0587
0.8125 -0.2758 0.5256
0.8125 -0.9945 0.5256
-0.5390 0.0664 1.1860
-0.5572 -0.0074 1.0968
0.2804 0.0760 0.4733
0.2775 0.0916 0.5646
0.3150 -0.1195 -0.5531
0.4986 -0.1195 -0.5315
0.0889 0.5312 1.0220
0.1011 0.5198 0.9487
0.0659 -1.0060 0.9602
0.0348 -0.9950 0.9610
-0.9062 -0.1195 -1.3182
-0.2349 -0.1195 -1.3182
-0.3781 0.1459 1.1283
-0.4166 0.1036 1.1707
0.9375 -0.2133 0.5256
-0.9375 -0.2133 0.5256
-0.9375 -0.0883 0.5256
-0.9375 -0.0883 0.4631
0.7145 0.0055 -1.0611
0.9062 -0.1195 -0.8152
-0.8750 -0.2133 -1.3494
-0.9375 -0.2133 -1.3494
-0.3669 0.3684 1.0227
-0.4143 0.2912 1.0850
0.0154 0.9863 0.7338
0.0358 0.9608 0.6821
0.3076 0.0499 0.0356
0.3059 0.0552 0.0866
0.0239 -0.7015 1.1182
0.0665 -0.7007 1.0925
0.1489 -0.0624 1.2340
0.1756 -0.0798 1.1309
-0.0728 -0.4348 1.2987
-0.0511 -0.4337 1.2052
-0.9062 -0.1195 0.4943
-0.3866 0.0055 0.3410
-0.1904 -0.4347 1.2994
-0.1862 -0.5066 1.2881
0.2657 0.3714 0.8804
0.2863 0.3415 0.9187
-0.1316 -0.5073 1.3202
-0.0772 -0.5066 1.2874
-0.4622 0.2142 1.1484
-0.4406 0.1836 1.1144
-0.0735 -0.4325 1.1119
-0.0779 -0.5030 1.1142
0.2921 0.1121 0.5543
0.2908 0.1442 0.5941
-0.1752 -0.9552 1.1714
-0.1621 -0.9951 1.1680
-0.1321 -0.8959 1.2481
-0.1321 -0.9568 1.2388
-0.1722 -0.7523 1.1215
-0.1688 -0.8199 1.1222
-0.1911 -0.4324 1.1126
-0.1948 -0.3774 1.1158
0.0419 0.6095 0.8627
0.0820 0.6367 0.8337
-0.1023 -0.9442 0.9081
-0.1038 -0.9497 0.8733
-0.1337 -0.9746 0.8351
-0.1053 -0.9739 0.8445
-0.0320 0.0499 1.2549
0.0755 0.0488 1.2477
0.2930 0.0695 0.1305
0.3032 0.0602 0.1334
0.2756 0.1242 0.6133
0.2738 0.1487 0.6569
-0.1905 0.9116 0.7301
-0.1537 0.9688 0.7318
-0.0735 -0.4325 1.1119
-0.1325 -0.4320 1.0773
-0.0961 -0.8956 1.1082
-0.1012 -0.9217 1.0600
0.1650 0.4070 1.1192
0.2558 0.3927 1.0411
-0.1319 -0.7568 1.2713
-0.1320 -0.8240 1.2592
-0.4622 0.2142 1.1484
-0.4939 0.1660 1.1910
-0.1371 -0.1044 0.9851
-0.1314 -0.1896 1.0114
0.0129 -0.5067 1.2869
0.0168 -0.5748 1.2738
-0.9375 -0.2758 0.4006
-0.9375 -0.2758 0.5256
0.0662 -1.0081 1.0552
0.0661 -1.0072 1.0168
-0.8125 -0.2758 -1.3494
-0.8125 -0.9945 -1.3494
0.1560 0.3688 0.9225
0.1407 0.3639 0.8694
-0.0319 -0.1394 1.3141
-0.1303 -0.1402 1.3077
0.0661 -1.0072 1.0168
0.0971 -0.9949 1.0173
0.0231 -0.9677 0.9363
0.0230 -0.9697 0.9059
-0.9375 -0.2133 -1.3494
-0.9375 -0.2133 0.5256
0.9375 -0.0883 -1.3494
0.8750 -0.0883 -1.3494
0.1561 0.3646 0.8662
0.1716 0.2964 0.7695
0.0192 -0.6209 1.1152
0.0666 -0.6200 1.0865
0.0526 0.9869 0.7503
0.0531 0.9980 0.8066
0.0971 -0.9332 0.9903
0.0660 -0.9216 0.9912
0.0666 -0.6200 1.0865
0.1141 -0.6209 1.1146
0.9062 -0.1195 -0.4833
0.9062 -0.1195 -0.0401
-0.0319 -0.1394 1.3141
0.0665 -0.1403 1.3064
-0.1326 -0.8181 1.1004
-0.1688 -0.8199 1.1222
0.2558 0.3927 1.0411
0.2863 0.3415 0.9187
-0.5456 -0.1195 -0.9639
-0.4326 -0.1195 -0.8666
0.1391 -0.1477 1.2603
0.1344 -0.2258 1.2857
0.2971 0.0816 0.3376
0.3005 0.0681 0.2085
-0.1103 -0.9570 0.8501
-0.1053 -0.9739 0.8445
0.2747 0.0536 -0.0105
0.2945 0.0531 -0.0011
-0.1363 0.4147 1.1327
-0.1367 0.3199 1.1680
-0.0332 0.5799 0.8540
-0.0333 0.6037 0.8281
0.2323 0.0648 0.0811
0.2309 0.0714 0.1213
-0.1332 -1.0059 0.9615
-0.1642 -0.9949 0.9623
-0.5066 0.0852 1.2220
-0.4842 0.0849 1.2208
0.3373 0.0367 -0.1964
0.2080 -0.1195 -0.3421
-0.1744 -0.9720 0.8721
-0.1632 -0.9497 0.8737
-0.2351 0.1652 1.0735
-0.2475 0.0240 1.1018
-0.1644 -0.9442 0.9085
-0.1334 -0.9347 0.9088
-0.0995 -0.8954 1.2284
-0.1321 -0.8959 1.2481
-0.1752 -0.7014 1.1195
-0.1775 -0.6611 1.1180
0.2738 0.1487 0.6569
0.2316 0.1387 0.6618
0.0665 -0.8182 1.0991
0.0664 -0.8792 1.0893
-0.1178 1.0058 0.8643
-0.0811 1.0090 0.8702
-0.0828 -0.8218 1.1800
-0.0962 -0.8234 1.2376
0.1729 0.2444 0.8277
0.1541 0.2694 0.7967
-0.4061 0.3059 1.1308
-0.4143 0.2912 1.0850
0.1030 -0.8957 1.1069
0.1029 -0.8200 1.1204
-0.8125 -0.2758 0.5256
-0.8125 -0.9945 0.5256
0.0376 0.5356 1.0549
0.0096 0.5725 1.0137
0.1362 0.4445 0.8701
0.0554 0.4394 0.8408
-0.5777 -0.0974 1.0391
-0.5879 -0.1367 0.9883
-0.5883 -0.2233 0.9142
-0.5804 -0.2090 0.9424
0.2755 0.1625 0.5722
0.2908 0.1442 0.5941
-0.8750 -0.0883 -1.3494
-0.8750 -0.2133 -1.3494
0.1011 0.5198 0.9487
0.0824 0.5066 0.8780
-0.3913 0.2580 1.0464
-0.4406 0.1836 1.1144
0.2452 0.0403 0.0316
0.2719 0.0373 0.0342
-0.1845 0.7315 1.0124
-0.1193 0.7367 1.0436
-0.0330 -0.2658 1.0324
0.0628 -0.2649 1.0362
-0.1752 -0.7014 1.1195
-0.1909 -0.7034 1.1876
0.0087 1.0014 0.8014
0.0154 0.9863 0.7338
0.1456 0.9308 0.8440
0.1210 0.9477 0.9460
-0.9375 -0.0883 -1.2869
-0.9375 -0.2133 -1.2869
0.2540 0.0526 -0.0054
0.2500 0.0449 -0.0115
0.2978 0.0587 0.0336
0.2958 0.0644 0.0837
0.0973 -0.9949 1.0557
0.1091 -0.9592 1.0575
0.2060 0.4411 0.9397
0.2109 0.3799 0.8604
-0.2744 0.1305 -0.1529
-0.0824 0.0055 -0.3496
0.1720 0.3090 1.1309
0.1825 0.2650 1.0364
0.2994 0.0455 -0.0062
0.3076 0.0499 0.0356
0.2057 0.0499 0.1023
0.2051 0.0561 0.0947
0.0349 -0.9367 0.9642
0.0659 -0.9258 0.9646
-0.1648 -0.8953 1.2288
-0.1621 -0.9556 1.2212
0.1589 -0.2420 1.1826
0.1336 -0.2582 1.0798
-0.1317 -0.5756 1.3048
-0.0813 -0.5747 1.2744
0.1101 -0.9557 1.1079
0.1091 -0.9592 1.0575
-0.0332 0.5456 0.8540
-0.0333 0.4974 0.8382
-0.1621 -0.9556 1.2212
-0.1555 -0.9884 1.2087
0.0806 0.6642 0.9987
0.0323 0.6687 1.0258
-0.0329 1.0094 0.8698
-0.0327 1.0018 0.9275
-0.0890 -0.9556 1.1092
-0.0900 -0.9591 1.0588
-0.1333 -1.0053 0.9352
-0.1023 -0.9950 0.9356
-0.0819 -0.5699 1.1139
-0.0627 -0.5723 1.1940
0.1849 0.1086 0.5441
0.1792 0.1380 0.5849
-0.0333 0.2521 0.8677
-0.0334 0.3547 0.8381
-0.1336 -0.9540 0.8458
-0.1337 -0.9746 0.8351
-0.1320 -0.8240 1.2592
-0.1680 -0.8234 1.2380
0.1301 -0.3646 1.3104
0.1532 -0.3711 1.2119
-0.3781 0.1459 1.1283
-0.4060 0.1547 1.1045
0.2540 0.0388 -0.0028
0.2747 0.0367 -0.0073
-0.0897 -0.7014 1.1190
-0.0873 -0.6611 1.1174
-0.6006 -0.1712 0.8974
-0.6030 -0.1891 0.9227
0.1479 -0.4338 1.2038
0.1255 -0.4326 1.1105
0.0666 -0.5690 1.0828
0.0162 -0.5699 1.1132
-0.5461 -0.1014 1.0315
-0.5607 -0.1402 0.9818
-0.5382 -0.0608 1.1668
-0.5541 -0.0507 1.1589
-0.8125 -0.9945 -1.3494
-0.9375 -0.9945 -1.3494
-0.1640 -0.9948 1.0190
-0.1756 -0.9619 1.0208
-0.9375 -0.9945 0.4006
-0.9375 -0.9945 0.5256
0.0887 -0.9571 0.8488
0.0655 -0.9541 0.8445
0.0971 -0.9949 1.0173
0.0973 -0.9949 1.0557
-0.1762 -0.9555 1.1097
-0.1756 -0.9590 1.0593
-0.5245 0.0846 1.2465
-0.5066 0.0852 1.2220
0.0938 -0.9740 0.8432
0.0887 -0.9903 0.8470
0.0232 -0.9659 0.9627
0.0349 -0.9367 0.9642
-0.5729 -0.0903 0.9091
-0.5681 -0.1011 0.9232
-0.2040 -0.1822 1.0566
-0.2293 -0.1648 1.1597
0.0975 -0.9955 1.1063
0.0973 -0.9949 1.0557
-0.2744 0.1305 -0.1529
0.0446 0.0055 -0.1756
0.9375 -0.0883 0.5256
0.9375 -0.0883 -1.3494
0.0021 -0.3669 1.3135
0.0670 -0.3627 1.3481
-0.8750 -0.0883 0.5256
-0.9375 -0.0883 0.5256
-0.4923 0.0825 1.2969
-0.4839 0.1386 1.2701
0.0349 -0.9367 0.9642
0.0348 -0.9402 0.9378
-0.5753 -0.0972 0.9047
-0.5735 -0.1100 0.9118
-0.5572 -0.0074 1.0968
-0.5420 -0.0006 1.0828
-0.0325 0.9528 0.9771
-0.0327 1.0018 0.9275
-0.9062 -0.1195 -0.5525
-0.5456 -0.1195 -0.9639
-0.1868 -0.5029 1.1148
-0.1829 -0.5698 1.1145
0.0351 -0.9949 1.0177
0.0661 -1.0072 1.0168
0.0244 -0.7056 1.2542
0.0081 -0.7035 1.1863
-0.1334 -0.9347 0.9088
-0.1333 -0.9299 0.9394
-0.1829 -0.5698 1.1145
-0.2015 -0.5722 1.1949
-0.0927 -0.7523 1.1210
-0.0962 -0.8199 1.1217
-0.1394 0.0489 1.2491
-0.1360 -0.0548 1.2814
-0.0962 -0.8199 1.1217
-0.0961 -0.8956 1.1082
-0.1104 -0.9902 0.8483
-0.1337 -0.9939 0.8436
-0.0676 0.5805 0.8575
-0.0929 0.5840 0.8790
-0.0323 0.4815 1.1068
-0.1288 0.4848 1.0925
0.2978 0.0587 0.0336
0.2719 0.0616 0.0296
0.1479 0.1388 0.9715
0.0713 0.1303 0.9235
-0.1337 -0.9939 0.8436
-0.1569 -0.9902 0.8486
-0.1642 0.6513 0.9220
-0.2096 0.7147 0.9120
-0.0338 0.7876 0.6596
-0.0338 0.8970 0.6423
-0.0337 0.6812 0.7100
-0.1235 0.6844 0.7296
-0.1484 0.6368 0.8352
-0.1887 0.6956 0.7971
-0.1325 -0.6603 1.0908
-0.0873 -0.6611 1.1174
-0.4945 -0.0258 -0.6817
-0.6517 -0.1195 -0.3557
-0.2063 0.1482 0.9710
-0.2198 0.0066 0.9986
0.0369 -0.9952 1.1667
0.0354 -0.9954 1.1067
0.1210 0.9477 0.9460
0.0553 0.9531 0.9787
-0.2040 -0.1822 1.0566
-0.1314 -0.1896 1.0114
-0.1104 -0.9902 0.8483
-0.1038 -0.9944 0.8709
-0.5715 -0.1832 0.9775
-0.5804 -0.2090 0.9424
-0.6006 -0.1712 0.8974
-0.6042 -0.1943 0.8795
-0.1024 -0.9951 0.9053
-0.1023 -0.9950 0.9356
0.0358 -0.9944 0.8700
0.0655 -1.0028 0.8688
-0.2349 -0.1195 -1.3182
-0.5456 -0.1195 -0.9639
0.1362 0.4445 0.8701
0.1407 0.3639 0.8694
0.1251 -0.1195 0.2907
0.1259 0.0367 0.0345
0.0889 0.5312 1.0220
0.0408 0.5685 0.9897
0.8750 -0.2133 -1.3494
0.8750 -0.2133 0.5256
0.9375 -0.2758 -1.3494
0.8125 -0.2758 -1.3494
-0.5196 0.0728 1.1688
-0.4993 0.0612 1.1773
0.0970 -0.9367 0.9638
0.1086 -0.9659 0.9622
0.1691 0.4167 0.9077
0.1561 0.3646 0.8662
0.0868 0.9686 0.7303
0.0526 0.9869 0.7503
-0.5541 -0.0833 0.9890
-0.5672 -0.0903 0.9367
0.9062 -0.1195 0.4943
0.6236 -0.1195 0.4943
0.1256 -0.7036 1.1856
0.1215 -0.7543 1.1828
0.1030 0.9837 0.8193
0.0531 0.9980 0.8066
0.2500 0.0449 -0.0115
0.2540 0.0388 -0.0028
0.0274 -0.7562 1.2466
0.0672 -0.7569 1.2700
-0.2040 -0.1822 1.0566
-0.1992 -0.2580 1.0819
0.2540 0.0388 -0.0028
0.2452 0.0403 0.0316
-0.2086 0.3583 0.8588
-0.2414 0.3405 0.9151
0.1882 0.0596 0.1281
0.1908 0.0550 0.1276
0.1362 0.4445 0.8701
0.0824 0.5066 0.8780
-0.1458 0.6644 1.0002
-0.0973 0.6688 1.0266
0.2945 0.0531 -0.0011
0.2978 0.0587 0.0336
-0.2414 0.3405 0.9151
-0.2658 0.3731 0.8988
0.0221 -0.6655 1.2602
0.0673 -0.6663 1.2868
-0.1367 0.3199 1.1680
-0.2232 0.3265 1.1327
0.2775 0.0916 0.5646
0.2385 0.0828 0.5653
-0.1038 -0.9944 0.8709
-0.0927 -0.9721 0.8716
-0.1245 0.9003 0.6620
-0.0338 0.8970 0.6423
-0.2190 0.0413 1.2046
-0.2475 0.0240 1.1018
0.1568 -0.3107 1.2026
0.1319 -0.3256 1.1013
-0.0334 0.9859 0.7291
-0.0337 0.9589 0.6700
-0.2781 0.3357 1.0956
-0.3377 0.2644 1.1466
-0.2349 -0.1195 -1.3182
0.2511 -0.1195 -1.1531
0.1218 -0.5067 1.2861
0.1178 -0.5748 1.2731
0.9062 -0.1195 -0.4833
0.9062 -0.1195 -0.8152
-0.4964 0.0129 1.2447
-0.5156 0.0062 1.2622
-0.1325 -0.7006 1.0938
-0.1752 -0.7014 1.1195
0.0968 -0.9557 1.2195
0.0669 -0.9569 1.2375
0.1095 -0.9554 1.1696
0.1101 -0.9557 1.1079
0.1419 -0.5049 1.1993
0.1364 -0.5724 1.1927
0.1063 -0.7524 1.1197
0.0665 -0.7517 1.0962
0.9375 -0.2758 0.5256
0.9375 -0.9945 0.5256
0.0631 -0.3319 1.0605
0.0628 -0.2649 1.0362
-0.9062 -0.1195 -0.2555
-0.9062 -0.1195 -0.4710
0.0979 -0.9218 1.0587
0.0972 -0.9291 1.0209
-0.1023 -0.9442 0.9081
-0.1022 -0.9402 0.9386
0.9375 -0.2758 0.4006
0.9375 -0.9945 0.4006
0.0984 0.6512 0.9203
0.0530 0.6193 0.9214
0.9375 -0.0883 -1.3494
0.9375 -0.2133 -1.3494
-0.5835 -0.0889 0.9117
-0.5869 -0.0987 0.9278
-0.5951 -0.1613 0.9569
-0.5879 -0.1367 0.9883
0.1262 -0.4349 1.2974
0.0676 -0.4353 1.3328
0.0654 -0.9747 0.8338
0.0654 -0.9940 0.8423
0.2706 0.2329 0.6757
0.2258 0.2389 0.6626
0.0663 -0.9079 1.0581
0.0661 -0.9168 1.0218
-0.5634 -0.1585 1.0095
-0.5726 -0.1642 1.0214
0.0969 -0.9951 0.9606
0.0970 -0.9950 0.9869
-0.5288 0.0838 1.2780
-0.5136 0.1354 1.2172
-0.0828 0.0992 -0.8109
-0.3965 0.0055 -0.7882
0.1539 0.0064 0.9962
0.1479 0.1388 0.9715
-0.4351 0.0888 1.2295
-0.4106 0.1159 1.2070
-0.5715 -0.1832 0.9775
-0.5689 -0.1646 0.9506
0.2804 0.0760 0.4733
0.2440 0.0682 0.4710
-0.5136 0.1354 1.2172
-0.4945 0.1091 1.1879
0.1210 0.9477 0.9460
0.1342 0.8426 0.9889
0.1029 -0.8200 1.1204
0.1163 -0.8219 1.1787
0.0221 -0.6655 1.2602
0.0198 -0.6254 1.2662
-0.1193 0.7367 1.0436
-0.1277 0.8483 1.0241
-0.2015 -0.5722 1.1949
-0.1823 -0.5747 1.2751
0.0964 -0.9953 1.1663
0.0666 -1.0089 1.1666
0.9062 -0.1195 -0.0401
0.9062 -0.1195 0.2091
-0.1018 -0.9948 1.0570
-0.1020 -0.9948 1.0186
0.0969 -0.9951 0.9606
0.1086 -0.9659 0.9622
0.1908 0.0639 0.1259
0.1890 0.0636 0.1153
0.2194 0.0651 0.3310
0.2077 0.0750 0.4657
0.1068 -0.7562 1.2461
0.1215 -0.7543 1.1828
-0.3714 0.1594 1.1685
-0.4106 0.1159 1.2070
-0.0322 0.4062 1.1434
0.0778 0.4096 1.1404
0.0570 0.9002 0.6608
0.0358 0.9608 0.6821
-0.1329 -1.0080 1.0565
-0.1639 -0.9948 1.0574
0.1882 0.0596 0.1281
0.1837 0.0583 0.1157
0.1178 -0.5748 1.2731
0.1364 -0.5724 1.1927
0.3030 0.0055 -0.7443
0.3150 -0.1195 -0.5531
-0.1324 0.7912 0.6818
-0.2041 0.8037 0.7565
0.0629 0.8482 1.0228
0.0545 0.7366 1.0425
0.0419 0.6095 0.8627
0.0530 0.6193 0.9214
-0.1016 -0.9954 1.1075
-0.1018 -0.9948 1.0570
-0.1537 0.9688 0.7318
-0.1193 0.9870 0.7514
-0.1325 -0.6199 1.0878
-0.1799 -0.6207 1.1165
-0.5930 -0.1359 0.9257
-0.5951 -0.1613 0.9569
-0.2293 -0.1648 1.1597
-0.2237 -0.2418 1.1850
0.0654 -0.9940 0.8423
0.0422 -0.9903 0.8473
-0.0328 -0.3405 1.0824
-0.1289 -0.3318 1.0618
-0.3226 0.2168 1.0625
-0.3781 0.1459 1.1283
0.0228 -0.9556 1.1085
0.0239 -0.9553 1.1701
-0.1747 -0.7055 1.2555
-0.1318 -0.7063 1.2807
0.2804 0.1151 0.4657
0.2774 0.1316 0.5412
0.1011 0.5198 0.9487
0.1585 0.4779 0.9588
-0.5804 -0.2090 0.9424
-0.5782 -0.1922 0.9167
0.0662 -1.0081 1.0552
0.0973 -0.9949 1.0557
-0.5420 -0.0006 1.0828
-0.5263 -0.0114 1.0902
-0.1548 0.0055 -1.0509
-0.3965 0.0055 -0.7882
-0.4905 0.0363 1.2092
-0.4744 0.0831 1.2723
0.9375 -0.2758 0.5256
-0.9375 -0.2758 0.5256
0.1560 0.3688 0.9225
0.1365 0.3319 0.8976
0.9375 -0.2758 -1.2244
0.9375 -0.2758 -1.3494
0.0370 -0.9557 1.2199
0.0669 -0.9569 1.2375
0.9375 -0.2758 0.5256
0.8125 -0.2758 0.5256
-0.9375 -0.0883 -1.2869
0.9375 -0.0883 -1.2869
-0.3207 0.3717 1.1093
-0.3564 0.3841 1.0774
-0.6060 -0.2114 0.8942
-0.6030 -0.1891 0.9227
-0.0326 0.6326 1.0016
-0.0325 0.6687 1.0260
0.3005 0.0681 0.2085
0.3032 0.0602 0.1334
0.0343 -0.8954 1.2275
0.0670 -0.8960 1.2468
-0.0828 0.0992 -0.8109
-0.1548 0.0055 -1.0509
0.0665 -0.6604 1.0895
0.1118 -0.6612 1.1161
-0.2744 0.1305 -0.1529
-0.1532 0.1305 -0.5689
0.2215 0.2376 0.8441
0.2698 0.2505 0.8393
0.0654 -0.9940 0.8423
0.0655 -1.0028 0.8688
-0.5718 -0.1171 1.0670
-0.5777 -0.0974 1.0391
0.1589 -0.2420 1.1826
0.1344 -0.2258 1.2857
0.2945 0.0392 0.0016
0.2747 0.0367 -0.0073
-0.1326 -0.8181 1.1004
-0.0962 -0.8199 1.1217
-0.0765 0.6047 0.8344
-0.0333 0.6037 0.8281
0.2678 0.0677 0.0804
0.2648 0.0730 0.1264
-0.0322 0.4062 1.1434
-0.0323 0.4815 1.1068
-0.0791 -0.1195 0.0640
0.0007 0.0055 -0.0241
-0.1621 -0.9556 1.2212
-0.1321 -0.9568 1.2388
0.2971 0.0816 0.3376
0.2850 0.0967 0.3333
-0.9062 -0.1195 0.4943
-0.2744 0.1305 -0.1529
-0.1016 -0.9954 1.1075
-0.1027 -0.9952 1.1676
-0.1071 0.6287 0.9783
-0.1458 0.6644 1.0002
-0.1363 0.4147 1.1327
-0.1288 0.4848 1.0925
-0.1637 -0.9953 1.1079
-0.1639 -0.9948 1.0574
-0.0754 0.5462 0.8577
-0.0999 0.4968 0.8395
-0.2113 0.2785 0.9219
-0.2338 0.3292 0.9752
-0.1012 -0.9217 1.0600
-0.1019 -0.9290 1.0222
-0.1975 -0.3254 1.1034
-0.1992 -0.2580 1.0819
-0.1000 0.6288 0.7868
-0.0335 0.6267 0.7738
-0.1717 -0.7561 1.2479
-0.1680 -0.8234 1.2380
-0.1760 -0.9676 0.9376
-0.1643 -0.9401 0.9390
-0.1329 -0.9167 1.0231
-0.1331 -0.9215 0.9924
-0.2351 0.1652 1.0735
-0.2063 0.1482 0.9710
-0.1642 -0.9949 0.9623
-0.1641 -0.9949 0.9886
-0.1548 0.0055 -1.0509
-0.0118 -0.1195 -1.0869
-0.0669 -0.6231 1.1912
-0.0844 -0.6254 1.2669
0.0665 -0.8182 1.0991
0.0303 -0.8200 1.1209
-0.0819 -0.5699 1.1139
-0.0849 -0.6208 1.1158
0.1365 0.3319 0.8976
0.1577 0.3016 0.9344
0.0665 -0.7517 1.0962
0.0269 -0.7524 1.1202
-0.4061 0.3059 1.1308
-0.4555 0.2277 1.1886
-0.1799 -0.6207 1.1165
-0.1974 -0.6230 1.1921
-0.0338 0.8970 0.6423
-0.0337 0.9589 0.6700
0.0658 -1.0054 0.9339
0.0659 -1.0060 0.9602
-0.5777 -0.0974 1.0391
-0.5772 -0.0804 0.9946
0.0348 -0.9950 0.9610
0.0349 -0.9950 0.9873
-0.0331 -0.1905 1.0048
0.0654 -0.1897 1.0102
-0.9062 -0.1195 -0.5525
-0.9062 -0.1195 -0.9812
-0.5233 -0.0545 1.1518
-0.5190 -0.0336 1.1200
-0.1332 0.1346 0.9195
-0.0332 0.1250 0.9068
-0.4646 0.0848 1.1778
-0.4420 0.1116 1.1501
-0.4555 0.2277 1.1886
-0.4880 0.1781 1.2277
0.8750 -0.0883 -1.3494
0.8750 -0.2133 -1.3494
0.1506 0.2739 0.9282
0.1479 0.1388 0.9715
-0.4839 0.1386 1.2701
-0.5081 0.1465 1.2514
0.0347 -0.9951 0.9347
0.0231 -0.9677 0.9363
0.0665 -0.7007 1.0925
0.1094 -0.7015 1.1177
0.0968 -0.9403 0.9374
0.0970 -0.9367 0.9638
0.2323 0.0648 0.0811
0.2452 0.0582 0.0282
0.2422 0.4342 0.9944
0.2558 0.3927 1.0411
-0.1321 -0.8959 1.2481
-0.1320 -0.8240 1.2592
0.0721 -0.0549 1.2800
0.1489 -0.0624 1.2340
-0.0319 -0.3067 1.3322
-0.0660 -0.3668 1.3139
0.0971 -0.9949 1.0173
0.1088 -0.9620 1.0190
0.0215 -0.6612 1.1167
0.0192 -0.6209 1.1152
0.3805 -0.1195 0.4943
0.3708 -0.1195 0.3387
0.2978 0.0410 0.0370
0.3076 0.0499 0.0356
-0.0924 0.6000 0.9740
-0.0670 0.6034 0.9943
-0.1829 0.0055 0.1753
-0.2038 -0.1195 0.4943
-0.1621 -0.9951 1.1680
-0.1555 -0.9884 1.2087
0.0887 -0.9903 0.8470
0.0952 -0.9945 0.8696
0.2057 0.0636 0.0997
0.2046 0.0678 0.1167
-0.0929 0.5840 0.8790
-0.1016 0.5920 0.9267
-0.3930 0.1901 1.2024
-0.4305 0.1434 1.2383
-0.1019 0.5345 1.0492
-0.0324 0.5347 1.0598
-0.2171 0.4774 1.0578
-0.3113 0.4349 1.0152
0.2385 0.0828 0.5653
0.1996 0.0891 0.5571
0.0244 -0.7056 1.2542
0.0672 -0.7064 1.2794
0.1995 0.1290 0.5337
0.2384 0.1378 0.5331
-0.1178 1.0058 0.8643
-0.1194 0.9981 0.8077
-0.1333 -1.0053 0.9352
-0.1332 -1.0059 0.9615
-0.4945 -0.0258 -0.6817
-0.3965 0.0055 -0.7882
0.1172 -0.5700 1.1126
0.1212 -0.5030 1.1128
-0.9062 -0.1195 0.4943
-0.4845 0.0367 0.0623
-0.4622 0.2142 1.1484
-0.4555 0.2277 1.1886
0.9062 -0.1195 0.4943
0.9062 -0.1195 0.2091
0.0323 0.6687 1.0258
0.0100 0.6323 0.9995
-0.1644 -0.9216 1.0604
-0.1756 -0.9590 1.0593
-0.7321 -0.1195 -0.1891
-0.6517 -0.1195 -0.3557
0.2500 0.0449 -0.0115
0.2756 0.0436 -0.0235
0.1172 -0.5700 1.1126
0.0666 -0.5690 1.0828
0.0300 -0.8957 1.1073
0.0303 -0.8200 1.1209
0.2258 0.2389 0.6626
0.2314 0.1948 0.6005
-0.0326 0.6038 0.9968
0.0017 0.6033 0.9938
0.1812 0.1832 0.7183
0.1643 0.2047 0.6919
-0.5883 -0.2233 0.9142
-0.5964 -0.2291 0.9154
0.0371 -0.9740 0.8436
0.0422 -0.9571 0.8491
0.1720 0.3090 1.1309
0.2435 0.3431 1.0566
0.9375 -0.2758 -1.3494
0.9375 -0.9945 -1.3494
-0.1020 -0.9331 0.9916
-0.1331 -0.9215 0.9924
-0.1641 -0.9949 0.9886
-0.1758 -0.9640 0.9904
0.0660 -1.0066 0.9865
0.0349 -0.9950 0.9873
-0.5984 -0.2067 0.9468
-0.6030 -0.1891 0.9227
0.2897 0.0568 0.2095
0.2601 0.0520 0.2055
0.2708 0.1880 0.7257
0.2738 0.1487 0.6569
0.9375 -0.9945 0.5256
0.8125 -0.9945 0.5256
-0.0332 0.1250 0.9068
-0.0332 -0.0022 0.9459
0.0232 -0.9659 0.9627
0.0233 -0.9641 0.9891
0.5671 0.0055 -1.0148
0.3030 0.0055 -0.7443
-0.2069 -0.5047 1.2016
-0.1862 -0.5066 1.2881
0.0348 -0.9950 0.9610
0.0232 -0.9659 0.9627
-0.0668 -0.3790 1.1123
-0.0735 -0.4325 1.1119
0.1362 0.4445 0.8701
0.1585 0.4779 0.9588
0.2756 0.0436 -0.0235
0.2747 0.0536 -0.0105
0.0234 -0.9620 1.0196
0.0233 -0.9641 0.9891
0.9062 -0.1195 -1.3182
0.5671 0.0055 -1.0148
0.5294 -0.1195 -0.2933
0.5075 -0.1195 -0.0036
-0.1326 -0.7516 1.0975
-0.1326 -0.8181 1.1004
-0.0321 0.3041 1.1767
-0.0322 0.4062 1.1434
0.2648 0.0730 0.1264
0.2309 0.0714 0.1213
0.0347 -0.9217 1.0591
0.0663 -0.9079 1.0581
-0.0676 0.5805 0.8575
-0.0765 0.6047 0.8344
0.0274 -0.7562 1.2466
0.0244 -0.7056 1.2542
-0.1022 -0.9950 0.9619
-0.1332 -1.0059 0.9615
-0.1334 -1.0046 0.9049
-0.1336 -1.0027 0.8701
-0.1325 -0.7006 1.0938
-0.0897 -0.7014 1.1190
-0.1759 -0.9658 0.9640
-0.1642 -0.9366 0.9655
-0.0822 0.9863 0.7344
-0.1031 0.9609 0.6830
-0.0319 -0.0538 1.2876
-0.1360 -0.0548 1.2814
0.3805 -0.1195 0.4943
0.6236 -0.1195 0.4943
0.1568 -0.3107 1.2026
0.1589 -0.2420 1.1826
0.0369 -0.9952 1.1667
0.0239 -0.9553 1.1701
-0.1360 -0.0548 1.2814
-0.1303 -0.1402 1.3077
0.0080 -0.4326 1.1114
0.0123 -0.5030 1.1136
0.1699 0.3254 0.9691
0.1506 0.2739 0.9282
-0.2032 -0.1475 1.2626
-0.1984 -0.2256 1.2878
0.0233 -0.9641 0.9891
0.0350 -0.9332 0.9907
-0.5903 -0.1808 0.9821
-0.5827 -0.1561 1.0142
0.0303 -0.8200 1.1209
0.0173 -0.8218 1.1794
0.1251 -0.1195 0.2907
-0.0791 -0.1195 0.0640
0.0221 -0.6655 1.2602
0.0049 -0.6633 1.1886
0.1610 0.8244 0.8796
0.1342 0.8426 0.9889
-0.0923 -0.7561 1.2474
-0.0892 -0.7055 1.2549
0.0516 0.5593 0.9352
0.0358 0.5920 0.9258
0.0239 -0.7015 1.1182
0.0215 -0.6612 1.1167
-0.0386 -0.1195 0.4943
0.1251 -0.1195 0.2907
-0.0753 0.6324 1.0001
-0.0326 0.6326 1.0016
0.1030 0.9837 0.8193
0.0854 0.9970 0.9004
0.2355 0.0490 0.0274
0.2235 0.0537 0.0724
-0.2744 0.1305 -0.1529
-0.4845 0.0367 0.0623
0.1118 -0.6612 1.1161
0.1141 -0.6209 1.1146
-0.1316 -0.5073 1.3202
-0.1317 -0.5756 1.3048
-0.1756 -0.9619 1.0208
-0.1758 -0.9640 0.9904
0.1577 0.3016 0.9344
0.1729 0.2444 0.8277
-0.2223 0.4156 1.1176
-0.2232 0.3265 1.1327
0.1259 0.0367 0.0345
0.0007 0.0055 -0.0241
-0.2086 0.3583 0.8588
-0.2113 0.2785 0.9219
0.1438 0.7146 0.9097
0.1610 0.8244 0.8796
0.2046 0.0494 0.1203
0.2057 0.0499 0.1023
0.0346 -0.9952 0.9044
0.0347 -0.9951 0.9347
-0.1289 -0.3318 1.0618
-0.1287 -0.2648 1.0374
-0.1324 0.7912 0.6818
-0.0338 0.7876 0.6596
-0.2414 0.3405 0.9151
-0.2338 0.3292 0.9752
-0.1061 0.5686 0.9906
-0.1543 0.5281 1.0138
0.1194 0.7313 1.0105
0.1342 0.8426 0.9889
0.2775 0.0916 0.5646
0.2756 0.1242 0.6133
0.0359 -0.9498 0.8724
0.0247 -0.9721 0.8708
0.2908 0.1442 0.5941
0.2895 0.1700 0.6359
-0.0320 0.0499 1.2549
-0.0320 0.1770 1.2158
-0.1904 -0.4347 1.2994
-0.1315 -0.4351 1.3341
0.2657 0.3714 0.8804
0.2686 0.3020 0.7798
-0.3139 0.0992 -0.4445
-0.3829 -0.1195 -0.3352
-0.1194 0.9981 0.8077
-0.0750 1.0014 0.8019
0.6863 -0.1195 -0.0200
0.5075 -0.1195 -0.0036
-0.3226 0.2168 1.0625
-0.3535 0.2264 1.0354
-0.2781 0.3357 1.0956
-0.3207 0.3717 1.1093
-0.1319 -0.7568 1.2713
-0.1717 -0.7561 1.2479
-0.2349 -0.1195 -1.3182
-0.0118 -0.1195 -1.0869
0.2309 0.0469 0.1260
0.2046 0.0494 0.1203
0.1327 -0.2958 1.3041
0.1301 -0.3646 1.3104
0.1088 -0.9620 1.0190
0.1087 -0.9641 0.9885
0.9062 -0.1195 -0.4833
0.6863 -0.1195 -0.0200
-0.1019 -0.9290 1.0222
-0.1020 -0.9331 0.9916
-0.4964 0.0129 1.2447
-0.5233 -0.0545 1.1518
-0.1314 -0.1896 1.0114
-0.0331 -0.1905 1.0048
-0.1325 -0.7006 1.0938
-0.1325 -0.6603 1.0908
-0.9375 -0.2758 0.5256
-0.9375 -0.9945 0.5256
0.0666 -0.5023 1.0808
0.0666 -0.5690 1.0828
-0.3207 0.3717 1.1093
-0.2795 0.3915 1.0925
-0.5541 -0.0833 0.9890
-0.5461 -0.1014 1.0315
-0.4993 0.0612 1.1773
-0.5263 -0.0114 1.0902
-0.1722 -0.7523 1.1215
-0.1752 -0.7014 1.1195
-0.0844 -0.6254 1.2669
-0.1317 -0.6262 1.2955
0.1547 0.0411 1.2022
0.1823 0.0238 1.0990
0.0984 0.6512 0.9203
0.1438 0.7146 0.9097
0.0654 -0.9747 0.8338
0.0371 -0.9740 0.8436
0.8125 -0.2758 -1.3494
0.8125 -0.9945 -1.3494
-0.2349 -0.1195 -1.3182
-0.1548 0.0055 -1.0509
-0.1066 0.5503 0.8817
-0.1174 0.5594 0.9363
0.3373 0.0367 -0.1964
0.5294 -0.1195 -0.2933
-0.9375 -0.0883 -1.3494
-0.9375 -0.2133 -1.3494
-0.1203 0.9532 0.9798
-0.1003 1.0018 0.9284
-0.2015 -0.5722 1.1949
-0.1974 -0.6230 1.1921
0.0348 -0.9402 0.9378
0.0658 -0.9300 0.9381
0.2872 0.2774 0.8116
0.2875 0.2114 0.7021
0.2109 0.3799 0.8604
0.2200 0.3091 0.7639
-0.9062 -0.1195 -0.2555
-0.7321 -0.1195 -0.1891
-0.1911 -0.4324 1.1126
-0.1868 -0.5029 1.1148
0.2930 0.0695 0.1305
0.2648 0.0730 0.1264
-0.5461 -0.1014 1.0315
-0.5190 -0.0336 1.1200
0.0198 -0.6254 1.2662
0.0673 -0.6263 1.2942
-0.4993 0.0612 1.1773
-0.4701 0.0841 1.2407
-0.1722 -0.7523 1.1215
-0.1869 -0.7542 1.1848
0.0743 -0.0011 0.9516
0.0710 -0.1045 0.9838
0.2200 0.3091 0.7639
0.2258 0.2389 0.6626
0.0230 -0.9697 0.9059
0.0247 -0.9721 0.8708
0.0351 -0.9291 1.0213
0.0661 -0.9168 1.0218
-0.1053 -0.9739 0.8445
-0.1104 -0.9902 0.8483
0.0713 0.1303 0.9235
0.0673 0.2605 0.8901
-0.1688 -0.8199 1.1222
-0.1817 -0.8217 1.1807
-0.1329 -1.0080 1.0565
-0.1330 -1.0071 1.0181
0.0670 -0.3627 1.3481
0.0642 -0.2915 1.3466
-0.1324 0.7912 0.6818
-0.1245 0.9003 0.6620
-0.1691 -0.8956 1.1086
-0.1327 -0.8791 1.0906
-0.0326 0.6326 1.0016
0.0100 0.6323 0.9995
-0.1331 -1.0065 0.9878
-0.1641 -0.9949 0.9886
-0.1303 -0.1402 1.3077
-0.2032 -0.1475 1.2626
0.9062 -0.1195 -0.0401
0.6863 -0.1195 -0.0200
0.2756 0.1242 0.6133
0.2908 0.1442 0.5941
0.1255 -0.4326 1.1105
0.1294 -0.3776 1.1137
0.0668 -0.9950 1.2151
0.0435 -0.9885 1.2075
0.6236 -0.1195 0.4943
0.6447 -0.1195 0.3211
-0.1775 -0.6611 1.1180
-0.1325 -0.6603 1.0908
-0.1021 -0.9366 0.9651
-0.1332 -0.9257 0.9659
0.2897 0.0791 0.2052
0.2930 0.0695 0.1305
0.3502 0.0367 0.0107
0.3638 -0.1195 0.2279
0.1319 -0.3256 1.1013
0.1336 -0.2582 1.0798
0.0435 -0.9885 1.2075
0.0369 -0.9952 1.1667
0.1063 -0.7524 1.1197
0.1215 -0.7543 1.1828
-0.2131 -0.0622 1.2364
-0.2032 -0.1475 1.2626
-0.1019 -0.9290 1.0222
-0.1329 -0.9167 1.0231
0.0096 0.5725 1.0137
0.0408 0.5685 0.9897
0.8125 -0.2758 0.4006
0.8125 -0.2758 0.5256
0.8750 -0.0883 -1.3494
0.8750 -0.0883 0.5256
0.0346 -0.9952 0.9044
0.0358 -0.9944 0.8700
0.0968 -0.9403 0.9374
0.1085 -0.9677 0.9358
-0.1862 -0.5066 1.2881
-0.1316 -0.5073 1.3202
-0.0324 0.7363 1.0408
-0.0324 0.8478 1.0205
0.1560 0.3688 0.9225
0.1699 0.3254 0.9691
0.0087 1.0014 0.8014
0.0153 1.0089 0.8696
0.1456 0.9308 0.8440
0.1610 0.8244 0.8796
0.0198 -0.6254 1.2662
0.0017 -0.6231 1.1908
-0.2215 -0.3105 1.2050
-0.2179 -0.3709 1.2143
-0.1103 -0.9570 0.8501
-0.1038 -0.9497 0.8733
-0.1367 0.3199 1.1680
-0.1363 0.1880 1.2111
-0.0326 0.6326 1.0016
-0.0326 0.6038 0.9968
-0.0828 0.0992 -0.8109
0.3030 0.0055 -0.7443
-0.5805 -0.1888 0.9893
-0.5726 -0.1642 1.0214
-0.4701 0.0841 1.2407
-0.4842 0.0849 1.2208
-0.2179 -0.3709 1.2143
-0.1941 -0.3644 1.3125
-0.0779 -0.5030 1.1142
-0.0819 -0.5699 1.1139
-0.5718 -0.1171 1.0670
-0.5827 -0.1561 1.0142
-0.3535 0.2264 1.0354
-0.3913 0.2580 1.0464
-0.4351 0.0888 1.2295
-0.4407 0.0775 1.1960
-0.0819 -0.5699 1.1139
-0.1325 -0.5689 1.0841
0.2945 0.0392 0.0016
0.2994 0.0455 -0.0062
-0.1326 -0.8181 1.1004
-0.1327 -0.8791 1.0906
-0.1640 -0.9948 1.0190
-0.1330 -1.0071 1.0181
-0.2072 0.4344 0.8584
-0.2086 0.3583 0.8588
0.0422 -0.9571 0.8491
0.0359 -0.9498 0.8724
0.0887 -0.9571 0.8488
0.0953 -0.9498 0.8720
0.2524 0.1019 0.3284
0.2194 0.0956 0.3250
-0.1363 0.4147 1.1327
-0.2223 0.4156 1.1176
-0.2041 0.8037 0.7565
-0.1905 0.9116 0.7301
0.2076 0.1141 0.4579
0.1940 0.0944 0.4603
0.1825 0.2650 1.0364
0.2078 0.3166 1.0235
-0.1021 -0.9366 0.9651
-0.0905 -0.9658 0.9634
-0.1905 0.9116 0.7301
-0.1245 0.9003 0.6620
-0.1363 0.1880 1.2111
-0.1394 0.0489 1.2491
-0.0961 -0.8956 1.1082
-0.0867 -0.8941 1.1747
-0.1509 0.5002 0.8680
-0.0999 0.4968 0.8395
-0.1337 -0.9939 0.8436
-0.1336 -1.0027 0.8701
-0.0734 -0.7035 1.1868
-0.0892 -0.7055 1.2549
0.1532 -0.3711 1.2119
0.1294 -0.3776 1.1137
-0.2981 0.2947 0.9640
-0.3535 0.2264 1.0354
0.1029 -0.8235 1.2363
0.1163 -0.8219 1.1787
0.9062 -0.1195 -1.3182
0.2511 -0.1195 -1.1531
-0.1484 0.6368 0.8352
-0.1000 0.6288 0.7868
-0.0318 -0.2199 1.3379
-0.1276 -0.2194 1.3326
-0.2041 0.8037 0.7565
-0.2269 0.8246 0.8821
-0.6024 -0.2215 0.9176
-0.5984 -0.2067 0.9468
-0.5607 -0.1402 0.9818
-0.5635 -0.1180 0.9489
-0.1620 -0.9739 0.8449
-0.1744 -0.9720 0.8721
0.0659 -0.9258 0.9646
0.0660 -0.9216 0.9912
-0.2744 0.1305 -0.1529
-0.0791 -0.1195 0.0640
0.9375 -0.0883 0.5256
0.9375 -0.2133 0.5256
0.0820 0.6367 0.8337
0.0984 0.6512 0.9203
0.1787 0.1529 1.0693
0.1581 0.1726 1.1691
0.0300 -0.8957 1.1073
0.0228 -0.9556 1.1085
0.0658 -1.0054 0.9339
0.0347 -0.9951 0.9347
-0.5813 -0.0886 0.9401
-0.5869 -0.0987 0.9278
0.0650 0.7911 0.6805
0.1372 0.8035 0.7543
-0.9062 -0.1195 -0.5525
-0.4326 -0.1195 -0.8666
0.1322 -0.6232 1.1899
0.1147 -0.6255 1.2656
0.0972 -0.9291 1.0209
0.1088 -0.9620 1.0190
0.2875 0.2114 0.7021
0.2706 0.2329 0.6757
0.9062 -0.1195 -1.3182
-0.2349 -0.1195 -1.3182
0.0354 -0.9954 1.1067
0.0352 -0.9949 1.0561
0.0244 -0.7056 1.2542
0.0221 -0.6655 1.2602
0.5294 -0.1195 -0.2933
0.4986 -0.1195 -0.5315
0.0270 0.5999 0.9732
0.0017 0.6033 0.9938
0.0269 -0.7524 1.1202
0.0239 -0.7015 1.1182
0.1220 0.6954 0.7951
0.0562 0.6843 0.7284
0.1539 0.0064 0.9962
0.1481 -0.0971 1.0280
-0.0318 -0.2199 1.3379
0.0639 -0.2195 1.3314
-0.0776 -0.7542 1.1841
-0.0734 -0.7035 1.1868
0.2323 0.0648 0.0811
0.2235 0.0537 0.0724
-0.0319 -0.3067 1.3322
0.0642 -0.2915 1.3466
0.0350 -0.9332 0.9907
0.0660 -0.9216 0.9912
0.2706 0.2329 0.6757
0.2686 0.3020 0.7798
0.2235 0.0537 0.0724
0.2323 0.0449 0.0849
0.2648 0.0730 0.1264
0.2601 0.0829 0.1996
0.0081 -0.7035 1.1863
0.0049 -0.6633 1.1886
-0.2524 0.2987 1.0499
-0.2623 0.2832 0.9961
0.0968 -0.9951 0.9343
0.1085 -0.9677 0.9358
-0.2623 0.2832 0.9961
-0.2981 0.2947 0.9640
0.1908 0.0550 0.1276
0.1890 0.0532 0.1173
-0.0338 0.7876 0.6596
0.0650 0.7911 0.6805
0.2071 0.0803 0.3279
0.1940 0.0944 0.4603
-0.1691 0.9838 0.8211
-0.1537 0.9688 0.7318
-0.2338 0.3292 0.9752
-0.2520 0.3516 1.0487
0.2244 0.0543 0.1875
0.2128 0.0674 0.2020
0.0350 1.0017 0.9275
0.0553 0.9531 0.9787
-0.5196 0.0728 1.1688
-0.4842 0.0849 1.2208
-0.0321 0.3041 1.1767
0.0824 0.3091 1.1744
-0.4276 0.2189 1.2124
-0.3930 0.1901 1.2024
-0.1325 -0.6603 1.0908
-0.1325 -0.6199 1.0878
-0.5541 -0.0833 0.9890
-0.5263 -0.0114 1.0902
0.0168 -0.5748 1.2738
0.0198 -0.6254 1.2662
-0.1071 0.6287 0.9783
-0.0924 0.6000 0.9740
-0.3930 0.1901 1.2024
-0.3714 0.1594 1.1685
0.1945 0.1196 0.6065
0.1792 0.1380 0.5849
-0.5541 -0.0507 1.1589
-0.5718 -0.1171 1.0670
-0.1020 -0.9948 1.0186
-0.1330 -1.0071 1.0181
-0.1317 -0.5756 1.3048
-0.1317 -0.6262 1.2955
-0.3113 0.4349 1.0152
-0.3034 0.4251 1.0741
-0.0873 -0.6611 1.1174
-0.0849 -0.6208 1.1158
-0.2032 -0.1475 1.2626
-0.2293 -0.1648 1.1597
0.2686 0.3020 0.7798
0.2200 0.3091 0.7639
0.1266 0.0367 -0.1814
0.0446 0.0055 -0.1756
0.1301 -0.3646 1.3104
0.0670 -0.3627 1.3481
-0.5718 -0.1171 1.0670
-0.5599 -0.1258 1.0744
-0.1829 -0.5698 1.1145
-0.1799 -0.6207 1.1165
-0.2111 0.1881 1.1724
-0.1363 0.1880 1.2111
-0.5883 -0.2233 0.9142
-0.5888 -0.2136 0.8901
0.1892 0.1848 0.6055
0.1734 0.1635 0.6264
-0.0897 -0.7014 1.1190
-0.0734 -0.7035 1.1868
0.0354 -0.9954 1.1067
0.0228 -0.9556 1.1085
-0.5672 -0.0903 0.9367
-0.5719 -0.0865 0.9185
0.0970 -0.9367 0.9638
0.0971 -0.9332 0.9903
0.0408 0.5685 0.9897
0.0516 0.5593 0.9352
0.8125 -0.9945 0.4006
0.8125 -0.9945 0.5256
0.1729 0.2444 0.8277
0.2215 0.2376 0.8441
0.0655 -1.0028 0.8688
0.0656 -1.0047 0.9036
-0.5888 -0.2136 0.8901
-0.5782 -0.1922 0.9167
0.1256 -0.7036 1.1856
0.1289 -0.6634 1.1878
-0.0753 0.6324 1.0001
-0.0973 0.6688 1.0266
-0.0868 -0.6654 1.2609
-0.1318 -0.6662 1.2881
0.0531 0.9980 0.8066
0.0087 1.0014 0.8014
0.2804 0.0760 0.4733
0.2850 0.0663 0.3393
-0.2128 -0.4336 1.2062
-0.1911 -0.4324 1.1126
-0.2198 0.0066 0.9986
-0.2139 -0.0969 1.0304
0.0351 -0.9291 1.0213
0.0350 -0.9332 0.9907
0.0666 -0.4321 1.0760
0.0666 -0.5023 1.0808
0.9375 -0.0883 0.5256
0.8750 -0.0883 0.5256
0.1787 0.1529 1.0693
0.1825 0.2650 1.0364
-0.4923 0.0825 1.2969
-0.5148 0.0829 1.2980
0.1194 0.7313 1.0105
0.0545 0.7366 1.0425
-0.2069 -0.5047 1.2016
-0.1868 -0.5029 1.1148
-0.1680 -0.8234 1.2380
-0.1817 -0.8217 1.1807
-0.1975 -0.3254 1.1034
-0.1948 -0.3774 1.1158
-0.2981 0.2947 0.9640
-0.3413 0.3309 0.9770
-0.1326 -0.7516 1.0975
-0.0927 -0.7523 1.1210
-0.2113 0.2785 0.9219
-0.1292 0.2627 0.8784
-0.1327 -1.0093 1.1070
-0.1324 -1.0088 1.1678
0.0404 0.5502 0.8808
0.0516 0.5593 0.9352
0.1837 0.0583 0.1157
0.1890 0.0532 0.1173
-0.0321 0.3041 1.1767
-0.1367 0.3199 1.1680
0.2440 0.1220 0.4604
0.2076 0.1141 0.4579
0.2349 0.1674 0.5613
0.2755 0.1625 0.5722
0.2351 0.1147 0.6176
0.2316 0.1387 0.6618
0.0096 0.5725 1.0137
0.0017 0.6033 0.9938
0.0325 0.5003 0.8466
0.0554 0.4394 0.8408
-0.0511 -0.4337 1.2052
-0.0571 -0.5048 1.2007
-0.0904 -0.9640 0.9898
-0.1020 -0.9331 0.9916
-0.0326 0.5731 1.0174
0.0096 0.5725 1.0137
-0.1862 0.9479 0.9480
-0.1203 0.9532 0.9798
-0.0333 0.4974 0.8382
0.0325 0.5003 0.8466
0.0673 0.2605 0.8901
0.0637 0.3607 0.8540
-0.0701 -0.6633 1.1890
-0.0868 -0.6654 1.2609
0.2077 0.0750 0.4657
0.2440 0.0682 0.4710
-0.0334 0.4343 0.8270
0.0554 0.4394 0.8408
0.0347 -0.9217 1.0591
0.0234 -0.9591 1.0580
0.9375 -0.2758 0.4006
0.8125 -0.2758 0.4006
0.0666 -1.0089 1.1666
0.0668 -0.9950 1.2151
0.8125 -0.2758 -1.3494
0.8125 -0.2758 -1.2244
0.1064 -0.9722 0.8703
0.1083 -0.9698 0.9053
-0.1287 -0.2648 1.0374
-0.0330 -0.2658 1.0324
-0.2113 0.2785 0.9219
-0.2063 0.1482 0.9710
0.9062 -0.1195 -1.1212
0.7145 0.0055 -1.0611
0.1365 0.3319 0.8976
0.1541 0.2694 0.7967
-0.5390 0.0664 1.1860
-0.5196 0.0728 1.1688
-0.2781 0.3357 1.0956
-0.2520 0.3516 1.0487
0.0659 -1.0060 0.9602
0.0660 -1.0066 0.9865
0.9375 -0.2133 -1.3494
-0.9375 -0.2133 -1.3494
-0.0319 -0.0538 1.2876
0.0721 -0.0549 1.2800
-0.1193 0.7367 1.0436
-0.0324 0.7363 1.0408
0.0970 -0.9367 0.9638
0.0659 -0.9258 0.9646
-0.1317 -0.3798 1.0777
-0.1325 -0.4320 1.0773
0.2452 0.0582 0.0282
0.2540 0.0526 -0.0054
0.3805 -0.1195 0.4943
-0.0386 -0.1195 0.4943
0.1716 0.2964 0.7695
0.1811 0.2281 0.6683
-0.1277 0.8483 1.0241
-0.0324 0.8478 1.0205
0.2452 0.0582 0.0282
0.2719 0.0616 0.0296
-0.0753 0.6324 1.0001
-0.0670 0.6034 0.9943
0.2355 0.0490 0.0274
0.2500 0.0449 -0.0115
-0.0867 -0.8941 1.1747
-0.0896 -0.9553 1.1709
0.3708 -0.1195 0.3387
0.6447 -0.1195 0.3211
-0.3714 0.1594 1.1685
-0.3781 0.1459 1.1283
0.1921 0.0528 0.1073
0.1890 0.0532 0.1173
0.1577 0.3016 0.9344
0.2122 0.2933 0.9551
-0.1941 -0.3644 1.3125
-0.1307 -0.3626 1.3494
0.3150 -0.1195 -0.5531
0.5742 0.0055 -0.6270
0.1383 -0.1824 1.0543
0.1644 -0.1651 1.1572
-0.0326 0.5731 1.0174
-0.0748 0.5726 1.0142
-0.1645 -0.9951 0.9057
-0.1633 -0.9943 0.8712
0.1890 0.0636 0.1153
0.2046 0.0678 0.1167
0.0967 -0.9443 0.9068
0.0968 -0.9403 0.9374
-0.2414 0.3405 0.9151
-0.2623 0.2832 0.9961
-0.1862 0.9479 0.9480
-0.1509 0.9971 0.9019
-0.0765 0.6047 0.8344
-0.1000 0.6288 0.7868
-0.1023 -0.9556 1.2208
-0.1321 -0.9568 1.2388
-0.2232 0.3265 1.1327
-0.2795 0.3915 1.0925
-0.0334 0.3547 0.8381
0.0637 0.3607 0.8540
-0.0320 0.0499 1.2549
-0.1394 0.0489 1.2491
0.2850 0.0663 0.3393
0.2525 0.0601 0.3366
0.2875 0.2114 0.7021
0.2895 0.1700 0.6359
-0.1770 -0.6654 1.2615
-0.1942 -0.6632 1.1898
-0.5922 -0.1665 0.8851
-0.5985 -0.1959 0.8689
-0.0325 0.6687 1.0260
0.0323 0.6687 1.0258
0.6863 -0.1195 -0.0200
0.6447 -0.1195 0.3211
-0.1018 -0.9948 1.0570
-0.1329 -1.0080 1.0565
-0.0327 1.0018 0.9275
0.0350 1.0017 0.9275
-0.5599 -0.1258 1.0744
-0.5490 -0.1200 1.0615
0.1327 -0.2958 1.3041
0.1568 -0.3107 1.2026
-0.0772 -0.5066 1.2874
-0.0571 -0.5048 1.2007
0.0267 0.5840 0.8782
0.0404 0.5502 0.8808
0.0239 -0.9553 1.1701
0.0370 -0.9557 1.2199
0.0100 0.6047 0.8338
0.0331 0.6287 0.7859
-0.3564 0.3841 1.0774
-0.4061 0.3059 1.1308
-0.1642 -0.9949 0.9623
-0.1759 -0.9658 0.9640
-0.5719 -0.0865 0.9185
-0.5763 -0.0833 0.9184
0.0656 -1.0047 0.9036
0.0967 -0.9952 0.9040
-0.2232 0.3265 1.1327
-0.2111 0.1881 1.1724
-0.0907 -0.9697 0.9066
-0.0927 -0.9721 0.8716
0.1995 0.1290 0.5337
0.1849 0.1086 0.5441
0.0666 -0.5023 1.0808
0.0123 -0.5030 1.1136
0.9375 -0.2758 -1.2244
0.9375 -0.9945 -1.2244
0.0358 0.5920 0.9258
0.0270 0.5999 0.9732
-0.5541 -0.0833 0.9890
-0.5635 -0.1180 0.9489
0.0231 -0.9677 0.9363
0.0348 -0.9402 0.9378
-0.5763 -0.0833 0.9184
-0.5810 -0.0853 0.9207
0.1547 0.0411 1.2022
0.1581 0.1726 1.1691
0.9375 -0.0883 -1.2869
0.9375 -0.2133 -1.2869
0.0984 0.6512 0.9203
0.0806 0.6642 0.9987
-0.4744 0.0831 1.2723
-0.4923 0.0825 1.2969
-0.3139 0.0992 -0.4445
-0.1532 0.1305 -0.5689
-0.1066 0.5503 0.8817
-0.1509 0.5002 0.8680
0.0673 0.4839 1.1015
0.0376 0.5356 1.0549
-0.0332 0.5456 0.8540
-0.0754 0.5462 0.8577
0.2719 0.0373 0.0342
0.2678 0.0420 0.0854
0.2872 0.2774 0.8116
0.2686 0.3020 0.7798
0.0417 0.6286 0.9774
0.0100 0.6323 0.9995
0.2524 0.1019 0.3284
0.2440 0.1220 0.4604
0.2031 0.0676 0.1365
0.2015 0.0614 0.1451
0.1792 0.1380 0.5849
0.1734 0.1635 0.6264
-0.0828 0.0992 -0.8109
-0.4945 -0.0258 -0.6817
-0.1887 0.6956 0.7971
-0.1235 0.6844 0.7296
-0.5930 -0.1359 0.9257
-0.5874 -0.1083 0.9152
0.1063 -0.7524 1.1197
0.1094 -0.7015 1.1177
-0.0024 -0.5723 1.1936
0.0017 -0.6231 1.1908
-0.0334 0.9859 0.7291
-0.0822 0.9863 0.7344
-0.1760 -0.9676 0.9376
-0.1759 -0.9658 0.9640
0.1532 -0.3711 1.2119
0.1568 -0.3107 1.2026
-0.1188 0.6194 0.9225
-0.1016 0.5920 0.9267
-0.5631 -0.0653 0.9941
-0.5420 -0.0006 1.0828
-0.5772 -0.0804 0.9946
-0.5572 -0.0074 1.0968
0.2601 0.0520 0.2055
0.2525 0.0601 0.3366
-0.1643 -0.9401 0.9390
-0.1642 -0.9366 0.9655
0.2708 0.1880 0.7257
0.2875 0.2114 0.7021
0.0162 -0.5699 1.1132
0.0123 -0.5030 1.1136
0.0964 -0.9953 1.1663
0.0975 -0.9955 1.1063
-0.0660 -0.3668 1.3139
-0.1307 -0.3626 1.3494
0.2128 0.0674 0.2020
0.2071 0.0803 0.3279
-0.0332 -0.0022 0.9459
0.0743 -0.0011 0.9516
0.1030 -0.8957 1.1069
0.0664 -0.8792 1.0893
0.0351 -0.9291 1.0213
0.0234 -0.9620 1.0196
-0.5802 -0.0959 0.9024
-0.5844 -0.0961 0.9069
-0.8125 -0.2758 0.5256
-0.9375 -0.2758 0.5256
0.0012 0.5804 0.8571
0.0100 0.6047 0.8338
0.9375 -0.9945 0.4006
0.8125 -0.9945 0.4006
0.8125 -0.9945 -1.3494
0.8125 -0.9945 -1.2244
-0.2086 0.3583 0.8588
-0.1293 0.3580 0.8417
-0.4305 0.1434 1.2383
-0.4624 0.1698 1.2485
0.0668 0.0055 -0.5024
-0.0824 0.0055 -0.3496
0.1506 0.2739 0.9282
0.1825 0.2650 1.0364
-0.1868 -0.5029 1.1148
-0.1325 -0.5022 1.0821
-0.1569 -0.9570 0.8504
-0.1632 -0.9497 0.8737
-0.0331 -0.1905 1.0048
-0.0330 -0.2658 1.0324
-0.0319 -0.3067 1.3322
-0.0318 -0.2199 1.3379
-0.4276 0.2189 1.2124
-0.4555 0.2277 1.1886
-0.9375 -0.0883 0.5256
0.9375 -0.0883 0.5256
-0.9375 -0.0883 -1.2869
-0.9375 -0.0883 -1.3494
-0.1406 -0.0010 0.9530
-0.0332 -0.0022 0.9459
-0.5451 0.0432 1.2217
-0.5245 0.0846 1.2465
-0.2215 -0.3105 1.2050
-0.1975 -0.3254 1.1034
0.3502 0.0367 0.0107
0.3373 0.0367 -0.1964
-0.0961 -0.8956 1.1082
-0.1327 -0.8791 1.0906
-0.2179 -0.3709 1.2143
-0.1948 -0.3774 1.1158
-0.1779 -0.8941 1.1753
-0.1752 -0.9552 1.1714
-0.1288 0.4848 1.0925
-0.2171 0.4774 1.0578
0.2958 0.0644 0.0837
0.2678 0.0677 0.0804
-0.0995 -0.8954 1.2284
-0.1023 -0.9556 1.2208
-0.1648 -0.8953 1.2288
-0.1321 -0.8959 1.2481
-0.2072 0.4344 0.8584
-0.2658 0.3731 0.8988
0.1995 0.1290 0.5337
0.1943 0.1580 0.5657
0.0446 0.0055 -0.1756
-0.0824 0.0055 -0.3496
-0.9062 -0.1195 0.4943
-0.3328 -0.1195 0.4943
-0.1756 -0.9590 1.0593
-0.1756 -0.9619 1.0208
-0.1967 -0.2957 1.3063
-0.1984 -0.2256 1.2878
0.1823 0.0238 1.0990
0.1756 -0.0798 1.1309
-0.0328 -0.3405 1.0824
0.0013 -0.3791 1.1118
-0.0323 0.4815 1.1068
0.0673 0.4839 1.1015
-0.3113 0.4349 1.0152
-0.3669 0.3684 1.0227
-0.1021 -0.9366 0.9651
-0.1020 -0.9331 0.9916
-0.1332 -0.9257 0.9659
-0.1331 -0.9215 0.9924
0.1266 0.0367 -0.1814
0.1259 0.0367 0.0345
-0.0323 -0.3479 1.2133
-0.0204 -0.3751 1.2130
-0.1887 0.6956 0.7971
-0.2041 0.8037 0.7565
-0.0961 -0.8956 1.1082
-0.0890 -0.9556 1.1092
-0.1643 -0.9950 0.9360
-0.1642 -0.9949 0.9623
-0.2406 -0.0796 1.1336
-0.2293 -0.1648 1.1597
0.0668 0.0055 -0.5024
0.0446 0.0055 -0.1756
-0.1974 -0.6230 1.1921
-0.1793 -0.6253 1.2675
0.1479 -0.4338 1.2038
0.1532 -0.3711 1.2119
-0.9375 -0.2758 -1.3494
-0.9375 -0.2758 -1.2244
-0.1569 -0.9902 0.8486
-0.1633 -0.9943 0.8712
-0.3146 0.2313 1.1081
-0.3714 0.1594 1.1685
-0.5810 -0.0853 0.9207
-0.5835 -0.0889 0.9117
-0.1992 -0.2580 1.0819
-0.1287 -0.2648 1.0374
0.0824 0.3091 1.1744
0.0778 0.4096 1.1404
-0.5245 0.0846 1.2465
-0.4945 0.1091 1.1879
0.2897 0.0568 0.2095
0.2930 0.0506 0.1341
-0.5785 -0.0861 0.9055
-0.5729 -0.0903 0.9091
0.0996 -0.8955 1.2271
0.0670 -0.8960 1.2468
0.0087 -0.4348 1.2982
0.0676 -0.4353 1.3328
-0.2139 -0.0969 1.0304
-0.2406 -0.0796 1.1336
0.9375 -0.2133 -1.2869
0.9375 -0.2133 -1.3494
0.9375 -0.2133 0.4631
-0.9375 -0.2133 0.4631
-0.5066 0.0852 1.2220
-0.4646 0.0848 1.1778
0.0300 -0.8957 1.1073
0.0211 -0.8942 1.1740
0.1787 0.1529 1.0693
0.1479 0.1388 0.9715
0.0352 -0.9949 1.0561
0.0662 -1.0081 1.0552
0.2452 0.0403 0.0316
0.2323 0.0449 0.0849
0.1172 -0.5700 1.1126
0.1141 -0.6209 1.1146
-0.1082 0.6096 0.8637
-0.1188 0.6194 0.9225
0.1336 -0.2582 1.0798
0.0628 -0.2649 1.0362
0.0408 0.5685 0.9897
0.0270 0.5999 0.9732
0.2719 0.0616 0.0296
0.2678 0.0677 0.0804
0.0371 -0.9740 0.8436
0.0247 -0.9721 0.8708
0.0901 -0.9885 1.2072
0.0668 -0.9950 1.2151
-0.4939 0.1660 1.1910
-0.4880 0.1781 1.2277
0.2978 0.0410 0.0370
0.2719 0.0373 0.0342
0.2194 0.0956 0.3250
0.2076 0.1141 0.4579
0.0087 -0.4348 1.2982
0.0129 -0.5067 1.2869
-0.2116 0.9309 0.8463
-0.1862 0.9479 0.9480
-0.0813 -0.5747 1.2744
-0.0844 -0.6254 1.2669
0.0655 -0.9541 0.8445
0.0656 -0.9415 0.8722
0.1364 -0.5724 1.1927
0.1322 -0.6232 1.1899
-0.3377 0.2644 1.1466
-0.3146 0.2313 1.1081
-0.1691 0.9838 0.8211
-0.1509 0.9971 0.9019
-0.0204 -0.3751 1.2130
-0.0137 -0.4337 1.2050
-0.0750 1.0014 0.8019
-0.0332 1.0018 0.8004
0.0267 0.5840 0.8782
0.0358 0.5920 0.9258
-0.1759 -0.9658 0.9640
-0.1758 -0.9640 0.9904
0.2031 0.0537 0.1391
0.2046 0.0494 0.1203
0.1294 -0.3776 1.1137
0.1319 -0.3256 1.1013
-0.5156 0.0062 1.2622
-0.5382 -0.0608 1.1668
-0.1637 -0.9953 1.1079
-0.1327 -1.0093 1.1070
-0.5930 -0.1359 0.9257
-0.5849 -0.1359 0.9079
0.0666 -1.0089 1.1666
0.0664 -1.0094 1.1057
-0.2139 -0.0969 1.0304
-0.1371 -0.1044 0.9851
-0.1823 -0.5747 1.2751
-0.1317 -0.5756 1.3048
-0.1360 -0.0548 1.2814
-0.2131 -0.0622 1.2364
-0.5805 -0.1888 0.9893
-0.5891 -0.2148 0.9533
-0.2113 0.2785 0.9219
-0.2380 0.2783 1.0394
0.0664 -0.8792 1.0893
0.0663 -0.9079 1.0581
-0.0323 0.4815 1.1068
-0.0324 0.5347 1.0598
-0.8125 -0.2758 -1.2244
-0.8125 -0.9945 -1.2244
-0.1325 -0.4320 1.0773
-0.1325 -0.5022 1.0821
-0.8125 -0.9945 0.5256
-0.9375 -0.9945 0.5256
0.0972 -0.9291 1.0209
0.0661 -0.9168 1.0218
0.9375 -0.2133 -1.3494
0.9375 -0.2758 -1.3494
-0.4945 0.1091 1.1879
-0.4646 0.0848 1.1778
0.1716 0.2964 0.7695
0.1541 0.2694 0.7967
0.1729 0.2444 0.8277
0.1812 0.1832 0.7183
0.0049 -0.6633 1.1886
0.0017 -0.6231 1.1908
0.1256 -0.7036 1.1856
0.1099 -0.7056 1.2536
0.0975 -0.9955 1.1063
0.0664 -1.0094 1.1057
0.0967 -0.9952 0.9040
0.0968 -0.9951 0.9343
-0.4106 0.1159 1.2070
-0.4166 0.1036 1.1707
0.2706 0.2329 0.6757
0.2736 0.1896 0.6122
0.2804 0.0760 0.4733
0.2940 0.0957 0.4710
0.0755 0.0488 1.2477
0.0721 -0.0549 1.2800
0.1266 0.0367 -0.1814
0.2080 -0.1195 -0.3421
-0.1967 -0.2957 1.3063
-0.2215 -0.3105 1.2050
0.3059 0.0552 0.0866
0.2958 0.0644 0.0837
0.0300 -0.8957 1.1073
0.0347 -0.9217 1.0591
-0.5715 -0.1832 0.9775
-0.5634 -0.1585 1.0095
-0.1319 -0.7568 1.2713
-0.1318 -0.7063 1.2807
-0.1327 -0.8791 1.0906
-0.1328 -0.9078 1.0594
-0.2069 -0.5047 1.2016
-0.2015 -0.5722 1.1949
-0.1325 -0.5022 1.0821
-0.0779 -0.5030 1.1142
-0.5490 -0.1200 1.0615
-0.5461 -0.1014 1.0315
0.0665 -0.1403 1.3064
0.0639 -0.2195 1.3314
-0.0324 0.5347 1.0598
0.0376 0.5356 1.0549
-0.1061 0.5686 0.9906
-0.1174 0.5594 0.9363
-0.1639 -0.9948 1.0574
-0.1640 -0.9948 1.0190
-0.1337 -0.9746 0.8351
-0.1337 -0.9939 0.8436
0.0404 0.5502 0.8808
0.0824 0.5066 0.8780
-0.0900 -0.9591 1.0588
-0.1012 -0.9217 1.0600
-0.1761 -0.9696 0.9071
-0.1644 -0.9442 0.9085
0.0545 0.7366 1.0425
0.0323 0.6687 1.0258
-0.1620 -0.9739 0.8449
-0.1569 -0.9902 0.8486
-0.0906 -0.9676 0.9370
-0.1022 -0.9402 0.9386
0.2194 0.0956 0.3250
0.2071 0.0803 0.3279
-0.1022 -0.9950 0.9619
-0.1021 -0.9949 0.9882
0.0239 -0.9553 1.1701
0.0211 -0.8942 1.1740
-0.3034 0.4251 1.0741
-0.3564 0.3841 1.0774
-0.1984 -0.2256 1.2878
-0.2237 -0.2418 1.1850
0.2323 0.0449 0.0849
0.2057 0.0499 0.1023
-0.1645 -0.9951 0.9057
-0.1643 -0.9950 0.9360
0.0952 -0.9945 0.8696
0.0967 -0.9952 0.9040
-0.2237 -0.2418 1.1850
-0.1992 -0.2580 1.0819
0.0666 -1.0089 1.1666
0.0369 -0.9952 1.1667
0.3502 0.0367 0.0107
0.1259 0.0367 0.0345
0.1943 0.1580 0.5657
0.1792 0.1380 0.5849
-0.9375 -0.2133 -1.2869
0.9375 -0.2133 -1.2869
0.9375 -0.2133 0.5256
0.8750 -0.2133 0.5256
0.0658 -0.9300 0.9381
0.0659 -0.9258 0.9646
-0.1203 0.9532 0.9798
-0.0325 0.9528 0.9771
0.1123 -0.6655 1.2596
0.1099 -0.7056 1.2536
-0.1869 -0.7542 1.1848
-0.1817 -0.8217 1.1807
-0.1278 -0.2914 1.3478
-0.1307 -0.3626 1.3494
-0.4538 0.1141 1.2595
-0.4305 0.1434 1.2383
0.1823 0.0238 1.0990
0.1787 0.1529 1.0693
0.2194 0.0651 0.3310
0.2525 0.0601 0.3366
0.0656 -1.0047 0.9036
0.0658 -1.0054 0.9339
-0.1314 -0.1896 1.0114
-0.1287 -0.2648 1.0374
0.0168 -0.5748 1.2738
-0.0024 -0.5723 1.1936
0.2355 0.0490 0.0274
0.2452 0.0403 0.0316
-0.0867 -0.8941 1.1747
-0.0995 -0.8954 1.2284
-0.2338 0.3292 0.9752
-0.2524 0.2987 1.0499
0.2122 0.2933 0.9551
0.2078 0.3166 1.0235
-0.0929 0.5840 0.8790
-0.1082 0.6096 0.8637
-0.5288 0.0838 1.2780
-0.5148 0.0829 1.2980
-0.1024 -0.9951 0.9053
-0.1334 -1.0046 0.9049
0.1068 -0.7562 1.2461
0.1099 -0.7056 1.2536
-0.0326 0.5731 1.0174
-0.0324 0.5347 1.0598
-0.1642 0.6513 0.9220
-0.1484 0.6368 0.8352
-0.2475 0.0240 1.1018
-0.2198 0.0066 0.9986
0.0670 -0.3627 1.3481
0.0676 -0.4353 1.3328
-0.3207 0.3717 1.1093
-0.3754 0.2961 1.1577
-0.1331 -1.0065 0.9878
-0.1021 -0.9949 0.9882
-0.1641 -0.9331 0.9920
-0.1331 -0.9215 0.9924
0.1262 -0.4349 1.2974
0.1301 -0.3646 1.3104
0.2540 0.0526 -0.0054
0.2747 0.0536 -0.0105
-0.1023 -0.9950 0.9356
-0.0906 -0.9676 0.9370
0.0012 0.5804 0.8571
0.0090 0.5462 0.8572
-0.1770 -0.6654 1.2615
-0.1793 -0.6253 1.2675
-0.5360 0.0178 1.2541
-0.5541 -0.0507 1.1589
-0.5631 -0.0653 0.9941
-0.5731 -0.0847 0.9424
-0.2131 -0.0622 1.2364
-0.2406 -0.0796 1.1336
0.2309 0.0714 0.1213
0.2046 0.0678 0.1167
0.8125 -0.2758 0.4006
0.8125 -0.9945 0.4006
0.1438 0.7146 0.9097
0.1194 0.7313 1.0105
-0.5731 -0.0847 0.9424
-0.5813 -0.0886 0.9401
-0.0892 -0.7055 1.2549
-0.1318 -0.7063 1.2807
-0.1984 -0.2256 1.2878
-0.1276 -0.2194 1.3326
0.8750 -0.0883 0.5256
0.8750 -0.2133 0.5256
0.1194 0.7313 1.0105
0.0806 0.6642 0.9987
0.0755 0.0488 1.2477
0.0793 0.1793 1.2125
0.1085 -0.9677 0.9358
0.1086 -0.9659 0.9622
-0.4738 0.1378 1.1600
-0.4420 0.1116 1.1501
0.0952 -0.9945 0.8696
0.1064 -0.9722 0.8703
0.1811 0.2281 0.6683
0.1643 0.2047 0.6919
0.0665 -0.6604 1.0895
0.0666 -0.6200 1.0865
0.0668 -0.9950 1.2151
0.0669 -0.9569 1.2375
0.9375 -0.0883 0.4631
0.9375 -0.2133 0.4631
0.2309 0.0469 0.1260
0.2648 0.0464 0.1315
-0.1203 0.9532 0.9798
-0.1277 0.8483 1.0241
0.1536 0.4778 1.0634
0.1585 0.4779 0.9588
-0.0332 0.5456 0.8540
-0.0332 0.5799 0.8540
-0.1862 -0.5066 1.2881
-0.1823 -0.5747 1.2751
0.2648 0.0464 0.1315
0.2601 0.0520 0.2055
-0.3146 0.2313 1.1081
-0.3226 0.2168 1.0625
0.0122 -0.7543 1.1835
0.0081 -0.7035 1.1863
0.1897 0.0571 0.1045
0.2051 0.0561 0.0947
0.1539 0.0064 0.9962
0.0743 -0.0011 0.9516
-0.1336 -0.9540 0.8458
-0.1103 -0.9570 0.8501
0.1561 0.3646 0.8662
0.2109 0.3799 0.8604
0.1996 0.0891 0.5571
0.1849 0.1086 0.5441
-0.0828 0.0992 -0.8109
-0.3139 0.0992 -0.4445
0.0100 0.6323 0.9995
0.0017 0.6033 0.9938
-0.3413 0.3309 0.9770
-0.3669 0.3684 1.0227
-0.1328 -0.9078 1.0594
-0.1644 -0.9216 1.0604
-0.0334 0.9859 0.7291
-0.0332 1.0018 0.8004
-0.0734 -0.7035 1.1868
-0.0701 -0.6633 1.1890
0.1178 -0.5748 1.2731
0.1147 -0.6255 1.2656
-0.0903 -0.9619 1.0203
-0.0904 -0.9640 0.9898
0.0968 -0.9557 1.2195
0.1095 -0.9554 1.1696
-0.0324 0.7363 1.0408
0.0545 0.7366 1.0425
0.1319 -0.3256 1.1013
0.0631 -0.3319 1.0605
-0.5964 -0.2291 0.9154
-0.5999 -0.2203 0.8822
-0.0748 0.5726 1.0142
-0.0670 0.6034 0.9943
-0.5382 -0.0608 1.1668
-0.5599 -0.1258 1.0744
-0.0892 -0.7055 1.2549
-0.0868 -0.6654 1.2609
0.0854 0.9970 0.9004
0.0350 1.0017 0.9275
0.1095 -0.9554 1.1696
0.1123 -0.8942 1.1734
0.0370 -0.9557 1.2199
0.0343 -0.8954 1.2275
-0.5785 -0.0861 0.9055
-0.5835 -0.0889 0.9117
0.0123 -0.5030 1.1136
-0.0078 -0.5048 1.2004
0.9375 -0.9945 -1.2244
0.9375 -0.9945 -1.3494
-0.5607 -0.1402 0.9818
-0.5634 -0.1585 1.0095
-0.5930 -0.1359 0.9257
-0.5885 -0.1149 0.9549
0.1091 -0.9592 1.0575
0.1088 -0.9620 1.0190
-0.1012 -0.9217 1.0600
-0.1328 -0.9078 1.0594
-0.4701 0.0841 1.2407
-0.4351 0.0888 1.2295
-0.5156 0.0062 1.2622
-0.5148 0.0829 1.2980
-0.2744 0.1305 -0.1529
0.0007 0.0055 -0.0241
0.0349 -0.9367 0.9642
0.0350 -0.9332 0.9907
-0.2198 0.0066 0.9986
-0.1406 -0.0010 0.9530
-0.4351 0.0888 1.2295
-0.4538 0.1141 1.2595
-0.1717 -0.7561 1.2479
-0.1869 -0.7542 1.1848
-0.5772 -0.0804 0.9946
-0.5631 -0.0653 0.9941
0.9375 -0.0883 -1.3494
-0.9375 -0.0883 -1.3494
-0.5672 -0.0903 0.9367
-0.5681 -0.1011 0.9232
0.2244 0.0543 0.1875
0.2194 0.0651 0.3310
-0.0999 0.4968 0.8395
-0.0333 0.4974 0.8382
-0.0324 0.7363 1.0408
-0.0325 0.6687 1.0260
-0.1829 -0.5698 1.1145
-0.1325 -0.5689 1.0841
-0.1289 -0.3318 1.0618
-0.1317 -0.3798 1.0777
-0.1090 -0.9884 1.2084
-0.1322 -0.9949 1.2164
0.2601 0.0829 0.1996
0.2244 0.0770 0.1832
-0.0328 -0.3405 1.0824
0.0631 -0.3319 1.0605
-0.1829 0.0055 0.1753
-0.0791 -0.1195 0.0640
0.2314 0.1948 0.6005
0.2736 0.1896 0.6122
0.0820 0.6367 0.8337
0.0331 0.6287 0.7859
0.2057 0.0636 0.0997
0.2051 0.0561 0.0947
0.2071 0.0803 0.3279
0.2194 0.0651 0.3310
-0.1336 -1.0027 0.8701
-0.1038 -0.9944 0.8709
0.2945 0.0392 0.0016
0.2978 0.0410 0.0370
0.1940 0.0944 0.4603
0.2077 0.0750 0.4657
-0.0337 0.6812 0.7100
-0.0338 0.7876 0.6596
0.1643 0.2047 0.6919
0.1734 0.1635 0.6264
-0.2190 0.0413 1.2046
-0.2131 -0.0622 1.2364
-0.9062 -0.1195 0.4943
-0.9062 -0.1195 -0.2555
0.5742 0.0055 -0.6270
0.4986 -0.1195 -0.5315
-0.1758 -0.9640 0.9904
-0.1641 -0.9331 0.9920
-0.1909 -0.7034 1.1876
-0.1747 -0.7055 1.2555
0.0659 -0.3799 1.0764
0.0666 -0.4321 1.0760
-0.8125 -0.2758 -1.2244
-0.8125 -0.2758 -1.3494
-0.1747 -0.7055 1.2555
-0.1770 -0.6654 1.2615
0.0100 0.6047 0.8338
0.0419 0.6095 0.8627
-0.3328 -0.1195 0.4943
-0.2038 -0.1195 0.4943
0.0269 -0.7524 1.1202
0.0122 -0.7543 1.1835
0.0419 0.6095 0.8627
0.0267 0.5840 0.8782
0.0806 0.6642 0.9987
0.0417 0.6286 0.9774
0.9375 -0.2758 0.5256
0.9375 -0.2758 -1.3494
0.0655 -1.0028 0.8688
0.0952 -0.9945 0.8696
-0.9375 -0.2133 0.5256
0.9375 -0.2133 0.5256
-0.0078 -0.5048 1.2004
-0.0024 -0.5723 1.1936
-0.5785 -0.0861 0.9055
-0.5802 -0.0959 0.9024
-0.1761 -0.9696 0.9071
-0.1760 -0.9676 0.9376
0.1086 -0.9659 0.9622
0.1087 -0.9641 0.9885
-0.2096 0.7147 0.9120
-0.2269 0.8246 0.8821
-0.0973 0.6688 1.0266
-0.0325 0.6687 1.0260
0.0654 -0.1897 1.0102
0.0710 -0.1045 0.9838
0.0520 1.0057 0.8632
0.0153 1.0089 0.8696
0.2215 0.2376 0.8441
0.2122 0.2933 0.9551
0.0090 0.5462 0.8572
0.0325 0.5003 0.8466
0.0668 0.0055 -0.5024
0.2080 -0.1195 -0.3421
0.0710 -0.1045 0.9838
0.1481 -0.0971 1.0280
-0.9062 -0.1195 -0.5525
-0.9062 -0.1195 -0.4710
0.2850 0.0663 0.3393
0.2971 0.0816 0.3376
-0.1327 -1.0093 1.1070
-0.1016 -0.9954 1.1075
0.3030 0.0055 -0.7443
0.0079 0.0055 -0.6238
0.0446 0.0055 -0.1756
0.0007 0.0055 -0.0241
-0.1761 -0.9696 0.9071
-0.1744 -0.9720 0.8721
0.2958 0.0459 0.0873
0.2678 0.0420 0.0854
0.2930 0.0506 0.1341
0.3032 0.0602 0.1334
0.0129 -0.5067 1.2869
-0.0078 -0.5048 1.2004
-0.1324 -1.0088 1.1678
-0.1027 -0.9952 1.1676
-0.1644 -0.9216 1.0604
-0.1640 -0.9290 1.0226
-0.0338 0.8970 0.6423
0.0570 0.9002 0.6608
0.2850 0.0967 0.3333
0.2524 0.1019 0.3284
-0.2269 0.8246 0.8821
-0.1992 0.8428 0.9910
-0.3377 0.2644 1.1466
-0.3754 0.2961 1.1577
-0.1691 0.9838 0.8211
-0.1194 0.9981 0.8077
-0.3034 0.4251 1.0741
-0.2795 0.3915 1.0925
-0.2623 0.2832 0.9961
-0.3226 0.2168 1.0625
-0.0204 -0.3751 1.2130
0.0021 -0.3669 1.3135
0.0153 1.0089 0.8696
0.0350 1.0017 0.9275
-0.0701 -0.6633 1.1890
-0.0669 -0.6231 1.1912
0.3638 -0.1195 0.2279
0.5075 -0.1195 -0.0036
0.2244 0.0543 0.1875
0.2031 0.0537 0.1391
0.1419 -0.5049 1.1993
0.1212 -0.5030 1.1128
-0.1318 -0.6662 1.2881
-0.1317 -0.6262 1.2955
-0.5156 0.0062 1.2622
-0.5360 0.0178 1.2541
0.0347 -0.9217 1.0591
0.0351 -0.9291 1.0213
-0.1639 -0.9948 1.0574
-0.1756 -0.9590 1.0593
-0.5930 -0.1359 0.9257
-0.6006 -0.1712 0.8974
-0.0868 -0.6654 1.2609
-0.0844 -0.6254 1.2669
0.1650 0.4070 1.1192
0.1536 0.4778 1.0634
0.0234 -0.9591 1.0580
0.0234 -0.9620 1.0196
-0.6024 -0.2215 0.9176
-0.6060 -0.2114 0.8942
0.1064 -0.9722 0.8703
0.0953 -0.9498 0.8720
-0.5729 -0.0903 0.9091
-0.5753 -0.0972 0.9047
-0.5805 -0.1888 0.9893
-0.5903 -0.1808 0.9821
-0.0873 -0.6611 1.1174
-0.0701 -0.6633 1.1890
0.0655 -0.9541 0.8445
0.0422 -0.9571 0.8491
0.8125 -0.2758 -1.2244
0.8125 -0.9945 -1.2244
0.1235 0.9114 0.7280
0.1372 0.8035 0.7543
0.1083 -0.9698 0.9053
0.0967 -0.9443 0.9068
-0.5753 -0.0972 0.9047
-0.5802 -0.0959 0.9024
-0.4538 0.1141 1.2595
-0.4839 0.1386 1.2701
-0.1823 -0.5747 1.2751
-0.1793 -0.6253 1.2675
-0.2072 0.4344 0.8584
-0.1229 0.4340 0.8281
0.0173 -0.8218 1.1794
0.0311 -0.8235 1.2367
-0.0333 0.4974 0.8382
-0.0334 0.4343 0.8270
0.9375 -0.2133 -1.3494
0.8750 -0.2133 -1.3494
0.2422 0.4342 0.9944
0.2060 0.4411 0.9397
-0.4945 -0.0258 -0.6817
-0.3139 0.0992 -0.4445
0.2850 0.0967 0.3333
0.2804 0.1151 0.4657
0.0347 -0.9443 0.9072
0.0230 -0.9697 0.9059
-0.0334 0.4343 0.8270
-0.1229 0.4340 0.8281
-0.0332 -0.0022 0.9459
-0.0331 -0.1054 0.9784
-0.0811 1.0090 0.8702
-0.1003 1.0018 0.9284
-0.1967 -0.2957 1.3063
-0.1941 -0.3644 1.3125
0.1541 0.2694 0.7967
0.1643 0.2047 0.6919
0.1908 0.0550 0.1276
0.2031 0.0537 0.1391
-0.1325 -0.5022 1.0821
-0.1325 -0.5689 1.0841
-0.0811 1.0090 0.8702
-0.0329 1.0094 0.8698
-0.0896 -0.9553 1.1709
-0.0890 -0.9556 1.1092
0.3030 0.0055 -0.7443
0.0668 0.0055 -0.5024
0.2385 0.0828 0.5653
0.2440 0.0682 0.4710
0.2698 0.2505 0.8393
0.2872 0.2774 0.8116
0.0087 -0.4348 1.2982
0.0021 -0.3669 1.3135
-0.1193 0.9870 0.7514
-0.0822 0.9863 0.7344
-0.0906 -0.9676 0.9370
-0.0905 -0.9658 0.9634
-0.2171 0.4774 1.0578
-0.1543 0.5281 1.0138
-0.2951 0.4112 0.9440
-0.3413 0.3309 0.9770
-0.5903 -0.1808 0.9821
-0.5984 -0.2067 0.9468
0.3059 0.0552 0.0866
0.3032 0.0602 0.1334
-0.8125 -0.9945 -1.2244
-0.8125 -0.9945 -1.3494
-0.5735 -0.1100 0.9118
-0.5815 -0.1117 0.9084
-0.0333 0.2521 0.8677
0.0673 0.2605 0.8901
-0.5763 -0.0833 0.9184
-0.5785 -0.0861 0.9055
0.1407 0.3639 0.8694
0.1506 0.2739 0.9282
0.2260 0.1772 0.7313
0.2316 0.1387 0.6618
0.9375 -0.0883 -1.2869
0.9375 -0.0883 -1.3494
-0.9375 -0.2133 -1.3494
-0.9375 -0.2133 0.5256
0.9375 -0.0883 0.4631
-0.9375 -0.0883 0.4631
-0.4744 0.0831 1.2723
-0.4701 0.0841 1.2407
-0.0627 -0.5723 1.1940
-0.0669 -0.6231 1.1912
0.0671 -0.8241 1.2579
0.0672 -0.7569 1.2700
-0.0443 -0.3751 1.2132
-0.0668 -0.3790 1.1123
0.1123 -0.6655 1.2596
0.1147 -0.6255 1.2656
0.1823 0.0238 1.0990
0.1539 0.0064 0.9962
0.2323 0.0449 0.0849
0.2309 0.0469 0.1260
-0.1762 -0.9555 1.1097
-0.1637 -0.9953 1.1079
0.9062 -0.1195 -0.4833
0.5294 -0.1195 -0.2933
0.2511 -0.1195 -1.1531
0.3208 -0.1195 -0.9375
0.1099 -0.7056 1.2536
0.0672 -0.7064 1.2794
-0.1071 0.6287 0.9783
-0.0753 0.6324 1.0001
0.0665 -0.1403 1.3064
0.0721 -0.0549 1.2800
-0.4905 0.0363 1.2092
-0.5190 -0.0336 1.1200
0.1178 -0.5748 1.2731
0.0674 -0.5757 1.3035
-0.1637 -0.9953 1.1079
-0.1621 -0.9951 1.1680
0.1481 -0.0971 1.0280
0.1756 -0.0798 1.1309
-0.0754 0.5462 0.8577
-0.0676 0.5805 0.8575
-0.4060 0.1547 1.1045
-0.4406 0.1836 1.1144
-0.1020 -0.9948 1.0186
-0.0903 -0.9619 1.0203
-0.1685 0.5149 0.9410
-0.1509 0.5002 0.8680
-0.0905 -0.9658 0.9634
-0.0904 -0.9640 0.9898
-0.1024 -0.9951 0.9053
-0.1038 -0.9944 0.8709
0.1921 0.0528 0.1073
0.2057 0.0499 0.1023
0.2747 0.0367 -0.0073
0.2719 0.0373 0.0342
0.1383 -0.1824 1.0543
0.1336 -0.2582 1.0798
-0.1235 0.6844 0.7296
-0.1000 0.6288 0.7868
-0.5825 -0.1735 0.8931
-0.5782 -0.1922 0.9167
0.2738 0.1487 0.6569
0.2895 0.1700 0.6359
-0.0923 -0.7561 1.2474
-0.0962 -0.8234 1.2376
0.3030 0.0055 -0.7443
0.3208 -0.1195 -0.9375
0.0013 -0.3791 1.1118
0.0080 -0.4326 1.1114
-0.5249 -0.1195 -0.1101
-0.3829 -0.1195 -0.3352
-0.0324 0.8478 1.0205
0.0629 0.8482 1.0228
0.0422 -0.9903 0.8473
0.0371 -0.9740 0.8436
-0.0927 -0.7523 1.1210
-0.0897 -0.7014 1.1190
-0.1770 -0.6654 1.2615
-0.1318 -0.6662 1.2881
-0.1643 -0.9950 0.9360
-0.1760 -0.9676 0.9376
-0.8750 -0.2133 0.5256
-0.8750 -0.2133 -1.3494
-0.5715 -0.1832 0.9775
-0.5805 -0.1888 0.9893
0.0228 -0.9556 1.1085
0.0234 -0.9591 1.0580
-0.5844 -0.0961 0.9069
-0.5874 -0.1083 0.9152
0.0970 -0.9950 0.9869
0.0660 -1.0066 0.9865
-0.4305 0.1434 1.2383
-0.4106 0.1159 1.2070
0.0668 0.0055 -0.5024
0.0079 0.0055 -0.6238
-0.2276 0.4709 0.9522
-0.2951 0.4112 0.9440
0.0967 -0.9443 0.9068
0.0657 -0.9348 0.9075
-0.5689 -0.1646 0.9506
-0.5607 -0.1402 0.9818
-0.5719 -0.0865 0.9185
-0.5729 -0.0903 0.9091
-0.9375 -0.0883 0.5256
-0.9375 -0.2133 0.5256
-0.1330 -1.0071 1.0181
-0.1331 -1.0065 0.9878
0.0979 -0.9218 1.0587
0.1091 -0.9592 1.0575
0.3502 0.0367 0.0107
0.1251 -0.1195 0.2907
0.9375 -0.0883 0.5256
0.9375 -0.2133 0.5256
0.1547 0.0411 1.2022
0.0755 0.0488 1.2477
-0.0328 -0.3405 1.0824
-0.0330 -0.2658 1.0324
0.2657 0.3714 0.8804
0.2109 0.3799 0.8604
0.2122 0.2933 0.9551
0.2662 0.3089 0.9508
0.6863 -0.1195 -0.0200
0.3638 -0.1195 0.2279
0.0192 -0.6209 1.1152
0.0017 -0.6231 1.1908
0.0526 0.9869 0.7503
0.0154 0.9863 0.7338
0.2309 0.0714 0.1213
0.2244 0.0770 0.1832
0.2958 0.0644 0.0837
0.2930 0.0695 0.1305
0.2747 0.0367 -0.0073
0.2756 0.0436 -0.0235
-0.1019 0.5345 1.0492
-0.1543 0.5281 1.0138
-0.1532 0.1305 -0.5689
0.0079 0.0055 -0.6238
0.1890 0.0636 0.1153
0.1837 0.0583 0.1157
-0.2223 0.4156 1.1176
-0.3034 0.4251 1.0741
-0.1458 0.6644 1.0002
-0.1845 0.7315 1.0124
-0.1315 -0.4351 1.3341
-0.1316 -0.5073 1.3202
-0.5727 -0.1385 0.9208
-0.5735 -0.1100 0.9118
-0.9062 -0.1195 0.4943
-0.5249 -0.1195 -0.1101
-0.1016 -0.9954 1.1075
-0.0890 -0.9556 1.1092
0.0553 0.9531 0.9787
0.0629 0.8482 1.0228
0.0670 -0.8960 1.2468
0.0671 -0.8241 1.2579
0.0971 -0.9949 1.0173
0.0970 -0.9950 0.9869
0.2076 0.1141 0.4579
0.1995 0.1290 0.5337
0.2756 0.1242 0.6133
0.2351 0.1147 0.6176
-0.1992 0.8428 0.9910
-0.1277 0.8483 1.0241
0.0659 -0.3799 1.0764
0.0631 -0.3319 1.0605
-0.0326 0.5731 1.0174
-0.0326 0.6038 0.9968
-0.1322 -0.9949 1.2164
-0.1321 -0.9568 1.2388
-0.5825 -0.1735 0.8931
-0.5901 -0.1961 0.8761
-0.1288 0.4848 1.0925
-0.1019 0.5345 1.0492
-0.3328 -0.1195 0.4943
-0.3866 0.0055 0.3410
0.0968 -0.9557 1.2195
0.0901 -0.9885 1.2072
-0.9375 -0.2758 -1.3494
-0.9375 -0.9945 -1.3494
-0.5964 -0.2291 0.9154
-0.6024 -0.2215 0.9176
-0.5689 -0.1646 0.9506
-0.5782 -0.1922 0.9167
0.9062 -0.1195 -1.3182
0.7145 0.0055 -1.0611
0.0824 0.3091 1.1744
0.1720 0.3090 1.1309
-0.2072 0.4344 0.8584
-0.1509 0.5002 0.8680
-0.9375 -0.2133 0.5256
-0.9375 -0.2758 0.5256
-0.5451 0.0432 1.2217
-0.5614 -0.0282 1.1297
0.0778 0.4096 1.1404
0.1650 0.4070 1.1192
0.0676 -0.4353 1.3328
0.0675 -0.5074 1.3189
0.0854 0.9970 0.9004
0.1210 0.9477 0.9460
-0.4407 0.0775 1.1960
-0.4166 0.1036 1.1707
0.2601 0.0829 0.1996
0.2524 0.1019 0.3284
0.9375 -0.9945 -1.3494
0.8125 -0.9945 -1.3494
0.0971 -0.9332 0.9903
0.1087 -0.9641 0.9885
-0.5541 -0.0507 1.1589
-0.5614 -0.0282 1.1297
-0.0325 0.9528 0.9771
-0.0324 0.8478 1.0205
-0.1717 -0.7561 1.2479
-0.1747 -0.7055 1.2555
-0.5772 -0.0804 0.9946
-0.5813 -0.0886 0.9401
0.1372 0.8035 0.7543
0.1610 0.8244 0.8796
0.1289 -0.6634 1.1878
0.1123 -0.6655 1.2596
-0.5985 -0.1959 0.8689
-0.5999 -0.2203 0.8822
0.1220 0.6954 0.7951
0.1372 0.8035 0.7543
-0.0999 0.4968 0.8395
-0.1229 0.4340 0.8281
0.1391 -0.1477 1.2603
0.1644 -0.1651 1.1572
-0.0660 -0.3668 1.3139
-0.0728 -0.4348 1.2987
-0.5249 -0.1195 -0.1101
-0.7321 -0.1195 -0.1891
0.1147 -0.6255 1.2656
0.0673 -0.6263 1.2942
0.2940 0.0957 0.4710
0.2921 0.1121 0.5543
-0.4143 0.2912 1.0850
-0.3913 0.2580 1.0464
0.3373 0.0367 -0.1964
0.3150 -0.1195 -0.5531
-0.1329 -0.9167 1.0231
-0.1640 -0.9290 1.0226
0.0654 -0.1897 1.0102
0.0628 -0.2649 1.0362
-0.1334 -1.0046 0.9049
-0.1645 -0.9951 0.9057
0.1083 -0.9698 0.9053
0.1085 -0.9677 0.9358
-0.0750 1.0014 0.8019
-0.0811 1.0090 0.8702
-0.1336 -1.0027 0.8701
-0.1633 -0.9943 0.8712
-0.1509 0.9971 0.9019
-0.1003 1.0018 0.9284
0.1893 0.1439 0.6499
0.1734 0.1635 0.6264
0.0901 -0.9885 1.2072
0.0964 -0.9953 1.1663
-0.0332 1.0018 0.8004
-0.0329 1.0094 0.8698
0.1212 -0.5030 1.1128
0.1255 -0.4326 1.1105
-0.1691 -0.8956 1.1086
-0.1688 -0.8199 1.1222
0.2958 0.0459 0.0873
0.2930 0.0506 0.1341
-0.9062 -0.1195 0.4943
-0.7321 -0.1195 -0.1891
-0.0571 -0.5048 1.2007
-0.0627 -0.5723 1.1940
0.0303 -0.8200 1.1209
0.0269 -0.7524 1.1202
-0.1909 -0.7034 1.1876
-0.1942 -0.6632 1.1898
-0.2744 0.1305 -0.1529
-0.3829 -0.1195 -0.3352
0.1342 0.8426 0.9889
0.0629 0.8482 1.0228
-0.1621 -0.9951 1.1680
-0.1324 -1.0088 1.1678
-0.5813 -0.0886 0.9401
-0.5810 -0.0853 0.9207
0.9375 -0.2133 -1.3494
-0.9375 -0.2133 -1.3494
-0.4945 0.1091 1.1879
-0.4738 0.1378 1.1600
0.0173 -0.8218 1.1794
0.0122 -0.7543 1.1835
-0.9375 -0.0883 -1.3494
-0.9375 -0.0883 0.5256
0.1220 0.6954 0.7951
0.1438 0.7146 0.9097
0.0972 -0.9291 1.0209
0.0971 -0.9332 0.9903
0.0673 -0.6663 1.2868
0.0673 -0.6263 1.2942
0.0349 -0.9950 0.9873
0.0233 -0.9641 0.9891
-0.2744 0.1305 -0.1529
-0.5249 -0.1195 -0.1101
0.1123 -0.8942 1.1734
0.1163 -0.8219 1.1787
0.9375 -0.2133 0.5256
0.9375 -0.2133 0.4631
0.2215 0.2376 0.8441
0.2260 0.1772 0.7313
0.6447 -0.1195 0.3211
0.9062 -0.1195 0.2091
0.1720 0.3090 1.1309
0.1581 0.1726 1.1691
0.2994 0.0455 -0.0062
0.2945 0.0531 -0.0011
-0.9062 -0.1195 -0.9812
-0.5456 -0.1195 -0.9639
-0.0867 -0.8941 1.1747
-0.0828 -0.8218 1.1800
0.1218 -0.5067 1.2861
0.0675 -0.5074 1.3189
0.2244 0.0543 0.1875
0.2309 0.0469 0.1260
0.2850 0.0663 0.3393
0.2897 0.0568 0.2095
-0.0748 0.5726 1.0142
-0.1019 0.5345 1.0492
-0.0322 0.4062 1.1434
-0.1363 0.4147 1.1327
-0.4420 0.1116 1.1501
-0.4166 0.1036 1.1707
-0.0900 -0.9591 1.0588
-0.1018 -0.9948 1.0570
-0.2658 0.3731 0.8988
-0.2981 0.2947 0.9640
-0.1509 0.9971 0.9019
-0.1178 1.0058 0.8643
0.2349 0.1674 0.5613
0.2314 0.1948 0.6005
-0.2096 0.7147 0.9120
-0.1887 0.6956 0.7971
-0.1324 -1.0088 1.1678
-0.1322 -0.9949 1.2164
-0.1090 -0.9884 1.2084
-0.1023 -0.9556 1.2208
-0.5263 -0.0114 1.0902
-0.5190 -0.0336 1.1200
-0.2951 0.4112 0.9440
-0.3113 0.4349 1.0152
-0.2475 0.0240 1.1018
-0.2406 -0.0796 1.1336
0.1506 0.2739 0.9282
0.0673 0.2605 0.8901
-0.1020 -0.9948 1.0186
-0.1021 -0.9949 0.9882
-0.2111 0.1881 1.1724
-0.2351 0.1652 1.0735
-0.1942 -0.6632 1.1898
-0.1974 -0.6230 1.1921
-0.3377 0.2644 1.1466
-0.3930 0.1901 1.2024
0.0642 -0.2915 1.3466
0.0639 -0.2195 1.3314
-0.5985 -0.1959 0.8689
-0.6042 -0.1943 0.8795
-0.3413 0.3309 0.9770
-0.3913 0.2580 1.0464
-0.0776 -0.7542 1.1841
-0.0923 -0.7561 1.2474
0.0996 -0.8955 1.2271
0.0968 -0.9557 1.2195
-0.0319 -0.3067 1.3322
0.0021 -0.3669 1.3135
0.1294 -0.3776 1.1137
0.0659 -0.3799 1.0764
0.0211 -0.8942 1.1740
0.0343 -0.8954 1.2275
0.0234 -0.9591 1.0580
0.0352 -0.9949 1.0561
-0.0813 -0.5747 1.2744
-0.0627 -0.5723 1.1940
0.1812 0.1832 0.7183
0.2260 0.1772 0.7313
0.1235 0.9114 0.7280
0.0868 0.9686 0.7303
-0.8750 -0.0883 0.5256
-0.8750 -0.2133 0.5256
-0.5136 0.1354 1.2172
-0.4939 0.1660 1.1910
-0.1024 -0.9951 0.9053
-0.0907 -0.9697 0.9066
0.1251 -0.1195 0.2907
0.3708 -0.1195 0.3387
-0.1332 0.1346 0.9195
-0.1292 0.2627 0.8784
0.2260 0.1772 0.7313
0.2708 0.1880 0.7257
-0.2063 0.1482 0.9710
-0.1332 0.1346 0.9195
-0.0670 0.6034 0.9943
-0.0326 0.6038 0.9968
-0.2380 0.2783 1.0394
-0.2520 0.3516 1.0487
-0.1193 0.7367 1.0436
-0.0973 0.6688 1.0266
0.0665 -0.7007 1.0925
0.0665 -0.6604 1.0895
0.2897 0.0568 0.2095
0.3005 0.0681 0.2085
0.3805 -0.1195 0.4943
0.1251 -0.1195 0.2907
0.0013 -0.3791 1.1118
0.0659 -0.3799 1.0764
-0.1307 -0.3626 1.3494
-0.1315 -0.4351 1.3341
-0.5635 -0.1180 0.9489
-0.5681 -0.1011 0.9232
-0.0334 0.4343 0.8270
-0.0334 0.3547 0.8381
0.1644 -0.1651 1.1572
0.1589 -0.2420 1.1826
-0.0772 -0.5066 1.2874
-0.0813 -0.5747 1.2744
0.2015 0.0614 0.1451
0.2128 0.0674 0.2020
0.0162 -0.5699 1.1132
0.0192 -0.6209 1.1152
-0.1027 -0.9952 1.1676
-0.1090 -0.9884 1.2084
-0.1640 -0.9290 1.0226
-0.1641 -0.9331 0.9920
0.1141 -0.6209 1.1146
0.1322 -0.6232 1.1899
-0.0828 0.0992 -0.8109
-0.1532 0.1305 -0.5689
-0.0333 0.6037 0.8281
0.0100 0.6047 0.8338
0.1892 0.1848 0.6055
0.2314 0.1948 0.6005
-0.0896 -0.9553 1.1709
-0.1023 -0.9556 1.2208
-0.1645 -0.9951 0.9057
-0.1761 -0.9696 0.9071
0.0346 -0.9952 0.9044
0.0230 -0.9697 0.9059
0.0013 -0.3791 1.1118
-0.0204 -0.3751 1.2130
-0.0779 -0.5030 1.1142
-0.0571 -0.5048 1.2007
-0.1911 -0.4324 1.1126
-0.1325 -0.4320 1.0773
0.2385 0.0828 0.5653
0.2351 0.1147 0.6176
-0.1292 0.2627 0.8784
-0.1293 0.3580 0.8417
-0.0320 0.1770 1.2158
-0.1363 0.1880 1.2111
0.0661 -1.0072 1.0168
0.0660 -1.0066 0.9865
-0.1691 -0.8956 1.1086
-0.1644 -0.9216 1.0604
0.2031 0.0676 0.1365
0.2046 0.0678 0.1167
0.0975 -0.9955 1.1063
0.1101 -0.9557 1.1079
-0.0728 -0.4348 1.2987
-0.1315 -0.4351 1.3341
-0.4060 0.1547 1.1045
-0.4420 0.1116 1.1501
0.2897 0.0791 0.2052
0.2601 0.0829 0.1996
0.1101 -0.9557 1.1079
0.1030 -0.8957 1.1069
0.2774 0.1316 0.5412
0.2921 0.1121 0.5543
0.0234 -0.9620 1.0196
0.0351 -0.9949 1.0177
-0.2190 0.0413 1.2046
-0.1394 0.0489 1.2491
-0.1869 -0.7542 1.1848
-0.1909 -0.7034 1.1876
0.1811 0.2281 0.6683
0.2258 0.2389 0.6626
0.1251 -0.1195 0.2907
-0.1829 0.0055 0.1753
0.0346 -0.9952 0.9044
0.0656 -1.0047 0.9036
0.0351 -0.9949 1.0177
0.0352 -0.9949 1.0561
-0.5731 -0.0847 0.9424
-0.5672 -0.0903 0.9367
-0.2232 0.3265 1.1327
-0.2380 0.2783 1.0394
0.9375 -0.2133 0.5256
0.9375 -0.2133 -1.3494
-0.4845 0.0367 0.0623
-0.3866 0.0055 0.3410
0.9375 -0.2758 -1.2244
0.8125 -0.2758 -1.2244
0.1812 0.1832 0.7183
0.1893 0.1439 0.6499
-0.9062 -0.1195 -1.3182
-0.9062 -0.1195 -0.9812
0.9375 -0.2758 -1.3494
-0.9375 -0.2758 -1.3494
-0.5541 -0.0833 0.9890
-0.5631 -0.0653 0.9941
-0.4738 0.1378 1.1600
-0.4939 0.1660 1.1910
0.0656 -0.9415 0.8722
0.0657 -0.9348 0.9075
0.0311 -0.8235 1.2367
0.0274 -0.7562 1.2466
-0.1293 0.3580 0.8417
-0.0334 0.3547 0.8381
-0.1775 -0.6611 1.1180
-0.1942 -0.6632 1.1898
-0.4744 0.0831 1.2723
-0.4538 0.1141 1.2595
-0.0443 -0.3751 1.2132
-0.0660 -0.3668 1.3139
-0.9375 -0.2133 -1.2869
-0.9375 -0.2133 -1.3494
0.1383 -0.1824 1.0543
0.0654 -0.1897 1.0102
0.1123 -0.6655 1.2596
0.0673 -0.6663 1.2868
-0.1752 -0.9552 1.1714
-0.1621 -0.9556 1.2212
0.2648 0.0464 0.1315
0.2930 0.0506 0.1341
-0.1532 0.1305 -0.5689
-0.0824 0.0055 -0.3496
-0.5901 -0.1961 0.8761
-0.5888 -0.2136 0.8901
0.0868 0.9686 0.7303
0.0358 0.9608 0.6821
-0.0337 0.9589 0.6700
0.0358 0.9608 0.6821
0.2384 0.1378 0.5331
0.2349 0.1674 0.5613
0.0239 -0.7015 1.1182
0.0081 -0.7035 1.1863
-0.0754 0.5462 0.8577
-0.1066 0.5503 0.8817
0.1262 -0.4349 1.2974
0.1218 -0.5067 1.2861
-0.1904 -0.4347 1.2994
-0.1941 -0.3644 1.3125
-0.0927 -0.7523 1.1210
-0.0776 -0.7542 1.1841
-0.1194 0.9981 0.8077
-0.1193 0.9870 0.7514
-0.1328 -0.9078 1.0594
-0.1329 -0.9167 1.0231
-0.1027 -0.9952 1.1676
-0.0896 -0.9553 1.1709
-0.5777 -0.0974 1.0391
-0.5614 -0.0282 1.1297
-0.0962 -0.8199 1.1217
-0.0828 -0.8218 1.1800
-0.0332 0.5456 0.8540
0.0090 0.5462 0.8572
-0.1643 -0.9401 0.9390
-0.1333 -0.9299 0.9394
-0.1318 -0.7063 1.2807
-0.1318 -0.6662 1.2881
-0.1325 -0.5689 1.0841
-0.1325 -0.6199 1.0878
-0.9375 -0.2758 -1.3494
-0.9375 -0.2758 0.5256
-0.5999 -0.2203 0.8822
-0.5888 -0.2136 0.8901
-0.8125 -0.2758 0.4006
-0.9375 -0.2758 0.4006
-0.5233 -0.0545 1.1518
-0.5490 -0.1200 1.0615
0.0969 -0.9951 0.9606
0.0659 -1.0060 0.9602
0.0820 0.6367 0.8337
0.1220 0.6954 0.7951
0.1720 0.3090 1.1309
0.1650 0.4070 1.1192
-0.2524 0.2987 1.0499
-0.2781 0.3357 1.0956
0.0435 -0.9885 1.2075
0.0370 -0.9557 1.2199
0.0570 0.9002 0.6608
0.1235 0.9114 0.7280
0.9375 -0.0883 -1.3494
0.9375 -0.2133 -1.3494
0.2708 0.1880 0.7257
0.2698 0.2505 0.8393
0.0968 -0.9403 0.9374
0.0658 -0.9300 0.9381
0.1391 -0.1477 1.2603
0.1489 -0.0624 1.2340
-0.1640 -0.9948 1.0190
-0.1641 -0.9949 0.9886
-0.4624 0.1698 1.2485
-0.4880 0.1781 1.2277
0.2698 0.2505 0.8393
0.2662 0.3089 0.9508
0.3005 0.0681 0.2085
0.2897 0.0791 0.2052
0.7145 0.0055 -1.0611
0.5742 0.0055 -0.6270
0.2323 0.0648 0.0811
0.2678 0.0677 0.0804
0.0311 -0.8235 1.2367
0.0671 -0.8241 1.2579
0.2897 0.0791 0.2052
0.2850 0.0967 0.3333
0.0080 -0.4326 1.1114
0.0666 -0.4321 1.0760
-0.1066 0.5503 0.8817
-0.0929 0.5840 0.8790
-0.0321 0.3041 1.1767
-0.0320 0.1770 1.2158
-0.2658 0.3731 0.8988
-0.2951 0.4112 0.9440
0.1908 0.0639 0.1259
0.1882 0.0596 0.1281
-0.1188 0.6194 0.9225
-0.1642 0.6513 0.9220
-0.0332 1.0018 0.8004
0.0087 1.0014 0.8014
0.0657 -0.9348 0.9075
0.0658 -0.9300 0.9381
0.0824 0.5066 0.8780
0.0325 0.5003 0.8466
-0.1642 -0.9366 0.9655
-0.1641 -0.9331 0.9920
-0.4964 0.0129 1.2447
-0.4905 0.0363 1.2092
0.2747 0.0536 -0.0105
0.2719 0.0616 0.0296
0.0080 -0.4326 1.1114
-0.0137 -0.4337 1.2050
-0.5849 -0.1359 0.9079
-0.5922 -0.1665 0.8851
0.0211 -0.8942 1.1740
0.0173 -0.8218 1.1794
-0.1640 -0.9290 1.0226
-0.1756 -0.9619 1.0208
-0.1174 0.5594 0.9363
-0.1016 0.5920 0.9267
-0.0325 0.9528 0.9771
0.0553 0.9531 0.9787
-0.0137 -0.4337 1.2050
0.0087 -0.4348 1.2982
-0.5922 -0.1665 0.8851
-0.6006 -0.1712 0.8974
-0.5891 -0.2148 0.9533
-0.5804 -0.2090 0.9424
-0.1334 -1.0046 0.9049
-0.1333 -1.0053 0.9352
0.0129 -0.5067 1.2869
0.0675 -0.5074 1.3189
0.0358 -0.9944 0.8700
0.0247 -0.9721 0.8708
0.0657 -0.9348 0.9075
0.0347 -0.9443 0.9072
0.0669 -0.9569 1.2375
0.0670 -0.8960 1.2468
-0.5681 -0.1011 0.9232
-0.5735 -0.1100 0.9118
0.0674 -0.5757 1.3035
0.0673 -0.6263 1.2942
-0.5148 0.0829 1.2980
-0.5081 0.1465 1.2514
0.0417 0.6286 0.9774
0.0270 0.5999 0.9732
0.0778 0.4096 1.1404
0.0673 0.4839 1.1015
0.9375 -0.9945 -1.2244
0.8125 -0.9945 -1.2244
0.2435 0.3431 1.0566
0.2558 0.3927 1.0411
-0.5081 0.1465 1.2514
-0.4880 0.1781 1.2277
-0.0328 -0.3405 1.0824
-0.0323 -0.3479 1.2133
0.0562 0.6843 0.7284
0.0331 0.6287 0.7859
-0.0323 -0.3479 1.2133
-0.0443 -0.3751 1.2132
0.1289 -0.6634 1.1878
0.1322 -0.6232 1.1899
0.1921 0.0618 0.1056
0.1897 0.0571 0.1045
-0.6517 -0.1195 -0.3557
-0.9062 -0.1195 -0.4710
-0.1691 -0.8956 1.1086
-0.1762 -0.9555 1.1097
0.1897 0.0571 0.1045
0.1921 0.0528 0.1073
-0.1543 0.5281 1.0138
-0.1685 0.5149 0.9410
0.1945 0.1196 0.6065
0.1996 0.0891 0.5571
-0.6042 -0.1943 0.8795
-0.6060 -0.2114 0.8942
-0.9062 -0.1195 -0.5525
-0.4945 -0.0258 -0.6817
0.0664 -1.0094 1.1057
0.0662 -1.0081 1.0552
0.1699 0.3254 0.9691
0.2078 0.3166 1.0235
-0.1644 -0.9442 0.9085
-0.1632 -0.9497 0.8737
0.3638 -0.1195 0.2279
0.3708 -0.1195 0.3387
-0.0776 -0.7542 1.1841
-0.0828 -0.8218 1.1800
-0.5727 -0.1385 0.9208
-0.5689 -0.1646 0.9506
-0.2795 0.3915 1.0925
-0.2520 0.3516 1.0487
-0.1061 0.5686 0.9906
-0.0924 0.6000 0.9740
0.0665 -0.8182 1.0991
0.0665 -0.7517 1.0962
-0.0332 0.1250 0.9068
0.0713 0.1303 0.9235
