-0.2875 -0.1875 -0.2767
-0.2667 -0.1692 -0.2767
-0.2875 -0.1875 -0.3289
-0.3443 -0.2009 -0.3289
0.5283 -0.1126 -0.2376
0.5283 -0.1126 -0.1594
0.2074 0.0437 -0.2781
0.2074 0.0437 -1.0031
0.1562 -0.3000 -0.7251
-0.1562 -0.3000 -0.7251
-0.5568 -0.1509 -0.5767
-0.5568 -0.1241 -0.5767
-0.4584 -0.1009 -0.3289
-0.4848 -0.0875 -0.3289
-0.1937 0.1125 -1.0031
-0.1548 0.0542 -1.0031
0.3291 -0.2241 -0.3680
0.3291 -0.2241 -0.5767
0.5000 -0.1375 -0.2767
0.5208 -0.1192 -0.2767
0.7375 -0.1063 -0.2406
0.7375 -0.1063 -0.6156
-0.4432 -0.1246 -0.3289
-0.4716 -0.1308 -0.2767
0.2620 -0.2125 -0.6172
0.2875 -0.2125 -0.6235
0.3443 -0.1741 -0.3289
0.3291 -0.1509 -0.3289
0.7048 -0.0573 -0.6156
0.7000 -0.0688 -0.6156
0.1562 -0.1903 -0.2728
0.1562 -0.1962 -0.7249
-0.1375 0.0241 0.9969
-0.0625 0.0241 0.9969
-0.5416 -0.1009 -0.3680
-0.5152 -0.0875 -0.3680
-0.5000 -0.1875 -0.5767
-0.5000 -0.1808 -0.6037
-0.1937 0.1125 -0.2781
-0.2520 0.1514 -0.2781
0.4853 -0.1875 -0.3289
0.5147 -0.1875 -0.3289
-0.7000 -0.0688 -0.2406
-0.7000 -0.0688 -0.6156
-0.0670 -0.2625 0.5966
-0.0670 -0.2625 0.8749
-0.3187 -0.0750 -0.4969
-0.3187 -0.1500 -0.4969
0.4706 -0.0942 -0.5767
0.5000 -0.0875 -0.5767
-0.2581 -0.1875 -0.6235
-0.2620 -0.2125 -0.6172
-0.7312 -0.0750 -0.6156
-0.7135 -0.0485 -0.6156
-0.1250 0.1262 -0.2781
-0.1250 0.1262 -1.0031
-0.2459 -0.2241 -0.3289
-0.2459 -0.2241 -0.3680
-0.7490 -0.0485 -0.6156
-0.7375 -0.0437 -0.6156
0.5000 -0.1875 -0.5767
0.4853 -0.1808 -0.6001
-0.3443 -0.1746 -0.3289
-0.3159 -0.1808 -0.2767
-0.2327 0.1708 -0.2781
-0.2074 0.1813 -0.2781
0.2625 0.0988 -0.2781
0.2625 0.0988 -1.0031
0.5000 -0.1375 -0.2767
0.4716 -0.1442 -0.2767
0.3291 -0.1509 -0.3680
0.3291 -0.1509 -0.5767
-0.3158 -0.2137 -0.1594
-0.3158 -0.2137 -0.2376
0.7048 -0.0927 -0.2406
0.7135 -0.1015 -0.2406
-0.1937 0.1125 -0.2781
-0.2074 0.0437 -0.2781
0.3384 -0.1875 -0.6037
0.3316 -0.2125 -0.6001
0.7048 -0.0927 -0.6156
0.7135 -0.1015 -0.6156
-0.4706 -0.0942 -0.5767
-0.4745 -0.0942 -0.5902
0.3316 -0.2125 -0.6001
0.3130 -0.2308 -0.5902
0.3022 -0.1442 -0.6001
0.3130 -0.1442 -0.5902
0.2454 -0.2246 -0.3289
0.2728 -0.2375 -0.3289
-0.5509 -0.1125 -0.5767
-0.5588 -0.1375 -0.5767
-0.5255 -0.1625 -0.6172
-0.5441 -0.1625 -0.6001
0.2459 -0.1509 -0.3680
0.2307 -0.1741 -0.3680
-0.1000 0.0083 1.0281
-0.1000 0.0083 1.0906
0.2728 -0.2375 -0.3289
0.2875 -0.1875 -0.3289
-0.1375 -0.0125 1.0853
-0.1375 -0.0125 1.0335
-0.1000 0.0188 1.3094
-0.1000 0.0812 1.3094
-0.0625 -0.0125 1.0853
-0.0625 -0.0125 1.0335
0.3159 -0.2125 -0.2767
0.3159 -0.2125 -0.1594
-0.4716 -0.1125 -0.2767
-0.5284 -0.1125 -0.2767
-0.0950 -0.2054 -1.3094
-0.1131 -0.1723 -1.3094
-0.2875 -0.2125 -0.6235
-0.2875 -0.2308 -0.6037
-0.7135 -0.0485 -0.2406
-0.7048 -0.0573 -0.2406
0.5568 -0.1509 -0.3680
0.5568 -0.1509 -0.5767
-0.2459 -0.1509 -0.5767
-0.2875 -0.1875 -0.5767
0.4584 -0.1009 -0.3680
0.4848 -0.0875 -0.3680
-0.2581 -0.2308 -0.5767
-0.2875 -0.2375 -0.5767
-0.7135 -0.0485 -0.6156
-0.7048 -0.0573 -0.6156
-0.1801 0.1813 -1.0031
-0.1548 0.1708 -1.0031
0.4491 -0.1625 -0.5767
0.4559 -0.1625 -0.6001
-0.3443 -0.2009 -0.3289
-0.3443 -0.2009 -0.3680
0.1937 0.1125 -1.0031
0.2327 0.1708 -1.0031
-0.1548 0.1708 -0.2781
-0.1355 0.1514 -0.2781
0.5000 -0.1125 -0.6235
0.5255 -0.1125 -0.6172
-0.2307 -0.1741 -0.3289
-0.2307 -0.2009 -0.3289
0.7312 -0.0750 -0.2406
0.7490 -0.0485 -0.2406
0.4584 -0.1009 -0.3680
0.4848 -0.0875 -0.3680
0.2074 0.0437 -1.0031
0.2327 0.0542 -1.0031
0.4579 -0.1746 -0.3289
0.4792 -0.1558 -0.2767
0.7312 -0.0750 -0.6156
0.7490 -0.0485 -0.6156
-0.3022 -0.1375 -0.3289
-0.3296 -0.1504 -0.3289
-0.2875 -0.1875 -0.3289
-0.2459 -0.2241 -0.3289
0.2327 0.0542 -0.2781
0.2520 0.0736 -0.2781
0.3291 -0.2241 -0.5767
0.3443 -0.2009 -0.5767
0.5000 -0.1375 -0.3680
0.5152 -0.0875 -0.3680
0.4853 -0.1875 -0.3289
0.4924 -0.1625 -0.2767
0.0670 -0.0839 0.5966
0.0670 -0.2625 0.5966
0.1562 -0.0766 -1.0725
0.1562 -0.0720 -0.8987
0.7375 -0.1063 -0.6156
0.7490 -0.1015 -0.6156
0.3443 -0.2009 -0.3680
0.3443 -0.1741 -0.3680
0.5284 -0.1625 -0.2767
0.5284 -0.1125 -0.2767
-0.5000 -0.1375 -0.3680
-0.4584 -0.1741 -0.3680
-0.4491 -0.1625 -0.5767
-0.4559 -0.1625 -0.6001
0.2366 -0.1875 -0.6037
0.2581 -0.1875 -0.6235
-0.5416 -0.1009 -0.3680
-0.5152 -0.0875 -0.3680
-0.7312 -0.0750 -0.2406
-0.7625 -0.0688 -0.2406
-0.4584 -0.1009 -0.3680
-0.4848 -0.0875 -0.3680
-0.4579 -0.1004 -0.3289
-0.4792 -0.1192 -0.2767
0.2875 -0.1875 -0.3289
0.2459 -0.2241 -0.3289
0.3291 -0.1509 -0.3289
0.3027 -0.1375 -0.3289
0.5000 -0.0875 -0.5767
0.5255 -0.0942 -0.5902
0.1562 -0.1880 -0.0989
0.1562 -0.1844 0.1793
-0.0625 0.0759 0.9969
-0.0625 0.1125 1.0335
-0.5000 -0.1375 -0.3680
-0.4848 -0.1875 -0.3680
-0.4579 -0.1746 -0.3289
-0.4792 -0.1558 -0.2767
-0.2307 -0.2009 -0.5767
-0.2459 -0.2241 -0.5767
0.1295 0.2375 -0.3013
0.1262 0.2375 -0.4277
-0.5484 -0.0949 -0.1594
-0.5484 -0.0949 -0.2376
0.3187 -0.0750 -0.4344
0.3187 -0.1500 -0.4344
0.7312 -0.0750 -0.2406
0.7490 -0.1015 -0.2406
0.3187 -0.0750 -0.4969
0.3187 -0.1500 -0.4969
0.4706 -0.1375 -0.6235
0.4745 -0.1625 -0.6172
-0.2723 -0.2375 -0.3289
-0.3027 -0.2375 -0.3289
-0.1250 0.0988 -0.2781
-0.1250 0.0988 -1.0031
-0.3130 -0.1442 -0.5902
-0.3169 -0.1442 -0.5767
0.2875 -0.1875 -0.3289
0.3027 -0.1375 -0.3289
0.4491 -0.1125 -0.5767
0.4412 -0.1375 -0.5767
-0.2723 -0.1375 -0.3289
-0.2723 -0.1375 -0.3680
0.5000 -0.1375 -0.3680
0.5152 -0.1875 -0.3680
-0.5000 -0.0875 -0.5767
-0.5255 -0.0942 -0.5902
0.4584 -0.1741 -0.3289
0.4584 -0.1741 -0.3680
-0.2875 -0.1875 -0.3680
-0.2459 -0.2241 -0.3680
-0.3443 -0.2004 -0.3289
-0.3296 -0.2246 -0.3289
-0.3159 -0.1942 -0.2767
-0.3083 -0.2058 -0.2767
0.5568 -0.1246 -0.3289
0.5284 -0.1308 -0.2767
0.5000 -0.1375 -0.3289
0.4848 -0.1875 -0.3289
0.2625 0.1262 -0.2781
0.2625 0.1262 -1.0031
0.4716 -0.1442 -0.2767
0.4716 -0.1308 -0.2767
-0.1562 -0.0437 0.1793
0.1562 -0.0437 0.1793
0.5484 -0.1813 -0.1594
0.5283 -0.1637 -0.1594
-0.0670 0.1571 1.0140
-0.0670 -0.2446 1.0140
0.3027 -0.1375 -0.3680
0.3027 -0.1375 -0.5767
0.5000 -0.1375 -0.3289
0.5421 -0.1004 -0.3289
0.5000 -0.0875 -0.5767
0.5000 -0.0942 -0.6037
0.0987 0.0768 -1.2120
0.1062 -0.0518 -1.3094
-0.1000 0.0917 1.0281
-0.1000 0.3000 1.0281
-0.0987 0.0768 -1.2120
-0.1562 -0.0766 -1.0725
0.1562 -0.0675 -0.7248
0.1562 -0.0556 -0.2728
0.3169 -0.1875 -0.6235
0.3384 -0.1875 -0.6037
-0.1000 0.3000 1.0281
-0.1000 0.0917 1.0281
0.7312 -0.0750 -0.2406
0.7000 -0.0812 -0.2406
-0.4432 -0.1504 -0.3289
-0.4432 -0.1246 -0.3289
-0.1000 0.0083 1.0281
-0.1000 0.0083 1.0906
0.2667 -0.2058 -0.2767
0.2799 -0.2125 -0.2767
-0.1000 0.0188 1.0177
-0.1000 0.0188 0.8094
0.1062 -0.0518 -1.3094
0.1131 -0.1723 -1.3094
0.2875 -0.1875 -0.3680
0.3443 -0.1741 -0.3680
0.2391 -0.1449 -0.1594
0.2592 -0.1626 -0.1594
-0.1000 0.0188 1.3094
-0.1000 0.0812 1.3094
0.2875 -0.1875 -0.5767
0.3027 -0.1375 -0.5767
-0.5000 -0.1375 -0.5767
-0.5416 -0.1009 -0.5767
-0.3291 -0.2241 -0.3680
-0.3291 -0.2241 -0.5767
-0.5000 -0.1375 -0.3680
-0.5416 -0.1741 -0.3680
-0.2562 -0.1500 -0.4969
-0.3187 -0.1500 -0.4969
-0.7048 -0.0573 -0.2406
-0.7000 -0.0688 -0.2406
0.5568 -0.1241 -0.3680
0.5568 -0.1241 -0.5767
-0.1375 0.0241 1.1219
-0.1375 0.0759 1.1219
-0.2723 -0.1375 -0.3680
-0.2875 -0.1875 -0.3680
0.4706 -0.1808 -0.5767
0.5000 -0.1875 -0.5767
-0.3130 -0.1625 -0.6172
-0.3169 -0.1875 -0.6235
-0.7048 -0.0573 -0.6156
-0.7000 -0.0688 -0.6156
-0.1548 0.1708 -1.0031
-0.1355 0.1514 -1.0031
0.5255 -0.0942 -0.5902
0.5441 -0.1125 -0.6001
0.5000 -0.1375 -0.3680
0.4432 -0.1241 -0.3680
-0.3443 -0.1741 -0.3289
-0.3443 -0.1741 -0.3680
0.2875 -0.1875 -0.3289
0.3296 -0.2246 -0.3289
-0.1355 0.1514 -0.2781
-0.1250 0.1262 -0.2781
0.4745 -0.0942 -0.5902
0.4853 -0.0942 -0.6001
-0.7063 -0.0688 -0.2406
-0.7063 -0.0812 -0.2406
0.5000 -0.1625 -0.6235
0.5255 -0.1625 -0.6172
-0.5000 -0.1375 -0.2767
-0.5076 -0.1625 -0.2767
0.5000 -0.1375 -0.3289
0.4432 -0.1504 -0.3289
-0.4848 -0.0875 -0.3289
-0.5152 -0.0875 -0.3289
0.4924 -0.1125 -0.2767
0.5076 -0.1125 -0.2767
-0.2591 -0.1625 -0.1594
-0.3159 -0.1625 -0.1594
-0.7063 -0.0688 -0.6156
-0.7063 -0.0812 -0.6156
0.0670 0.1571 1.1531
-0.0670 0.1571 1.1531
-0.1562 -0.2625 -1.0725
-0.1562 -0.2008 -1.0725
-0.4848 -0.0875 -0.3680
-0.5000 -0.1375 -0.3680
0.2520 0.0736 -0.2781
0.2625 0.0988 -0.2781
0.2287 -0.1875 -0.5767
0.2366 -0.1875 -0.6037
-0.3359 -0.2313 -0.2376
-0.3158 -0.2137 -0.2376
0.3443 -0.1741 -0.3680
0.3291 -0.1509 -0.3680
-0.5000 -0.1375 -0.6307
-0.5294 -0.1375 -0.6235
0.7577 -0.0927 -0.2406
0.7625 -0.0812 -0.2406
-0.7312 -0.0750 -0.6156
-0.7625 -0.0688 -0.6156
0.2875 -0.1875 -0.3680
0.2459 -0.2241 -0.3680
-0.1062 -0.0518 -1.3094
-0.1562 -0.0766 -1.0725
0.4848 -0.0875 -0.3680
0.5152 -0.0875 -0.3680
0.2875 -0.1875 -0.5767
0.3027 -0.2375 -0.5767
-0.2875 -0.1875 -0.2767
-0.3083 -0.2058 -0.2767
-0.5000 -0.1375 -0.5767
-0.4848 -0.1875 -0.5767
-0.5152 -0.0875 -0.3289
-0.5152 -0.0875 -0.3680
-0.4853 -0.1875 -0.3289
-0.4924 -0.1625 -0.2767
-0.0625 0.1125 1.0335
-0.0625 0.1125 1.0853
-0.4716 -0.1625 -0.1594
-0.4716 -0.1125 -0.1594
-0.1937 0.1125 -1.0031
-0.2625 0.1262 -1.0031
-0.5284 -0.1625 -0.2767
-0.5284 -0.1125 -0.2767
0.1562 -0.0511 -0.0989
0.1562 -0.1880 -0.0989
0.2875 -0.1875 -0.3680
0.2723 -0.2375 -0.3680
0.0670 -0.2625 0.5966
0.0670 -0.2625 0.8749
-0.2459 -0.2241 -0.5767
-0.2723 -0.2375 -0.5767
-0.3187 -0.1500 -0.4344
-0.3187 -0.1500 -0.4969
0.2875 -0.1875 -0.3289
0.2728 -0.1375 -0.3289
-0.7048 -0.0927 -0.6156
-0.7135 -0.1015 -0.6156
0.4745 -0.0942 -0.5902
0.5000 -0.0875 -0.5767
0.2875 -0.1875 -0.2767
0.3083 -0.1692 -0.2767
-0.5000 -0.1375 -0.2767
-0.5076 -0.1125 -0.2767
-0.1355 0.0736 -0.2781
-0.1548 0.0542 -0.2781
0.5588 -0.1375 -0.5767
0.5509 -0.1625 -0.5767
0.5147 -0.1808 -0.6001
0.5255 -0.1808 -0.5902
-0.4848 -0.0875 -0.3680
-0.5152 -0.0875 -0.3680
-0.2459 -0.1509 -0.3680
-0.2307 -0.1741 -0.3680
-0.2327 0.1708 -0.2781
-0.2327 0.1708 -1.0031
-0.5152 -0.1875 -0.3680
-0.5000 -0.1375 -0.3680
0.4848 -0.0875 -0.3289
0.4848 -0.0875 -0.3680
-0.3291 -0.2241 -0.3289
-0.3443 -0.2009 -0.3289
0.4848 -0.1875 -0.3289
0.4848 -0.1875 -0.3680
-0.3296 -0.2246 -0.3289
-0.3022 -0.2375 -0.3289
-0.3159 -0.2125 -0.2767
-0.3159 -0.2125 -0.1594
0.2728 -0.2375 -0.3289
0.3022 -0.2375 -0.3289
0.5568 -0.1241 -0.3289
0.5416 -0.1009 -0.3289
0.4716 -0.1625 -0.2767
0.4716 -0.1625 -0.1594
-0.3083 -0.2058 -0.2767
-0.2951 -0.2125 -0.2767
-0.7312 -0.0750 -0.6156
-0.7250 -0.1063 -0.6156
-0.4432 -0.1509 -0.3680
-0.4432 -0.1509 -0.5767
0.4716 -0.1625 -0.1594
0.5284 -0.1625 -0.1594
-0.1562 -0.0511 -0.0989
-0.1295 0.2375 -0.3013
-0.2875 -0.1875 -0.3289
-0.3443 -0.1741 -0.3289
0.5283 -0.1126 -0.2376
0.5484 -0.0949 -0.2376
0.1562 0.1411 -0.0990
-0.1562 0.1411 -0.0990
0.7135 -0.1015 -0.2406
0.7135 -0.1015 -0.6156
-0.1562 0.1411 -0.0990
-0.1562 -0.0437 0.1793
-0.4559 -0.1125 -0.6001
-0.4491 -0.1375 -0.6037
0.2875 -0.1875 -0.6307
0.2875 -0.2125 -0.6235
-0.4584 -0.1009 -0.3289
-0.4584 -0.1009 -0.3680
0.2875 -0.2375 -0.5767
0.2728 -0.2308 -0.6001
0.3291 -0.2241 -0.3289
0.3443 -0.2009 -0.3289
0.5000 -0.1375 -0.2767
0.5284 -0.1308 -0.2767
0.2728 -0.1442 -0.6001
0.2875 -0.1442 -0.6037
0.2434 -0.1625 -0.6001
0.2620 -0.1625 -0.6172
0.3083 -0.2058 -0.2767
0.2951 -0.2125 -0.2767
0.2875 -0.1875 -0.2767
0.2591 -0.1942 -0.2767
-0.1562 -0.1985 -0.8987
-0.1562 -0.1962 -0.7249
-0.1937 0.1125 -0.2781
-0.2327 0.1708 -0.2781
-0.2459 -0.1509 -0.5767
-0.2723 -0.1375 -0.5767
-0.1000 0.0188 1.0177
-0.1000 0.0188 0.8094
-0.2620 -0.2308 -0.5902
-0.2875 -0.2375 -0.5767
0.2562 -0.1500 -0.4344
0.3187 -0.1500 -0.4344
-0.3443 -0.2009 -0.3680
-0.3443 -0.2009 -0.5767
-0.1548 0.1708 -0.2781
-0.1548 0.1708 -1.0031
-0.2307 -0.1741 -0.3289
-0.2307 -0.1741 -0.3680
0.5152 -0.1875 -0.3680
0.4848 -0.1875 -0.3680
-0.3291 -0.1509 -0.3289
-0.3027 -0.1375 -0.3289
-0.7312 -0.0750 -0.6156
-0.7048 -0.0573 -0.6156
-0.2875 -0.1875 -0.3680
-0.3291 -0.2241 -0.3680
-0.3022 -0.1375 -0.3289
-0.2951 -0.1625 -0.2767
0.2327 0.0542 -0.2781
0.2327 0.0542 -1.0031
0.1801 0.1813 -0.2781
0.1801 0.1813 -1.0031
0.1250 0.1262 -1.0031
0.1250 0.0988 -1.0031
0.1937 0.1125 -1.0031
0.1355 0.1514 -1.0031
0.3443 -0.2009 -0.3680
0.3443 -0.2009 -0.5767
0.0670 -0.1643 1.1531
-0.0670 -0.1643 1.1531
0.5000 -0.1375 -0.2767
0.4716 -0.1308 -0.2767
-0.1110 0.2375 -1.0094
0.1110 0.2375 -1.0094
0.3130 -0.2125 -0.6172
0.3022 -0.2308 -0.6001
0.0670 -0.2446 1.0140
-0.0670 -0.2446 1.0140
0.7000 -0.0688 -0.6156
0.7000 -0.0812 -0.6156
-0.5416 -0.1009 -0.3680
-0.5416 -0.1009 -0.5767
0.7312 -0.0750 -0.6156
0.7048 -0.0573 -0.6156
0.2459 -0.1509 -0.3680
0.2307 -0.1741 -0.3680
0.2875 -0.1625 -0.6235
0.3130 -0.1625 -0.6172
0.1562 -0.3000 -0.2728
0.1562 -0.3000 -0.7251
-0.1562 -0.0518 0.1793
-0.1562 -0.2750 0.1793
-0.5509 -0.1375 -0.6037
-0.5441 -0.1625 -0.6001
-0.5000 -0.1808 -0.6037
-0.5147 -0.1808 -0.6001
-0.4579 -0.1746 -0.3289
-0.5000 -0.1375 -0.3289
-0.4706 -0.0942 -0.5767
-0.4491 -0.1125 -0.5767
0.7625 -0.0812 -0.2406
0.7625 -0.0688 -0.2406
-0.4792 -0.1558 -0.2767
-0.4716 -0.1442 -0.2767
0.5000 -0.1875 -0.5767
0.5255 -0.1808 -0.5902
-0.4432 -0.1241 -0.3680
-0.4432 -0.1509 -0.3680
0.2454 -0.2246 -0.3289
0.2667 -0.2058 -0.2767
-0.5147 -0.0942 -0.6001
-0.5255 -0.0942 -0.5902
-0.1562 -0.0675 -0.7248
-0.1562 -0.1962 -0.7249
-0.5076 -0.1125 -0.2767
-0.5208 -0.1192 -0.2767
-0.1000 0.0083 1.0281
-0.1000 0.0083 1.0906
0.2591 -0.2125 -0.2767
0.2591 -0.2125 -0.1594
-0.5000 -0.1375 -0.3680
-0.5416 -0.1009 -0.3680
-0.7312 -0.0750 -0.2406
-0.7250 -0.0437 -0.2406
-0.5000 -0.1375 -0.3289
-0.5416 -0.1741 -0.3289
-0.1000 0.0188 1.3094
-0.1000 0.0812 1.3094
0.3159 -0.2125 -0.2767
0.3159 -0.1625 -0.2767
-0.2875 -0.1875 -0.3680
-0.2307 -0.1741 -0.3680
-0.2875 -0.1442 -0.6037
-0.2875 -0.1625 -0.6235
-0.7135 -0.1015 -0.6156
-0.7250 -0.1063 -0.6156
0.4491 -0.1125 -0.5767
0.4559 -0.1125 -0.6001
-0.2459 -0.1509 -0.5767
-0.2307 -0.1741 -0.5767
0.4584 -0.1009 -0.3680
0.4584 -0.1009 -0.5767
-0.3169 -0.1442 -0.5767
-0.3384 -0.1625 -0.5767
0.5441 -0.1125 -0.6001
0.5509 -0.1125 -0.5767
-0.2667 -0.2058 -0.2767
-0.2799 -0.2125 -0.2767
-0.1562 -0.0812 -0.2406
-0.7063 -0.0812 -0.2406
0.4584 -0.1009 -0.3289
0.4848 -0.0875 -0.3289
-0.2454 -0.1504 -0.3289
-0.2728 -0.1375 -0.3289
0.5509 -0.1375 -0.6037
0.5588 -0.1375 -0.5767
-0.2875 -0.1875 -0.3289
-0.2307 -0.1746 -0.3289
0.7312 -0.0750 -0.2406
0.7375 -0.0437 -0.2406
-0.2391 -0.1449 -0.1594
-0.2592 -0.1626 -0.1594
0.1801 0.0437 -0.2781
0.2074 0.0437 -0.2781
-0.1562 -0.0812 -0.6156
-0.7063 -0.0812 -0.6156
0.1937 0.1125 -0.2781
0.1250 0.0988 -0.2781
0.4432 -0.1246 -0.3289
0.4716 -0.1308 -0.2767
0.5284 -0.1625 -0.1594
0.5284 -0.1625 -0.2767
-0.2592 -0.1626 -0.1594
-0.2592 -0.1626 -0.2376
0.3027 -0.2375 -0.3680
0.3291 -0.2241 -0.3680
-0.0670 -0.1643 1.1531
-0.0670 -0.2446 1.0140
0.0670 -0.0839 0.5966
-0.0670 -0.0839 0.5966
-0.4491 -0.1125 -0.5767
-0.4559 -0.1125 -0.6001
-0.5509 -0.1625 -0.5767
-0.5294 -0.1808 -0.5767
0.0950 -0.2054 -1.3094
-0.0950 -0.2054 -1.3094
0.2366 -0.1625 -0.5767
0.2287 -0.1875 -0.5767
0.7250 -0.1063 -0.2406
0.7250 -0.1063 -0.6156
-0.5000 -0.1375 -0.3680
-0.4848 -0.1875 -0.3680
-0.5441 -0.1125 -0.6001
-0.5509 -0.1125 -0.5767
0.3443 -0.2009 -0.3289
0.3443 -0.1741 -0.3289
-0.0625 -0.0125 1.0335
-0.0625 0.0241 0.9969
0.3159 -0.1625 -0.1594
0.3159 -0.1625 -0.2767
-0.1000 0.3000 1.0906
-0.1000 0.3000 1.0906
0.2875 -0.1875 -0.3289
0.2723 -0.2375 -0.3289
-0.2875 -0.1875 -0.5767
-0.2307 -0.1741 -0.5767
0.0987 0.0768 -1.2120
0.1110 0.2375 -1.0094
0.2591 -0.1942 -0.2767
0.2591 -0.1808 -0.2767
-0.1000 0.0812 1.0177
-0.1000 0.0812 1.0177
-0.5284 -0.1625 -0.1594
-0.5284 -0.1625 -0.2767
-0.1295 0.2375 -0.3013
-0.1262 0.2375 -0.4277
0.2562 -0.0750 -0.4344
0.2562 -0.1500 -0.4344
0.4706 -0.1808 -0.5767
0.4745 -0.1808 -0.5902
-0.4848 -0.0875 -0.3680
-0.5152 -0.0875 -0.3680
0.1801 0.1813 -1.0031
0.2074 0.1813 -1.0031
-0.3443 -0.1741 -0.3680
-0.3291 -0.1509 -0.3680
0.2875 -0.1875 -0.3680
0.3291 -0.1509 -0.3680
0.2562 -0.0750 -0.4969
0.2562 -0.1500 -0.4969
0.7312 -0.0750 -0.2406
0.7577 -0.0927 -0.2406
-0.1355 0.1514 -0.2781
-0.1355 0.1514 -1.0031
0.4432 -0.1241 -0.3289
0.4432 -0.1241 -0.3680
-0.3083 -0.1692 -0.2767
-0.3159 -0.1808 -0.2767
0.5000 -0.1375 -0.3680
0.5416 -0.1741 -0.3680
0.5147 -0.0875 -0.3289
0.5076 -0.1125 -0.2767
-0.2620 -0.1442 -0.5902
-0.2728 -0.1442 -0.6001
-0.2875 -0.1875 -0.3680
-0.2723 -0.2375 -0.3680
-0.7063 -0.0812 -0.2406
-0.7063 -0.0812 -0.6156
0.2520 0.0736 -0.2781
0.2520 0.0736 -1.0031
0.4792 -0.1558 -0.2767
0.5000 -0.1375 -0.2767
-0.1562 -0.0675 -0.7248
-0.1562 -0.0720 -0.8987
0.4516 -0.1813 -0.1594
0.4516 -0.1813 -0.2376
0.0670 0.1571 1.0140
0.0670 -0.2446 1.0140
0.3443 -0.1741 -0.3680
0.3443 -0.1741 -0.5767
0.5000 -0.1375 -0.3289
0.5152 -0.1875 -0.3289
0.4516 -0.1813 -0.2376
0.4717 -0.1637 -0.2376
0.7577 -0.0927 -0.2406
0.7577 -0.0927 -0.6156
-0.0670 -0.0839 0.5966
-0.1562 -0.0518 0.1793
-0.1562 -0.1844 0.1793
-0.1562 -0.1880 -0.0989
0.5000 -0.1375 -0.3289
0.5568 -0.1246 -0.3289
0.1562 0.1411 -0.0990
0.1295 0.2375 -0.3013
0.3316 -0.1625 -0.6001
0.3384 -0.1875 -0.6037
0.2620 -0.1442 -0.5902
0.2728 -0.1442 -0.6001
0.2875 -0.2125 -0.6235
0.3130 -0.2125 -0.6172
-0.1562 -0.1880 -0.0989
-0.1562 -0.1903 -0.2728
-0.1000 0.0917 1.0281
-0.1000 0.3000 1.0281
-0.4717 -0.1637 -0.1594
-0.4516 -0.1813 -0.1594
-0.4432 -0.1509 -0.3680
-0.4584 -0.1741 -0.3680
-0.1562 -0.2750 -0.8988
-0.1562 -0.1985 -0.8987
-0.1375 0.1125 1.0853
-0.0625 0.1125 1.0853
-0.1562 -0.2750 -0.0989
-0.1562 -0.3000 -0.2728
-0.5208 -0.1192 -0.2767
-0.5284 -0.1308 -0.2767
0.2591 -0.1625 -0.1594
0.2591 -0.1625 -0.2767
-0.2723 -0.2375 -0.3680
-0.2723 -0.2375 -0.5767
-0.7250 -0.0437 -0.2406
-0.7135 -0.0485 -0.2406
0.2875 -0.1875 -0.3680
0.3291 -0.1509 -0.3680
0.2391 -0.1449 -0.1594
0.2391 -0.1449 -0.2376
-0.1355 0.0736 -0.2781
-0.1355 0.0736 -1.0031
0.4412 -0.1375 -0.5767
0.4491 -0.1625 -0.5767
-0.5000 -0.1375 -0.5767
-0.5152 -0.0875 -0.5767
-0.2875 -0.1875 -0.6307
-0.2875 -0.2125 -0.6235
0.5000 -0.1375 -0.3680
0.4432 -0.1241 -0.3680
-0.2875 -0.2375 -0.5767
-0.2728 -0.2308 -0.6001
-0.7250 -0.0437 -0.6156
-0.7135 -0.0485 -0.6156
-0.5000 -0.1375 -0.3680
-0.5568 -0.1509 -0.3680
-0.1937 0.1125 -1.0031
-0.1801 0.1813 -1.0031
0.2723 -0.1375 -0.3680
0.3027 -0.1375 -0.3680
0.1562 -0.3000 -0.7251
0.1562 -0.2750 -0.8988
-0.2728 -0.1442 -0.6001
-0.2875 -0.1442 -0.6037
-0.3291 -0.2241 -0.3289
-0.3291 -0.2241 -0.3680
-0.2434 -0.1625 -0.6001
-0.2620 -0.1625 -0.6172
-0.1801 0.1813 -0.2781
-0.1548 0.1708 -0.2781
0.7063 -0.0688 -0.2406
0.7063 -0.0688 -0.6156
-0.1176 0.2375 -0.7565
-0.1143 0.2375 -0.8829
0.4716 -0.1308 -0.2767
0.4792 -0.1192 -0.2767
0.5000 -0.1375 -0.3680
0.4432 -0.1509 -0.3680
-0.1562 -0.0688 -0.6156
-0.1562 -0.0812 -0.6156
0.2875 -0.1875 -0.3289
0.3022 -0.2375 -0.3289
0.5255 -0.1808 -0.5902
0.5294 -0.1808 -0.5767
0.4579 -0.1004 -0.3289
0.4853 -0.0875 -0.3289
-0.3022 -0.2375 -0.3289
-0.2951 -0.2125 -0.2767
0.5000 -0.1375 -0.3289
0.4432 -0.1246 -0.3289
-0.2592 -0.1626 -0.2376
-0.2391 -0.1449 -0.2376
0.2074 0.0437 -0.2781
0.2327 0.0542 -0.2781
0.2620 -0.1442 -0.5902
0.2875 -0.1375 -0.5767
0.7250 -0.1063 -0.6156
0.7375 -0.1063 -0.6156
-0.4848 -0.0875 -0.3680
-0.4848 -0.0875 -0.5767
0.3291 -0.2241 -0.3680
0.3443 -0.2009 -0.3680
0.3463 -0.1875 -0.5767
0.3384 -0.2125 -0.5767
-0.1176 0.2375 -0.7565
-0.1262 0.2375 -0.4277
0.7375 -0.1063 -0.2406
0.7490 -0.1015 -0.2406
0.0670 -0.2625 0.5966
-0.0670 -0.2625 0.5966
-0.4412 -0.1375 -0.5767
-0.4491 -0.1375 -0.6037
0.3384 -0.2125 -0.5767
0.3169 -0.2308 -0.5767
0.1562 -0.1903 -0.2728
0.1562 -0.1880 -0.0989
0.3130 -0.1442 -0.5902
0.3169 -0.1442 -0.5767
0.1562 -0.2750 0.1793
-0.1562 -0.2750 0.1793
-0.4848 -0.0875 -0.3289
-0.5000 -0.1375 -0.3289
-0.5441 -0.1625 -0.6001
-0.5509 -0.1625 -0.5767
-0.7312 -0.0750 -0.6156
-0.7577 -0.0573 -0.6156
0.2307 -0.2004 -0.3289
0.2591 -0.1942 -0.2767
-0.0625 0.0241 0.9969
-0.0625 0.0759 0.9969
0.2591 -0.2125 -0.2767
0.2591 -0.2125 -0.1594
-0.2875 -0.1875 -0.2767
-0.2951 -0.2125 -0.2767
-0.5000 -0.1375 -0.5767
-0.5152 -0.1875 -0.5767
-0.5255 -0.1808 -0.5902
-0.5294 -0.1808 -0.5767
0.3443 -0.1741 -0.3680
0.3291 -0.1509 -0.3680
0.2591 -0.2125 -0.1594
0.3159 -0.2125 -0.1594
-0.2307 -0.1741 -0.5767
-0.2307 -0.2009 -0.5767
0.4848 -0.0875 -0.5767
0.5000 -0.1375 -0.5767
-0.3130 -0.2125 -0.6172
-0.3022 -0.2308 -0.6001
-0.5283 -0.1126 -0.2376
-0.5283 -0.1126 -0.1594
-0.7000 -0.0688 -0.6156
-0.7000 -0.0812 -0.6156
-0.2307 -0.2009 -0.3680
-0.2459 -0.2241 -0.3680
-0.2459 -0.1509 -0.3680
-0.2307 -0.1741 -0.3680
-0.1250 0.1262 -0.2781
-0.1250 0.0988 -0.2781
0.2875 -0.1875 -0.3289
0.3022 -0.1375 -0.3289
-0.1937 0.1125 -0.2781
-0.1355 0.1514 -0.2781
0.4745 -0.0942 -0.5902
0.4559 -0.1125 -0.6001
0.2875 -0.1875 -0.2767
0.3159 -0.1808 -0.2767
0.4853 -0.0942 -0.6001
0.4745 -0.1125 -0.6172
-0.5000 -0.1375 -0.2767
-0.5208 -0.1192 -0.2767
-0.7000 -0.0812 -0.2406
-0.7000 -0.0812 -0.6156
-0.2459 -0.2241 -0.3680
-0.2723 -0.2375 -0.3680
0.4432 -0.1509 -0.3289
0.4432 -0.1509 -0.3680
-0.2591 -0.2125 -0.2767
-0.2591 -0.2125 -0.1594
0.1562 -0.0688 -0.2406
0.1562 -0.0812 -0.2406
0.2625 0.0988 -0.2781
0.2625 0.1262 -0.2781
0.1562 -0.0812 -0.6156
0.7063 -0.0812 -0.6156
-0.3159 -0.1808 -0.2767
-0.3159 -0.1942 -0.2767
0.5421 -0.1004 -0.3289
0.5208 -0.1192 -0.2767
-0.4848 -0.0875 -0.5767
-0.5000 -0.1375 -0.5767
-0.3159 -0.2125 -0.2767
-0.3159 -0.1625 -0.2767
0.2625 0.0988 -1.0031
0.2625 0.1262 -1.0031
0.3291 -0.1509 -0.3680
0.3027 -0.1375 -0.3680
0.1062 -0.0518 -1.3094
-0.1062 -0.0518 -1.3094
0.4716 -0.1625 -0.2767
0.5284 -0.1625 -0.2767
-0.7312 -0.0750 -0.6156
-0.7375 -0.1063 -0.6156
0.3291 -0.1509 -0.5767
0.3027 -0.1375 -0.5767
0.3027 -0.2375 -0.3680
0.2723 -0.2375 -0.3680
0.5484 -0.1813 -0.2376
0.5484 -0.1813 -0.1594
-0.4706 -0.0942 -0.5767
-0.5000 -0.0875 -0.5767
-0.2875 -0.1875 -0.3289
-0.3291 -0.1509 -0.3289
0.7625 -0.0812 -0.2406
0.7625 -0.0812 -0.6156
-0.4853 -0.0942 -0.6001
-0.4745 -0.1125 -0.6172
-0.0670 -0.2625 0.5966
-0.1562 -0.2750 0.1793
-0.1562 -0.1903 -0.2728
-0.1562 -0.1962 -0.7249
-0.4432 -0.1509 -0.3289
-0.4432 -0.1509 -0.3680
-0.2875 -0.1375 -0.5767
-0.3169 -0.1442 -0.5767
0.5000 -0.1375 -0.2767
0.5284 -0.1442 -0.2767
0.0670 -0.2625 0.5966
0.0670 -0.0839 0.5966
-0.5421 -0.1004 -0.3289
-0.5208 -0.1192 -0.2767
-0.4516 -0.1813 -0.2376
-0.4717 -0.1637 -0.2376
0.7312 -0.0750 -0.6156
0.7375 -0.1063 -0.6156
-0.1375 0.0759 1.1219
-0.0625 0.0759 1.1219
0.2875 -0.1875 -0.2767
0.2591 -0.1808 -0.2767
-0.5000 -0.1375 -0.2767
-0.4716 -0.1442 -0.2767
0.4584 -0.1009 -0.3680
0.5000 -0.1375 -0.3680
-0.3027 -0.2375 -0.3680
-0.3027 -0.2375 -0.5767
-0.7250 -0.1063 -0.2406
-0.7250 -0.1063 -0.6156
0.4491 -0.1625 -0.5767
0.4706 -0.1808 -0.5767
-0.2620 -0.1625 -0.6172
-0.2875 -0.1625 -0.6235
-0.3443 -0.2009 -0.3289
-0.3443 -0.1741 -0.3289
0.2875 -0.2375 -0.5767
0.3130 -0.2308 -0.5902
0.4559 -0.1625 -0.6001
0.4745 -0.1808 -0.5902
-0.3022 -0.1442 -0.6001
-0.3130 -0.1625 -0.6172
0.4584 -0.1009 -0.3680
0.5000 -0.1375 -0.3680
-0.2581 -0.1875 -0.6235
-0.2875 -0.1875 -0.6307
0.7063 -0.0812 -0.2406
0.7063 -0.0812 -0.6156
-0.2875 -0.1875 -0.3680
-0.3443 -0.2009 -0.3680
0.4792 -0.1192 -0.2767
0.4924 -0.1125 -0.2767
0.4853 -0.0875 -0.3289
0.5147 -0.0875 -0.3289
-0.2875 -0.1875 -0.3680
-0.3291 -0.1509 -0.3680
-0.4584 -0.1009 -0.3680
-0.5000 -0.1375 -0.3680
0.4717 -0.1126 -0.2376
0.4516 -0.0949 -0.2376
-0.4491 -0.1375 -0.6037
-0.4559 -0.1625 -0.6001
0.1937 0.1125 -1.0031
0.1250 0.1262 -1.0031
0.2366 -0.1625 -0.5767
0.2434 -0.1625 -0.6001
-0.2875 -0.1375 -0.5767
-0.3022 -0.1442 -0.6001
-0.4491 -0.1625 -0.5767
-0.4706 -0.1808 -0.5767
0.2581 -0.1875 -0.6235
0.2875 -0.1875 -0.6307
0.1562 -0.0518 0.1793
0.1562 -0.2750 0.1793
-0.1562 -0.3000 -0.2728
-0.1562 -0.3000 -0.7251
0.7312 -0.0750 -0.6156
0.7000 -0.0688 -0.6156
0.7490 -0.1015 -0.2406
0.7577 -0.0927 -0.2406
-0.1000 0.3000 1.0906
-0.1000 0.0917 1.0906
-0.4584 -0.1009 -0.3680
-0.5000 -0.1375 -0.3680
0.2459 -0.1509 -0.3289
0.2723 -0.1375 -0.3289
0.3384 -0.1875 -0.6037
0.3463 -0.1875 -0.5767
-0.1000 0.0917 1.0906
-0.1000 0.3000 1.0906
-0.1000 0.0812 1.0177
-0.1000 0.0812 0.8094
-0.4792 -0.1192 -0.2767
-0.4924 -0.1125 -0.2767
-0.1375 0.0500 1.0594
-0.1375 -0.0125 1.0853
0.2307 -0.1746 -0.3289
0.2591 -0.1808 -0.2767
-0.3443 -0.1741 -0.3680
-0.3443 -0.1741 -0.5767
-0.4853 -0.0875 -0.3289
-0.5147 -0.0875 -0.3289
0.2591 -0.2125 -0.2767
0.2591 -0.1625 -0.2767
-0.1375 0.1125 1.0335
-0.1375 0.1125 1.0853
-0.5000 -0.1375 -0.3680
-0.5152 -0.0875 -0.3680
-0.7312 -0.0750 -0.2406
-0.7135 -0.0485 -0.2406
-0.5000 -0.1375 -0.3289
-0.5568 -0.1509 -0.3289
-0.7000 -0.0812 -0.6156
-0.7048 -0.0927 -0.6156
-0.2459 -0.2241 -0.3680
-0.2723 -0.2375 -0.3680
-0.2875 -0.1875 -0.3680
-0.2307 -0.2009 -0.3680
-0.3316 -0.1625 -0.6001
-0.3384 -0.1875 -0.6037
-0.2875 -0.2125 -0.6235
-0.3130 -0.2125 -0.6172
-0.7048 -0.0927 -0.2406
-0.7135 -0.1015 -0.2406
-0.1250 0.0988 -0.2781
-0.1355 0.0736 -0.2781
0.4584 -0.1741 -0.3289
0.4848 -0.1875 -0.3289
-0.2875 -0.2308 -0.6037
-0.3022 -0.2308 -0.6001
-0.1250 0.0988 -1.0031
-0.1355 0.0736 -1.0031
0.1562 -0.0688 -0.6156
0.1562 -0.0812 -0.6156
0.5255 -0.1625 -0.6172
0.5441 -0.1625 -0.6001
-0.2875 -0.1375 -0.5767
-0.2728 -0.1442 -0.6001
0.5568 -0.1246 -0.3289
0.5568 -0.1504 -0.3289
-0.2591 -0.1625 -0.1594
-0.2591 -0.1625 -0.2767
0.2625 0.1262 -0.2781
0.2520 0.1514 -0.2781
0.4584 -0.1009 -0.3289
0.4584 -0.1009 -0.3680
0.2459 -0.1509 -0.5767
0.2723 -0.1375 -0.5767
-0.1562 -0.0437 0.1793
-0.1562 -0.0511 -0.0989
-0.2875 -0.1875 -0.3289
-0.2454 -0.1504 -0.3289
-0.2391 -0.1449 -0.1594
-0.2391 -0.1449 -0.2376
-0.4432 -0.1241 -0.3680
-0.4432 -0.1241 -0.5767
0.2625 0.1262 -1.0031
0.2520 0.1514 -1.0031
0.1937 0.1125 -0.2781
0.1355 0.0736 -0.2781
0.2620 -0.2308 -0.5902
0.2875 -0.2375 -0.5767
-0.4745 -0.1125 -0.6172
-0.4706 -0.1375 -0.6235
0.0670 0.1571 1.0140
0.0670 -0.2446 1.0140
0.2307 -0.1741 -0.3289
0.2307 -0.1741 -0.3680
-0.5294 -0.1375 -0.6235
-0.5509 -0.1375 -0.6037
0.7625 -0.0688 -0.6156
0.7577 -0.0573 -0.6156
-0.4706 -0.1375 -0.6235
-0.4745 -0.1625 -0.6172
0.2875 -0.1375 -0.5767
0.2728 -0.1442 -0.6001
-0.0987 0.0768 -1.2120
-0.1110 0.2375 -1.0094
-0.1562 -0.0675 -0.7248
-0.1562 -0.1962 -0.7249
-0.1000 0.3000 1.0281
-0.1000 0.3000 1.0281
-0.5000 -0.1375 -0.3680
-0.5152 -0.1875 -0.3680
-0.4584 -0.1741 -0.3289
-0.4584 -0.1741 -0.3680
0.2667 -0.2058 -0.2767
0.2875 -0.1875 -0.2767
0.1562 -0.0720 -0.8987
0.1562 -0.1985 -0.8987
-0.1000 0.0188 1.0177
-0.1000 0.0188 1.0177
-0.5568 -0.1246 -0.3289
-0.5284 -0.1308 -0.2767
0.2875 -0.1875 -0.3289
0.3027 -0.2375 -0.3289
-0.2875 -0.1875 -0.5767
-0.2307 -0.2009 -0.5767
-0.1000 0.0188 0.8094
-0.1000 0.0188 0.8094
0.2391 -0.2313 -0.2376
0.2592 -0.2137 -0.2376
-0.3291 -0.2241 -0.3680
-0.3443 -0.2009 -0.3680
-0.5484 -0.1813 -0.1594
-0.5283 -0.1637 -0.1594
0.2562 -0.0750 -0.4344
0.3187 -0.0750 -0.4344
-0.3291 -0.2241 -0.5767
-0.3443 -0.2009 -0.5767
-0.5000 -0.1375 -0.3289
-0.5421 -0.1004 -0.3289
0.5152 -0.1875 -0.3680
0.5152 -0.1875 -0.5767
0.2875 -0.1875 -0.3680
0.3027 -0.1375 -0.3680
-0.7375 -0.1063 -0.2406
-0.7375 -0.1063 -0.6156
0.2562 -0.0750 -0.4969
0.3187 -0.0750 -0.4969
-0.1801 0.0437 -1.0031
-0.2074 0.0437 -1.0031
0.4584 -0.1009 -0.5767
0.5000 -0.1375 -0.5767
-0.3443 -0.1741 -0.3289
-0.3291 -0.1509 -0.3289
0.7312 -0.0750 -0.2406
0.7625 -0.0812 -0.2406
0.1937 0.1125 -0.2781
0.1801 0.1813 -0.2781
0.4579 -0.1004 -0.3289
0.4792 -0.1192 -0.2767
-0.3443 -0.1741 -0.3680
-0.3291 -0.1509 -0.3680
0.5568 -0.1509 -0.3289
0.5568 -0.1509 -0.3680
0.5283 -0.1126 -0.1594
0.5484 -0.0949 -0.1594
0.5000 -0.1375 -0.3680
0.5568 -0.1509 -0.3680
-0.5152 -0.1875 -0.3680
-0.5416 -0.1741 -0.3680
0.4792 -0.1558 -0.2767
0.4716 -0.1442 -0.2767
-0.0987 0.0768 -1.2120
-0.1062 -0.0518 -1.3094
0.2287 -0.1875 -0.5767
0.2366 -0.2125 -0.5767
-0.4559 -0.1625 -0.6001
-0.4745 -0.1808 -0.5902
0.0670 0.1571 1.0140
-0.0670 0.1571 1.0140
-0.5000 -0.1625 -0.6235
-0.5000 -0.1808 -0.6037
-0.1562 -0.0556 -0.2728
-0.1262 0.2375 -0.4277
0.2366 -0.1875 -0.6037
0.2434 -0.2125 -0.6001
-0.1562 -0.0766 -1.0725
-0.1110 0.2375 -1.0094
0.0670 -0.0839 0.8749
-0.0670 -0.0839 0.8749
-0.4706 -0.1808 -0.5767
-0.5000 -0.1875 -0.5767
0.2728 -0.2308 -0.6001
0.2875 -0.2308 -0.6037
0.5000 -0.1375 -0.3289
0.5568 -0.1504 -0.3289
-0.0670 -0.0839 0.8749
-0.0670 -0.2625 0.8749
-0.5000 -0.1375 -0.3680
-0.4432 -0.1241 -0.3680
0.2454 -0.1504 -0.3289
0.2728 -0.1375 -0.3289
-0.1000 -0.2000 1.0281
-0.1000 0.0083 1.0281
-0.5000 -0.1375 -0.3289
-0.4432 -0.1504 -0.3289
-0.4924 -0.1125 -0.2767
-0.5076 -0.1125 -0.2767
0.3159 -0.1625 -0.1594
0.3159 -0.1625 -0.2767
-0.4717 -0.1637 -0.1594
-0.4717 -0.1637 -0.2376
-0.2307 -0.2009 -0.3680
-0.2307 -0.2009 -0.5767
-0.3027 -0.2375 -0.3680
-0.2723 -0.2375 -0.3680
-0.2562 -0.0750 -0.4344
-0.2562 -0.0750 -0.4969
-0.2620 -0.2125 -0.6172
-0.2728 -0.2308 -0.6001
0.4432 -0.1509 -0.5767
0.4584 -0.1741 -0.5767
0.5000 -0.1375 -0.3680
0.4432 -0.1509 -0.3680
-0.3316 -0.2125 -0.6001
-0.3130 -0.2308 -0.5902
-0.1937 0.1125 -1.0031
-0.1548 0.1708 -1.0031
0.1562 -0.0688 -0.2406
0.1562 -0.0688 -0.6156
-0.7135 -0.1015 -0.2406
-0.7250 -0.1063 -0.2406
-0.2625 0.0988 -0.2781
-0.2625 0.0988 -1.0031
0.4848 -0.1875 -0.3289
0.5152 -0.1875 -0.3289
-0.2728 -0.2375 -0.3289
-0.2875 -0.1875 -0.3289
-0.1562 -0.0688 -0.2406
-0.7063 -0.0688 -0.2406
-0.1355 0.0736 -1.0031
-0.1548 0.0542 -1.0031
0.5255 -0.0942 -0.5902
0.5294 -0.0942 -0.5767
0.5000 -0.1375 -0.3289
0.4432 -0.1241 -0.3289
0.5000 -0.1375 -0.3680
0.4584 -0.1741 -0.3680
-0.1562 -0.0688 -0.6156
-0.7063 -0.0688 -0.6156
-0.4432 -0.1509 -0.3680
-0.4584 -0.1741 -0.3680
0.5000 -0.1375 -0.3289
0.4579 -0.1004 -0.3289
0.5284 -0.1442 -0.2767
0.5208 -0.1558 -0.2767
0.1562 -0.3000 -0.2728
0.1562 -0.1903 -0.2728
0.1562 -0.2625 -1.0725
0.1562 -0.2008 -1.0725
0.2620 -0.1442 -0.5902
0.2434 -0.1625 -0.6001
0.7135 -0.1015 -0.2406
0.7250 -0.1063 -0.2406
-0.2875 -0.2375 -0.5767
-0.3130 -0.2308 -0.5902
0.1143 0.2375 -0.8829
0.1562 -0.0720 -0.8987
0.3130 -0.1625 -0.6172
0.3316 -0.1625 -0.6001
-0.5147 -0.1808 -0.6001
-0.5255 -0.1808 -0.5902
0.7577 -0.0573 -0.6156
0.7490 -0.0485 -0.6156
-0.4848 -0.1875 -0.3289
-0.5152 -0.1875 -0.3289
0.1062 -0.0518 -1.3094
0.1562 -0.0766 -1.0725
-0.1000 0.3000 1.0281
-0.1000 0.3000 1.0906
-0.4848 -0.0875 -0.3289
-0.4848 -0.0875 -0.3680
-0.7312 -0.0750 -0.6156
-0.7490 -0.0485 -0.6156
-0.5568 -0.1504 -0.3289
-0.5421 -0.1746 -0.3289
0.3159 -0.2125 -0.1594
0.3159 -0.1625 -0.1594
0.2591 -0.2125 -0.2767
0.3159 -0.2125 -0.2767
-0.0625 0.0500 1.0594
-0.0625 0.0241 0.9969
-0.1000 0.0188 1.0177
-0.1000 0.0812 1.0177
-0.4716 -0.1625 -0.2767
-0.4716 -0.1625 -0.1594
-0.1000 0.0812 1.3094
-0.1000 0.0812 1.1010
0.4848 -0.0875 -0.3680
0.5000 -0.1375 -0.3680
-0.3443 -0.2009 -0.3680
-0.3443 -0.1741 -0.3680
-0.5283 -0.1126 -0.2376
-0.5484 -0.0949 -0.2376
-0.7490 -0.1015 -0.2406
-0.7577 -0.0927 -0.2406
0.5152 -0.1875 -0.3680
0.5152 -0.1875 -0.3289
-0.3443 -0.2009 -0.5767
-0.3443 -0.1741 -0.5767
-0.2366 -0.1875 -0.6037
-0.2581 -0.1875 -0.6235
0.5416 -0.1741 -0.3680
0.5416 -0.1741 -0.5767
-0.2459 -0.1509 -0.3289
-0.2723 -0.1375 -0.3289
0.2875 -0.1875 -0.3289
0.3296 -0.1504 -0.3289
-0.1937 0.1125 -0.2781
-0.1250 0.1262 -0.2781
-0.2074 0.0437 -1.0031
-0.2327 0.0542 -1.0031
0.4848 -0.0875 -0.3680
0.5000 -0.1375 -0.3680
0.2875 -0.1875 -0.2767
0.3159 -0.1942 -0.2767
-0.2591 -0.1625 -0.2767
-0.2591 -0.1625 -0.1594
-0.5000 -0.1375 -0.2767
-0.5284 -0.1308 -0.2767
0.5255 -0.1125 -0.6172
0.5294 -0.1375 -0.6235
0.2799 -0.2125 -0.2767
0.2951 -0.2125 -0.2767
-0.2307 -0.1746 -0.3289
-0.2591 -0.1808 -0.2767
0.7250 -0.0437 -0.2406
0.7375 -0.0437 -0.2406
0.1801 0.1813 -0.2781
0.1548 0.1708 -0.2781
0.4853 -0.0875 -0.3289
0.4924 -0.1125 -0.2767
-0.4584 -0.1009 -0.3680
-0.4848 -0.0875 -0.3680
-0.3291 -0.1509 -0.3680
-0.3027 -0.1375 -0.3680
-0.2591 -0.2125 -0.2767
-0.2591 -0.1625 -0.2767
0.1562 -0.0688 -0.2406
0.7063 -0.0688 -0.2406
0.3443 -0.2009 -0.5767
0.3443 -0.1741 -0.5767
0.4717 -0.1637 -0.1594
0.4516 -0.1813 -0.1594
0.7490 -0.1015 -0.2406
0.7490 -0.1015 -0.6156
-0.1562 -0.0766 -1.0725
-0.1562 -0.2008 -1.0725
-0.7312 -0.0750 -0.6156
-0.7490 -0.1015 -0.6156
0.2434 -0.2125 -0.6001
0.2620 -0.2308 -0.5902
-0.4848 -0.0875 -0.3680
-0.5000 -0.1375 -0.3680
-0.2875 -0.1875 -0.3289
-0.3027 -0.1375 -0.3289
0.3291 -0.1509 -0.3680
0.3027 -0.1375 -0.3680
0.1562 -0.1844 0.1793
-0.1562 -0.1844 0.1793
-0.1000 -0.2000 1.0281
-0.1000 -0.2000 1.0906
-0.4853 -0.0875 -0.3289
-0.4924 -0.1125 -0.2767
0.1937 0.1125 -1.0031
0.2327 0.0542 -1.0031
0.2875 -0.1875 -0.6307
0.3169 -0.1875 -0.6235
-0.1375 0.1125 1.0335
-0.0625 0.1125 1.0335
0.2728 -0.1375 -0.3289
0.3022 -0.1375 -0.3289
-0.1000 0.0188 1.1010
-0.1000 0.0188 1.1010
-0.1562 -0.2750 -0.0989
-0.1562 -0.1880 -0.0989
-0.2459 -0.2241 -0.3680
-0.2459 -0.2241 -0.5767
0.7312 -0.0750 -0.6156
0.7490 -0.1015 -0.6156
-0.5000 -0.1375 -0.2767
-0.4716 -0.1308 -0.2767
-0.7048 -0.0927 -0.2406
-0.7048 -0.0927 -0.6156
0.4584 -0.1741 -0.5767
0.4848 -0.1875 -0.5767
-0.1375 0.0500 1.0594
-0.1375 0.0759 1.1219
-0.2667 -0.2058 -0.2767
-0.2875 -0.1875 -0.2767
0.1562 -0.0812 -0.2406
0.1562 -0.0812 -0.6156
0.4584 -0.1009 -0.3289
0.5000 -0.1375 -0.3289
-0.2625 0.1262 -0.2781
-0.2625 0.1262 -1.0031
0.4584 -0.1009 -0.3680
0.4432 -0.1241 -0.3680
-0.7312 -0.0750 -0.2406
-0.7250 -0.1063 -0.2406
0.4432 -0.1246 -0.3289
0.4579 -0.1004 -0.3289
0.4579 -0.1746 -0.3289
0.4432 -0.1504 -0.3289
-0.2875 -0.1875 -0.3680
-0.3443 -0.1741 -0.3680
0.5283 -0.1637 -0.1594
0.5283 -0.1637 -0.2376
0.2520 0.1514 -0.2781
0.2520 0.1514 -1.0031
-0.4491 -0.1125 -0.5767
-0.4412 -0.1375 -0.5767
-0.2875 -0.1875 -0.3680
-0.3027 -0.1375 -0.3680
0.1937 0.1125 -1.0031
0.1250 0.0988 -1.0031
-0.4584 -0.1741 -0.5767
-0.4848 -0.1875 -0.5767
0.2581 -0.1442 -0.5767
0.2620 -0.1442 -0.5902
0.3169 -0.1442 -0.5767
0.3384 -0.1625 -0.5767
0.7250 -0.1063 -0.2406
0.7375 -0.1063 -0.2406
-0.0670 -0.0839 0.5966
-0.0670 -0.0839 0.8749
-0.5000 -0.1375 -0.3289
-0.4432 -0.1241 -0.3289
0.3384 -0.1625 -0.5767
0.3463 -0.1875 -0.5767
0.1176 0.2375 -0.7565
0.1262 0.2375 -0.4277
0.3130 -0.2125 -0.6172
0.3316 -0.2125 -0.6001
0.1562 -0.0518 0.1793
-0.1562 -0.0518 0.1793
-0.1000 0.0917 1.0281
-0.1000 0.3000 1.0281
-0.2875 -0.1875 -0.3289
-0.3296 -0.2246 -0.3289
0.7312 -0.0750 -0.6156
0.7000 -0.0812 -0.6156
-0.4716 -0.1442 -0.2767
-0.4716 -0.1308 -0.2767
-0.4584 -0.1009 -0.3680
-0.4432 -0.1241 -0.3680
0.1937 0.1125 -0.2781
0.2625 0.0988 -0.2781
0.3022 -0.2308 -0.6001
0.3130 -0.2308 -0.5902
0.1562 -0.2750 -0.8988
0.1562 -0.1985 -0.8987
0.2799 -0.2125 -0.2767
0.2875 -0.1875 -0.2767
-0.1000 0.0188 0.8094
-0.1000 0.0188 1.0177
0.0987 0.0768 -1.2120
0.1562 -0.0766 -1.0725
-0.5509 -0.1375 -0.6037
-0.5588 -0.1375 -0.5767
-0.5000 -0.0875 -0.5767
-0.5000 -0.0942 -0.6037
0.3159 -0.1808 -0.2767
0.3159 -0.1942 -0.2767
-0.4579 -0.1746 -0.3289
-0.4432 -0.1504 -0.3289
-0.5421 -0.1746 -0.3289
-0.5147 -0.1875 -0.3289
-0.1375 0.0500 1.0594
-0.1375 -0.0125 1.0335
0.4584 -0.1009 -0.5767
0.4848 -0.0875 -0.5767
-0.3169 -0.1875 -0.6235
-0.3130 -0.2125 -0.6172
-0.2728 -0.2308 -0.6001
-0.2875 -0.2308 -0.6037
-0.7312 -0.0750 -0.2406
-0.7048 -0.0573 -0.2406
-0.5000 -0.1375 -0.3289
-0.5568 -0.1241 -0.3289
0.4745 -0.1808 -0.5902
0.5000 -0.1875 -0.5767
0.4432 -0.1241 -0.3289
0.4432 -0.1509 -0.3289
-0.2875 -0.1875 -0.3680
-0.2459 -0.2241 -0.3680
-0.2875 -0.1442 -0.6037
-0.3022 -0.1442 -0.6001
-0.2875 -0.1875 -0.5767
-0.3443 -0.1741 -0.5767
0.7250 -0.0437 -0.6156
0.7375 -0.0437 -0.6156
0.5147 -0.0875 -0.3289
0.5421 -0.1004 -0.3289
-0.3159 -0.1625 -0.1594
-0.3159 -0.1625 -0.2767
0.1562 -0.0688 -0.6156
0.7063 -0.0688 -0.6156
0.2520 0.0736 -1.0031
0.2625 0.0988 -1.0031
0.1562 -0.0812 -0.2406
0.7063 -0.0812 -0.2406
0.5000 -0.1375 -0.3289
0.5416 -0.1741 -0.3289
-0.2875 -0.1875 -0.3289
-0.2728 -0.1375 -0.3289
0.5000 -0.1375 -0.3680
0.5568 -0.1241 -0.3680
-0.4584 -0.1009 -0.5767
-0.4848 -0.0875 -0.5767
-0.4706 -0.1808 -0.5767
-0.4745 -0.1808 -0.5902
0.3443 -0.1741 -0.5767
0.3291 -0.1509 -0.5767
-0.0670 -0.0839 0.5966
-0.0670 -0.2625 0.5966
0.1937 0.1125 -0.2781
0.1548 0.0542 -0.2781
0.1562 -0.0437 0.1793
0.1562 -0.0511 -0.0989
0.3130 -0.2308 -0.5902
0.3169 -0.2308 -0.5767
0.7577 -0.0927 -0.6156
0.7625 -0.0812 -0.6156
-0.4745 -0.1808 -0.5902
-0.5000 -0.1875 -0.5767
0.2454 -0.1504 -0.3289
0.2667 -0.1692 -0.2767
-0.1000 0.0917 1.0281
-0.1000 0.0917 1.0906
-0.4432 -0.1241 -0.3289
-0.4432 -0.1241 -0.3680
0.1562 -0.0766 -1.0725
0.1562 -0.2008 -1.0725
-0.1375 0.1125 1.0853
-0.1375 0.0759 1.1219
0.3158 -0.1626 -0.1594
0.3359 -0.1449 -0.1594
-0.1000 0.3000 1.0281
-0.1000 0.3000 1.0906
-0.2728 -0.2375 -0.3289
-0.3022 -0.2375 -0.3289
-0.5000 -0.1375 -0.3680
-0.5416 -0.1741 -0.3680
-0.5147 -0.0875 -0.3289
-0.5076 -0.1125 -0.2767
0.2667 -0.2058 -0.2767
0.2591 -0.1942 -0.2767
-0.2723 -0.2375 -0.3680
-0.3027 -0.2375 -0.3680
0.3359 -0.1449 -0.1594
0.3359 -0.1449 -0.2376
-0.1000 0.0188 1.0177
-0.1000 0.0812 1.0177
0.1562 -0.2750 -0.0989
0.1562 -0.1880 -0.0989
-0.1000 0.0188 1.1010
-0.1000 0.0812 1.1010
-0.4516 -0.1813 -0.1594
-0.4516 -0.1813 -0.2376
-0.3187 -0.0750 -0.4344
-0.3187 -0.1500 -0.4344
-0.2875 -0.1875 -0.5767
-0.2459 -0.2241 -0.5767
0.4584 -0.1741 -0.3680
0.4584 -0.1741 -0.5767
-0.7135 -0.1015 -0.2406
-0.7135 -0.1015 -0.6156
0.5000 -0.0942 -0.6037
0.5000 -0.1125 -0.6235
-0.5000 -0.1375 -0.3289
-0.5568 -0.1246 -0.3289
0.2875 -0.1375 -0.5767
0.3130 -0.1442 -0.5902
0.7063 -0.0688 -0.2406
0.7063 -0.0812 -0.2406
0.4491 -0.1375 -0.6037
0.4559 -0.1625 -0.6001
0.5000 -0.1375 -0.5767
0.5416 -0.1741 -0.5767
-0.3291 -0.2241 -0.3680
-0.3443 -0.2009 -0.3680
-0.1562 -0.2750 -0.0989
-0.1562 -0.2750 0.1793
-0.1548 0.0542 -0.2781
-0.1548 0.0542 -1.0031
0.2520 0.1514 -1.0031
0.2327 0.1708 -1.0031
0.1937 0.1125 -0.2781
0.1548 0.1708 -0.2781
-0.2875 -0.1875 -0.2767
-0.2799 -0.1625 -0.2767
0.5152 -0.1875 -0.3289
0.5416 -0.1741 -0.3289
-0.1295 0.2375 -0.3013
0.1295 0.2375 -0.3013
0.5421 -0.1746 -0.3289
0.5208 -0.1558 -0.2767
0.5000 -0.1375 -0.3680
0.5568 -0.1241 -0.3680
0.4516 -0.0949 -0.1594
0.4717 -0.1126 -0.1594
-0.1937 0.1125 -1.0031
-0.1801 0.0437 -1.0031
0.4848 -0.0875 -0.3680
0.5152 -0.0875 -0.3680
0.2327 0.1708 -0.2781
0.2327 0.1708 -1.0031
0.1295 0.2375 -0.3013
0.1562 -0.0511 -0.0989
0.4717 -0.1126 -0.1594
0.4717 -0.1126 -0.2376
-0.4412 -0.1375 -0.5767
-0.4491 -0.1625 -0.5767
-0.5000 -0.1375 -0.3680
-0.4432 -0.1241 -0.3680
-0.4848 -0.1875 -0.3289
-0.4848 -0.1875 -0.3680
-0.4848 -0.1875 -0.5767
-0.5152 -0.1875 -0.5767
-0.2799 -0.2125 -0.2767
-0.2951 -0.2125 -0.2767
0.7490 -0.0485 -0.2406
0.7490 -0.0485 -0.6156
0.0670 -0.0839 0.8749
0.0670 -0.2625 0.8749
-0.5568 -0.1504 -0.3289
-0.5284 -0.1442 -0.2767
0.2307 -0.2004 -0.3289
0.2307 -0.1746 -0.3289
-0.1000 0.0917 1.0906
-0.1000 0.3000 1.0906
0.2875 -0.1875 -0.3289
0.2307 -0.1741 -0.3289
0.5000 -0.1375 -0.3289
0.5421 -0.1746 -0.3289
-0.4716 -0.1308 -0.2767
-0.4792 -0.1192 -0.2767
-0.5000 -0.1375 -0.3680
-0.4432 -0.1509 -0.3680
0.3316 -0.1625 -0.6001
0.3384 -0.1625 -0.5767
-0.5000 -0.1375 -0.3289
-0.4432 -0.1246 -0.3289
-0.4516 -0.0949 -0.1594
-0.4717 -0.1126 -0.1594
-0.7490 -0.1015 -0.2406
-0.7490 -0.1015 -0.6156
0.2875 -0.1375 -0.5767
0.2875 -0.1442 -0.6037
0.2875 -0.1875 -0.3680
0.3291 -0.2241 -0.3680
0.2562 -0.1500 -0.4969
0.3187 -0.1500 -0.4969
0.5000 -0.1375 -0.5767
0.4432 -0.1241 -0.5767
0.0950 -0.2054 -1.3094
0.1131 -0.1723 -1.3094
0.4432 -0.1241 -0.3680
0.4432 -0.1509 -0.3680
-0.2875 -0.1625 -0.6235
-0.3130 -0.1625 -0.6172
-0.5000 -0.1875 -0.5767
-0.5294 -0.1808 -0.5767
-0.7000 -0.0812 -0.2406
-0.7048 -0.0927 -0.2406
-0.2327 0.0542 -0.2781
-0.2327 0.0542 -1.0031
-0.2434 -0.2125 -0.6001
-0.2620 -0.2125 -0.6172
-0.3130 -0.1442 -0.5902
-0.3316 -0.1625 -0.6001
0.4432 -0.1509 -0.3289
0.4584 -0.1741 -0.3289
-0.2875 -0.1875 -0.6307
-0.3169 -0.1875 -0.6235
-0.1250 0.1262 -1.0031
-0.1250 0.0988 -1.0031
0.2723 -0.1375 -0.3289
0.3027 -0.1375 -0.3289
-0.1937 0.1125 -1.0031
-0.1355 0.1514 -1.0031
-0.1562 -0.2625 -1.0725
-0.1562 -0.2750 -0.8988
0.4432 -0.1509 -0.3680
0.4584 -0.1741 -0.3680
-0.3027 -0.1375 -0.3289
-0.3027 -0.1375 -0.3680
0.5421 -0.1004 -0.3289
0.5568 -0.1246 -0.3289
-0.2728 -0.2375 -0.3289
-0.2799 -0.2125 -0.2767
0.1548 0.1708 -0.2781
0.1548 0.1708 -1.0031
0.2723 -0.1375 -0.3680
0.2875 -0.1875 -0.3680
-0.1110 0.2375 -1.0094
-0.1143 0.2375 -0.8829
0.5208 -0.1192 -0.2767
0.5284 -0.1308 -0.2767
-0.2591 -0.2125 -0.1594
-0.2591 -0.1625 -0.1594
-0.1937 0.1125 -0.2781
-0.2327 0.0542 -0.2781
0.3027 -0.2375 -0.3680
0.3027 -0.2375 -0.3289
0.5000 -0.1375 -0.3289
0.4853 -0.0875 -0.3289
0.2581 -0.2308 -0.5767
0.2620 -0.2308 -0.5902
0.2723 -0.1375 -0.3680
0.2875 -0.1875 -0.3680
0.7625 -0.0812 -0.6156
0.7625 -0.0688 -0.6156
-0.1562 0.1411 -0.0990
-0.1295 0.2375 -0.3013
-0.1000 -0.2000 1.0281
-0.1000 0.0083 1.0281
-0.4432 -0.1509 -0.3289
-0.4584 -0.1741 -0.3289
-0.4584 -0.1009 -0.3289
-0.4432 -0.1241 -0.3289
0.2728 -0.2375 -0.3289
0.2799 -0.2125 -0.2767
0.2728 -0.1375 -0.3289
0.2799 -0.1625 -0.2767
-0.2723 -0.1375 -0.3680
-0.3027 -0.1375 -0.3680
-0.1000 0.0188 1.1010
-0.1000 0.0188 1.3094
-0.5421 -0.1004 -0.3289
-0.5568 -0.1246 -0.3289
-0.4559 -0.1625 -0.6001
-0.4745 -0.1625 -0.6172
-0.1000 0.3000 1.0281
-0.1000 0.3000 1.0906
-0.5000 -0.1875 -0.5767
-0.5147 -0.1808 -0.6001
-0.7312 -0.0750 -0.6156
-0.7375 -0.0437 -0.6156
0.2592 -0.2137 -0.1594
0.2391 -0.2313 -0.1594
-0.3027 -0.2375 -0.3680
-0.3291 -0.2241 -0.3680
-0.0625 0.0500 1.0594
-0.0625 0.0759 0.9969
-0.1000 0.0188 1.0177
-0.1000 0.0812 1.0177
-0.2581 -0.1442 -0.5767
-0.2620 -0.1442 -0.5902
-0.4716 -0.1625 -0.2767
-0.5284 -0.1625 -0.2767
0.2723 -0.1375 -0.5767
0.3027 -0.1375 -0.5767
-0.7250 -0.1063 -0.2406
-0.7375 -0.1063 -0.2406
0.4848 -0.0875 -0.3680
0.4848 -0.0875 -0.5767
-0.3027 -0.2375 -0.5767
-0.3291 -0.2241 -0.5767
0.4848 -0.1875 -0.3680
0.4848 -0.1875 -0.5767
0.1937 0.1125 -1.0031
0.2074 0.1813 -1.0031
-0.3384 -0.1625 -0.5767
-0.3463 -0.1875 -0.5767
-0.3130 -0.2125 -0.6172
-0.3316 -0.2125 -0.6001
-0.7250 -0.1063 -0.6156
-0.7375 -0.1063 -0.6156
-0.1548 0.0542 -1.0031
-0.1801 0.0437 -1.0031
0.5152 -0.1875 -0.3680
0.5416 -0.1741 -0.3680
0.5000 -0.1375 -0.6307
0.5000 -0.1625 -0.6235
-0.2799 -0.2125 -0.2767
-0.2875 -0.1875 -0.2767
-0.1801 0.0437 -0.2781
-0.2074 0.0437 -0.2781
-0.1937 0.1125 -0.2781
-0.1250 0.0988 -0.2781
0.7312 -0.0750 -0.6156
0.7375 -0.0437 -0.6156
-0.3443 -0.2009 -0.3680
-0.3443 -0.1741 -0.3680
0.4853 -0.0942 -0.6001
0.5000 -0.0942 -0.6037
-0.2591 -0.1625 -0.2767
-0.3159 -0.1625 -0.2767
-0.5000 -0.1375 -0.2767
-0.5284 -0.1442 -0.2767
0.4559 -0.1125 -0.6001
0.4745 -0.1125 -0.6172
-0.2875 -0.1875 -0.3289
-0.2723 -0.2375 -0.3289
0.5416 -0.1741 -0.3289
0.5416 -0.1741 -0.3680
0.5208 -0.1558 -0.2767
0.5076 -0.1625 -0.2767
0.5000 -0.1875 -0.5767
0.5000 -0.1808 -0.6037
0.2327 0.1708 -1.0031
0.2074 0.1813 -1.0031
-0.4584 -0.1009 -0.3680
-0.4584 -0.1009 -0.5767
-0.2591 -0.2125 -0.2767
-0.2591 -0.2125 -0.1594
0.5147 -0.1875 -0.3289
0.5076 -0.1625 -0.2767
-0.4848 -0.1875 -0.3680
-0.4848 -0.1875 -0.5767
0.7490 -0.0485 -0.6156
0.7375 -0.0437 -0.6156
0.1562 -0.0675 -0.7248
0.1562 -0.1962 -0.7249
-0.5000 -0.1125 -0.6235
-0.5000 -0.1375 -0.6307
0.2434 -0.1625 -0.6001
0.2366 -0.1875 -0.6037
0.1562 -0.2750 -0.0989
-0.1562 -0.2750 -0.0989
0.4717 -0.1637 -0.1594
0.4717 -0.1637 -0.2376
-0.7312 -0.0750 -0.2406
-0.7577 -0.0573 -0.2406
-0.5000 -0.1375 -0.6307
-0.5000 -0.1625 -0.6235
-0.5000 -0.1875 -0.5767
-0.4853 -0.1808 -0.6001
-0.5152 -0.1875 -0.3289
-0.5416 -0.1741 -0.3289
0.2459 -0.1509 -0.3289
0.2875 -0.1875 -0.3289
0.7375 -0.0437 -0.2406
0.7375 -0.0437 -0.6156
-0.5416 -0.1741 -0.3289
-0.5416 -0.1741 -0.3680
-0.5421 -0.1746 -0.3289
-0.5208 -0.1558 -0.2767
0.2307 -0.1746 -0.3289
0.2454 -0.1504 -0.3289
0.2454 -0.2246 -0.3289
0.2307 -0.2004 -0.3289
-0.1000 0.0812 0.8094
-0.1000 0.0812 0.8094
0.3158 -0.2137 -0.1594
0.3158 -0.2137 -0.2376
-0.1000 -0.2000 1.0281
-0.1000 -0.2000 1.0906
0.1937 0.1125 -1.0031
0.2520 0.0736 -1.0031
-0.1801 0.1813 -1.0031
-0.2074 0.1813 -1.0031
-0.4717 -0.1126 -0.1594
-0.4717 -0.1126 -0.2376
0.2591 -0.1808 -0.2767
0.2667 -0.1692 -0.2767
-0.3443 -0.1741 -0.5767
-0.3291 -0.1509 -0.5767
-0.1000 0.0188 1.1010
-0.1000 0.0812 1.1010
-0.4717 -0.1126 -0.2376
-0.4516 -0.0949 -0.2376
0.4432 -0.1241 -0.5767
0.4432 -0.1509 -0.5767
0.7312 -0.0750 -0.6156
0.7577 -0.0927 -0.6156
-0.3291 -0.1509 -0.3680
-0.3027 -0.1375 -0.3680
-0.1562 -0.0437 0.1793
-0.1562 -0.1844 0.1793
0.4432 -0.1509 -0.3680
0.4584 -0.1741 -0.3680
0.4584 -0.1009 -0.3680
0.4432 -0.1241 -0.3680
-0.2520 0.0736 -0.2781
-0.2520 0.0736 -1.0031
-0.2454 -0.2246 -0.3289
-0.2875 -0.1875 -0.3289
-0.2667 -0.2058 -0.2767
-0.2591 -0.1942 -0.2767
0.2459 -0.1509 -0.5767
0.2875 -0.1875 -0.5767
0.4584 -0.1741 -0.3680
0.4848 -0.1875 -0.3680
-0.7312 -0.0750 -0.2406
-0.7375 -0.1063 -0.2406
0.4716 -0.1625 -0.2767
0.4716 -0.1625 -0.1594
-0.4432 -0.1241 -0.3680
-0.4432 -0.1509 -0.3680
0.1176 0.2375 -0.7565
0.1143 0.2375 -0.8829
-0.2875 -0.1875 -0.3680
-0.3291 -0.1509 -0.3680
0.5284 -0.1308 -0.2767
0.5284 -0.1442 -0.2767
0.1562 -0.2625 -1.0725
-0.1562 -0.2625 -1.0725
-0.4432 -0.1241 -0.5767
-0.4432 -0.1509 -0.5767
-0.2875 -0.1875 -0.3289
-0.3291 -0.2241 -0.3289
0.2723 -0.1375 -0.5767
0.2875 -0.1875 -0.5767
0.0670 0.1571 1.0140
-0.0670 0.1571 1.0140
0.2307 -0.1741 -0.3289
0.2307 -0.2009 -0.3289
-0.1562 -0.0720 -0.8987
-0.1143 0.2375 -0.8829
-0.4584 -0.1009 -0.3680
-0.4432 -0.1241 -0.3680
0.1937 0.1125 -1.0031
0.1355 0.0736 -1.0031
0.2875 -0.2308 -0.6037
0.3022 -0.2308 -0.6001
0.2581 -0.1442 -0.5767
0.2366 -0.1625 -0.5767
-0.1143 0.2375 -0.8829
0.1143 0.2375 -0.8829
-0.1000 -0.2000 1.0906
-0.1000 0.0083 1.0906
0.7312 -0.0750 -0.2406
0.7048 -0.0927 -0.2406
-0.4584 -0.1741 -0.3289
-0.4848 -0.1875 -0.3289
-0.5000 -0.1375 -0.3289
-0.4432 -0.1509 -0.3289
0.1562 -0.0675 -0.7248
0.1562 -0.1962 -0.7249
-0.2875 -0.1875 -0.3289
-0.3022 -0.2375 -0.3289
0.2951 -0.1625 -0.2767
0.3083 -0.1692 -0.2767
-0.1000 0.0188 1.0177
-0.1000 0.0188 0.8094
-0.1000 0.0083 1.0906
-0.1000 -0.2000 1.0906
0.7312 -0.0750 -0.6156
0.7048 -0.0927 -0.6156
-0.4584 -0.1741 -0.3680
-0.4848 -0.1875 -0.3680
-0.5568 -0.1246 -0.3289
-0.5568 -0.1504 -0.3289
0.1937 0.1125 -0.2781
0.2625 0.1262 -0.2781
0.2875 -0.1875 -0.3289
0.3291 -0.2241 -0.3289
-0.3187 -0.0750 -0.4344
-0.3187 -0.0750 -0.4969
0.5000 -0.0875 -0.5767
0.5294 -0.0942 -0.5767
-0.1000 0.0812 1.3094
-0.1000 0.0812 1.1010
-0.2620 -0.1442 -0.5902
-0.2875 -0.1375 -0.5767
-0.5284 -0.1308 -0.2767
-0.5284 -0.1442 -0.2767
-0.1375 0.0500 1.0594
-0.1375 0.0241 0.9969
0.5152 -0.1875 -0.3680
0.5416 -0.1741 -0.3680
-0.7375 -0.1063 -0.2406
-0.7490 -0.1015 -0.2406
-0.7490 -0.0485 -0.2406
-0.7490 -0.0485 -0.6156
-0.3384 -0.2125 -0.5767
-0.3169 -0.2308 -0.5767
-0.7312 -0.0750 -0.2406
-0.7000 -0.0688 -0.2406
-0.7375 -0.1063 -0.6156
-0.7490 -0.1015 -0.6156
-0.5000 -0.1375 -0.3289
-0.5416 -0.1009 -0.3289
-0.2875 -0.1875 -0.3680
-0.2723 -0.2375 -0.3680
0.5568 -0.1509 -0.3289
0.5568 -0.1241 -0.3289
-0.3316 -0.1625 -0.6001
-0.3384 -0.1625 -0.5767
-0.2307 -0.2004 -0.3289
-0.2591 -0.1942 -0.2767
-0.2074 0.0437 -0.2781
-0.2327 0.0542 -0.2781
-0.2875 -0.1875 -0.5767
-0.3291 -0.1509 -0.5767
0.1355 0.0736 -0.2781
0.1355 0.0736 -1.0031
-0.1562 -0.2750 0.1793
-0.1562 -0.1844 0.1793
0.5568 -0.1509 -0.3680
0.5568 -0.1241 -0.3680
-0.5000 -0.0875 -0.5767
-0.5294 -0.0942 -0.5767
-0.2875 -0.1875 -0.3680
-0.3291 -0.2241 -0.3680
-0.2591 -0.2125 -0.1594
-0.3159 -0.2125 -0.1594
0.1937 0.1125 -1.0031
0.1801 0.1813 -1.0031
0.2459 -0.2241 -0.3680
0.2459 -0.2241 -0.5767
-0.3159 -0.2125 -0.1594
-0.3159 -0.2125 -0.2767
0.7312 -0.0750 -0.2406
0.7250 -0.0437 -0.2406
0.5000 -0.1375 -0.3289
0.5568 -0.1509 -0.3289
0.2875 -0.1442 -0.6037
0.2875 -0.1625 -0.6235
-0.2875 -0.1875 -0.3289
-0.3022 -0.1375 -0.3289
0.5000 -0.1375 -0.3680
0.5416 -0.1009 -0.3680
0.7312 -0.0750 -0.6156
0.7250 -0.0437 -0.6156
-0.5152 -0.1875 -0.3680
-0.5152 -0.1875 -0.5767
0.2875 -0.1875 -0.3680
0.2723 -0.2375 -0.3680
-0.5416 -0.1741 -0.3680
-0.5568 -0.1509 -0.3680
0.1937 0.1125 -0.2781
0.1801 0.0437 -0.2781
0.2875 -0.1875 -0.5767
0.3291 -0.2241 -0.5767
0.5000 -0.0875 -0.5767
0.5147 -0.0942 -0.6001
-0.4745 -0.1125 -0.6172
-0.5000 -0.1125 -0.6235
0.0670 0.1571 1.0140
0.0670 -0.0839 0.8749
-0.1000 -0.2000 1.0281
-0.1000 -0.2000 1.0281
-0.1000 0.0917 1.0281
-0.1000 0.0917 1.0906
-0.1937 0.1125 -1.0031
-0.2520 0.1514 -1.0031
-0.2723 -0.1375 -0.3680
-0.2875 -0.1875 -0.3680
-0.5568 -0.1509 -0.3289
-0.5568 -0.1509 -0.3680
0.3159 -0.2125 -0.1594
0.3159 -0.2125 -0.2767
-0.1000 0.0083 1.0281
-0.1000 0.0083 1.0281
0.3296 -0.2246 -0.3289
0.3083 -0.2058 -0.2767
-0.1000 0.3000 1.0281
-0.1000 0.3000 1.0906
-0.5283 -0.1126 -0.1594
-0.5484 -0.0949 -0.1594
-0.5000 -0.1375 -0.3680
-0.5568 -0.1509 -0.3680
0.2723 -0.1375 -0.3680
0.3027 -0.1375 -0.3680
-0.3027 -0.2375 -0.3680
-0.3027 -0.2375 -0.3289
-0.2562 -0.0750 -0.4344
-0.2562 -0.1500 -0.4344
0.4432 -0.1241 -0.3680
0.4432 -0.1241 -0.5767
-0.1000 0.0188 1.3094
-0.1000 0.0188 1.3094
0.2592 -0.1626 -0.1594
0.2592 -0.1626 -0.2376
-0.1000 0.0188 1.0177
-0.1000 0.0812 1.0177
-0.3291 -0.1509 -0.5767
-0.3027 -0.1375 -0.5767
-0.1000 0.0188 1.1010
-0.1000 0.0812 1.1010
-0.7625 -0.0812 -0.6156
-0.7625 -0.0688 -0.6156
0.4745 -0.1125 -0.6172
0.4706 -0.1375 -0.6235
-0.2875 -0.1875 -0.5767
-0.2723 -0.2375 -0.5767
-0.2625 0.0988 -0.2781
-0.2625 0.1262 -0.2781
-0.5000 -0.1375 -0.3289
-0.5568 -0.1504 -0.3289
0.5441 -0.1125 -0.6001
0.5509 -0.1375 -0.6037
-0.2625 0.0988 -1.0031
-0.2625 0.1262 -1.0031
0.5000 -0.1375 -0.5767
0.5568 -0.1509 -0.5767
0.1355 0.1514 -1.0031
0.1250 0.1262 -1.0031
-0.2592 -0.2137 -0.1594
-0.2391 -0.2313 -0.1594
0.1250 0.1262 -0.2781
0.1250 0.0988 -0.2781
0.1937 0.1125 -0.2781
0.1355 0.1514 -0.2781
-0.2875 -0.1875 -0.2767
-0.2951 -0.1625 -0.2767
0.2875 -0.1875 -0.5767
0.2307 -0.1741 -0.5767
-0.2723 -0.1375 -0.5767
-0.3027 -0.1375 -0.5767
0.4716 -0.1125 -0.1594
0.4716 -0.1125 -0.2767
-0.5568 -0.1241 -0.3680
-0.5568 -0.1241 -0.5767
0.2307 -0.1741 -0.3680
0.2307 -0.2009 -0.3680
0.4516 -0.0949 -0.1594
0.4516 -0.0949 -0.2376
-0.4432 -0.1509 -0.5767
-0.4584 -0.1741 -0.5767
-0.1937 0.1125 -1.0031
-0.2074 0.0437 -1.0031
-0.5255 -0.0942 -0.5902
-0.5441 -0.1125 -0.6001
0.7625 -0.0688 -0.2406
0.7625 -0.0688 -0.6156
0.0670 -0.2446 1.0140
-0.0670 -0.2446 1.0140
0.1562 -0.0675 -0.7248
0.1176 0.2375 -0.7565
-0.5000 -0.1375 -0.3680
-0.4432 -0.1509 -0.3680
-0.5000 -0.1625 -0.6235
-0.5255 -0.1625 -0.6172
0.2307 -0.2009 -0.3680
0.2459 -0.2241 -0.3680
-0.1937 0.1125 -0.2781
-0.2074 0.1813 -0.2781
-0.1000 0.0917 1.0906
-0.1000 0.3000 1.0906
-0.1562 -0.0511 -0.0989
-0.1562 -0.0556 -0.2728
0.3083 -0.1692 -0.2767
0.3159 -0.1808 -0.2767
0.5000 -0.1375 -0.3289
0.5147 -0.1875 -0.3289
-0.5484 -0.1813 -0.2376
-0.5484 -0.1813 -0.1594
-0.5000 -0.1375 -0.3680
-0.4584 -0.1741 -0.3680
-0.4716 -0.1125 -0.1594
-0.4716 -0.1125 -0.2767
-0.2434 -0.1625 -0.6001
-0.2366 -0.1875 -0.6037
-0.5000 -0.1375 -0.3289
-0.4579 -0.1004 -0.3289
-0.4516 -0.0949 -0.1594
-0.4516 -0.0949 -0.2376
0.2875 -0.1875 -0.3680
0.3443 -0.2009 -0.3680
0.5000 -0.1375 -0.5767
0.4432 -0.1509 -0.5767
0.5416 -0.1741 -0.3680
0.5568 -0.1509 -0.3680
-0.2459 -0.1509 -0.3289
-0.2875 -0.1875 -0.3289
-0.1801 0.0437 -0.2781
-0.1801 0.0437 -1.0031
-0.7312 -0.0750 -0.6156
-0.7000 -0.0688 -0.6156
0.1562 -0.2750 -0.0989
0.1562 -0.2750 0.1793
-0.7375 -0.0437 -0.2406
-0.7375 -0.0437 -0.6156
-0.2620 -0.2125 -0.6172
-0.2875 -0.2125 -0.6235
-0.2307 -0.1746 -0.3289
-0.2454 -0.1504 -0.3289
-0.3316 -0.2125 -0.6001
-0.3384 -0.2125 -0.5767
-0.2591 -0.1808 -0.2767
-0.2667 -0.1692 -0.2767
0.4432 -0.1504 -0.3289
0.4716 -0.1442 -0.2767
-0.1937 0.1125 -1.0031
-0.1250 0.1262 -1.0031
0.2074 0.1813 -0.2781
0.2074 0.1813 -1.0031
0.5000 -0.1375 -0.2767
0.4792 -0.1192 -0.2767
0.1548 0.0542 -0.2781
0.1548 0.0542 -1.0031
0.5568 -0.1241 -0.3680
0.5416 -0.1009 -0.3680
-0.0670 0.1571 1.1531
-0.0670 0.1571 1.0140
-0.5152 -0.1875 -0.5767
-0.5416 -0.1741 -0.5767
0.2723 -0.1375 -0.3680
0.2723 -0.1375 -0.5767
0.2723 -0.2375 -0.3680
0.2723 -0.2375 -0.5767
0.1562 -0.0556 -0.2728
0.1262 0.2375 -0.4277
-0.5416 -0.1741 -0.3680
-0.5568 -0.1509 -0.3680
-0.1937 0.1125 -0.2781
-0.2520 0.0736 -0.2781
0.7490 -0.1015 -0.6156
0.7577 -0.0927 -0.6156
0.3027 -0.2375 -0.3680
0.3291 -0.2241 -0.3680
0.5000 -0.1375 -0.3289
0.5147 -0.0875 -0.3289
0.7250 -0.0437 -0.6156
0.7135 -0.0485 -0.6156
0.1562 -0.2008 -1.0725
0.1562 -0.1985 -0.8987
0.2723 -0.1375 -0.3289
0.2875 -0.1875 -0.3289
0.3316 -0.2125 -0.6001
0.3384 -0.2125 -0.5767
0.2875 -0.2375 -0.5767
0.2875 -0.2308 -0.6037
-0.5568 -0.1241 -0.3289
-0.5416 -0.1009 -0.3289
0.5152 -0.1875 -0.3680
0.5000 -0.1375 -0.3680
0.3158 -0.1626 -0.2376
0.3158 -0.1626 -0.1594
-0.3291 -0.1509 -0.3680
-0.3291 -0.1509 -0.5767
-0.2723 -0.1375 -0.5767
-0.2875 -0.1875 -0.5767
0.4432 -0.1509 -0.3680
0.4432 -0.1509 -0.5767
0.2592 -0.2137 -0.1594
0.2592 -0.2137 -0.2376
-0.3384 -0.1875 -0.6037
-0.3316 -0.2125 -0.6001
-0.1000 0.0188 1.3094
-0.1000 0.0812 1.3094
-0.0625 0.0500 1.0594
-0.0625 0.1125 1.0335
-0.2581 -0.1442 -0.5767
-0.2366 -0.1625 -0.5767
0.5416 -0.1009 -0.5767
0.5152 -0.0875 -0.5767
-0.7625 -0.0688 -0.6156
-0.7577 -0.0573 -0.6156
-0.2620 -0.2308 -0.5902
-0.2728 -0.2308 -0.6001
0.4745 -0.1625 -0.6172
0.4853 -0.1808 -0.6001
-0.2454 -0.2246 -0.3289
-0.2728 -0.2375 -0.3289
-0.2625 0.1262 -0.2781
-0.2520 0.1514 -0.2781
-0.1937 0.1125 -0.2781
-0.1355 0.0736 -0.2781
-0.2875 -0.1875 -0.3289
-0.3027 -0.2375 -0.3289
0.2520 0.1514 -0.2781
0.2327 0.1708 -0.2781
-0.2391 -0.2313 -0.2376
-0.2592 -0.2137 -0.2376
0.1250 0.0988 -0.2781
0.1355 0.0736 -0.2781
0.5568 -0.1504 -0.3289
0.5284 -0.1442 -0.2767
0.0670 0.1571 1.1531
0.0670 -0.1643 1.1531
0.2581 -0.1442 -0.5767
0.2875 -0.1375 -0.5767
0.2307 -0.2009 -0.3680
0.2459 -0.2241 -0.3680
-0.4745 -0.1625 -0.6172
-0.4853 -0.1808 -0.6001
-0.1000 0.0917 1.0281
-0.1000 0.0917 1.0906
0.7577 -0.0573 -0.2406
0.7577 -0.0573 -0.6156
-0.7312 -0.0750 -0.2406
-0.7490 -0.0485 -0.2406
-0.1562 -0.3000 -0.2728
-0.1562 -0.1903 -0.2728
-0.0670 -0.2446 1.0140
-0.0670 -0.2625 0.8749
-0.0625 0.0500 1.0594
-0.0625 0.0241 1.1219
0.5000 -0.1875 -0.5767
0.5294 -0.1808 -0.5767
-0.5283 -0.1637 -0.1594
-0.5283 -0.1637 -0.2376
0.1937 0.1125 -1.0031
0.2625 0.0988 -1.0031
0.0950 -0.2054 -1.3094
0.1562 -0.2625 -1.0725
-0.1000 0.0188 1.1010
-0.1000 0.0812 1.1010
-0.2366 -0.1875 -0.6037
-0.2434 -0.2125 -0.6001
-0.1937 0.1125 -0.2781
-0.1801 0.1813 -0.2781
0.5147 -0.0942 -0.6001
0.5255 -0.1125 -0.6172
0.7312 -0.0750 -0.6156
0.7625 -0.0812 -0.6156
0.4706 -0.1375 -0.6235
0.5000 -0.1375 -0.6307
-0.2074 0.0437 -0.2781
-0.2074 0.0437 -1.0031
0.4432 -0.1241 -0.3680
0.4432 -0.1509 -0.3680
0.4716 -0.1125 -0.2767
0.4716 -0.1125 -0.1594
-0.2723 -0.1375 -0.3680
-0.3027 -0.1375 -0.3680
-0.2667 -0.1692 -0.2767
-0.2799 -0.1625 -0.2767
0.1562 -0.0675 -0.7248
0.1562 -0.0720 -0.8987
0.4584 -0.1009 -0.3289
0.4432 -0.1241 -0.3289
0.5076 -0.1125 -0.2767
0.5208 -0.1192 -0.2767
0.2459 -0.1509 -0.5767
0.2307 -0.1741 -0.5767
0.4716 -0.1125 -0.1594
0.5284 -0.1125 -0.1594
-0.4584 -0.1009 -0.5767
-0.5000 -0.1375 -0.5767
-0.7312 -0.0750 -0.2406
-0.7490 -0.1015 -0.2406
0.4716 -0.1625 -0.2767
0.4716 -0.1125 -0.2767
0.2459 -0.1509 -0.3680
0.2723 -0.1375 -0.3680
-0.1562 -0.0766 -1.0725
-0.1562 -0.0720 -0.8987
-0.2875 -0.1875 -0.3680
-0.3027 -0.1375 -0.3680
0.7250 -0.0437 -0.2406
0.7250 -0.0437 -0.6156
-0.5568 -0.1509 -0.3680
-0.5568 -0.1241 -0.3680
0.2366 -0.2125 -0.5767
0.2434 -0.2125 -0.6001
0.5000 -0.1875 -0.5767
0.5147 -0.1808 -0.6001
-0.0670 -0.2625 0.8749
0.0670 -0.2625 0.8749
-0.4432 -0.1241 -0.3289
-0.4432 -0.1509 -0.3289
-0.4491 -0.1375 -0.6037
-0.4706 -0.1375 -0.6235
0.1937 0.1125 -1.0031
0.1548 0.0542 -1.0031
0.2459 -0.1509 -0.3680
0.2723 -0.1375 -0.3680
0.2667 -0.1692 -0.2767
0.2799 -0.1625 -0.2767
-0.1000 0.0083 1.0281
-0.1000 -0.2000 1.0281
0.3443 -0.2009 -0.3680
0.3443 -0.1741 -0.3680
-0.1000 -0.2000 1.0906
-0.1000 0.0083 1.0906
-0.5147 -0.0875 -0.3289
-0.5421 -0.1004 -0.3289
0.7312 -0.0750 -0.2406
0.7135 -0.1015 -0.2406
-0.5000 -0.1375 -0.3289
-0.4584 -0.1741 -0.3289
-0.0950 -0.2054 -1.3094
-0.1562 -0.2625 -1.0725
-0.5416 -0.1009 -0.3289
-0.5152 -0.0875 -0.3289
-0.1000 0.0188 1.3094
-0.1000 0.0188 1.1010
0.7312 -0.0750 -0.6156
0.7135 -0.1015 -0.6156
0.2875 -0.1875 -0.3680
0.3027 -0.1375 -0.3680
0.1937 0.1125 -0.2781
0.2520 0.1514 -0.2781
0.2875 -0.1875 -0.3289
0.3443 -0.2009 -0.3289
0.4584 -0.1741 -0.3680
0.4848 -0.1875 -0.3680
-0.3027 -0.1375 -0.3680
-0.3027 -0.1375 -0.5767
-0.1000 0.0812 1.3094
-0.1000 0.0812 1.1010
-0.5000 -0.1375 -0.3680
-0.5568 -0.1241 -0.3680
-0.2620 -0.1442 -0.5902
-0.2434 -0.1625 -0.6001
-0.2307 -0.1741 -0.3680
-0.2307 -0.1741 -0.5767
-0.7625 -0.0688 -0.2406
-0.7625 -0.0688 -0.6156
-0.1562 -0.0511 -0.0989
-0.1562 -0.1880 -0.0989
-0.1375 0.0500 1.0594
-0.1375 0.0759 0.9969
-0.3130 -0.1625 -0.6172
-0.3316 -0.1625 -0.6001
-0.2620 -0.1625 -0.6172
-0.2581 -0.1875 -0.6235
-0.2307 -0.2009 -0.3680
-0.2459 -0.2241 -0.3680
-0.3169 -0.1875 -0.6235
-0.3384 -0.1875 -0.6037
-0.1548 0.0542 -0.2781
-0.1801 0.0437 -0.2781
-0.7312 -0.0750 -0.2406
-0.7000 -0.0812 -0.2406
-0.5000 -0.1375 -0.3289
-0.5152 -0.0875 -0.3289
0.1250 0.1262 -0.2781
0.1250 0.1262 -1.0031
-0.2875 -0.1875 -0.3680
-0.3027 -0.2375 -0.3680
-0.3159 -0.2125 -0.1594
-0.3159 -0.1625 -0.1594
0.7063 -0.0688 -0.6156
0.7063 -0.0812 -0.6156
0.2307 -0.1741 -0.3680
0.2307 -0.1741 -0.5767
-0.2875 -0.1875 -0.5767
-0.3027 -0.1375 -0.5767
0.5421 -0.1746 -0.3289
0.5147 -0.1875 -0.3289
-0.3159 -0.1625 -0.1594
-0.3159 -0.1625 -0.2767
-0.2875 -0.1875 -0.3680
-0.3443 -0.2009 -0.3680
0.2327 0.1708 -0.2781
0.2074 0.1813 -0.2781
0.1937 0.1125 -1.0031
0.1548 0.1708 -1.0031
0.2620 -0.1625 -0.6172
0.2581 -0.1875 -0.6235
-0.4584 -0.1741 -0.3680
-0.4584 -0.1741 -0.5767
0.7312 -0.0750 -0.2406
0.7135 -0.0485 -0.2406
-0.1562 -0.3000 -0.7251
-0.1562 -0.1962 -0.7249
0.2581 -0.1875 -0.6235
0.2620 -0.2125 -0.6172
-0.0670 0.1571 1.0140
-0.0670 -0.2446 1.0140
0.5000 -0.1375 -0.3289
0.5568 -0.1241 -0.3289
0.7490 -0.0485 -0.2406
0.7375 -0.0437 -0.2406
-0.2875 -0.1875 -0.3289
-0.3296 -0.1504 -0.3289
0.5000 -0.1375 -0.3680
0.5152 -0.0875 -0.3680
-0.5000 -0.0942 -0.6037
-0.5000 -0.1125 -0.6235
0.7312 -0.0750 -0.6156
0.7135 -0.0485 -0.6156
0.2875 -0.1875 -0.3680
0.3027 -0.2375 -0.3680
0.2459 -0.2241 -0.3289
0.2459 -0.2241 -0.3680
0.1937 0.1125 -0.2781
0.2074 0.0437 -0.2781
0.2875 -0.1875 -0.5767
0.3443 -0.2009 -0.5767
-0.5000 -0.1375 -0.5767
-0.5416 -0.1741 -0.5767
-0.7250 -0.0437 -0.2406
-0.7375 -0.0437 -0.2406
-0.5284 -0.1442 -0.2767
-0.5208 -0.1558 -0.2767
-0.4792 -0.1558 -0.2767
-0.5000 -0.1375 -0.2767
-0.1000 0.0188 0.8094
-0.1000 0.0812 0.8094
0.3443 -0.1746 -0.3289
0.3159 -0.1808 -0.2767
0.3359 -0.2313 -0.2376
0.3359 -0.2313 -0.1594
-0.1000 -0.2000 1.0281
-0.1000 -0.2000 1.0906
-0.7250 -0.0437 -0.6156
-0.7375 -0.0437 -0.6156
-0.1937 0.1125 -1.0031
-0.2327 0.1708 -1.0031
-0.0625 0.0241 1.1219
-0.0625 -0.0125 1.0853
-0.2723 -0.1375 -0.3680
-0.2723 -0.1375 -0.5767
0.3359 -0.2313 -0.1594
0.3158 -0.2137 -0.1594
-0.1801 0.1813 -0.2781
-0.2074 0.1813 -0.2781
-0.5000 -0.1375 -0.3680
-0.5568 -0.1241 -0.3680
-0.7490 -0.1015 -0.6156
-0.7577 -0.0927 -0.6156
-0.3027 -0.2375 -0.3680
-0.3291 -0.2241 -0.3680
-0.2562 -0.0750 -0.4344
-0.3187 -0.0750 -0.4344
-0.2327 0.0542 -0.2781
-0.2520 0.0736 -0.2781
0.5294 -0.1375 -0.6235
0.5255 -0.1625 -0.6172
-0.2875 -0.1875 -0.5767
-0.3027 -0.2375 -0.5767
0.4853 -0.1808 -0.6001
0.5000 -0.1808 -0.6037
-0.2875 -0.2375 -0.5767
-0.2875 -0.2308 -0.6037
-0.7577 -0.0927 -0.2406
-0.7577 -0.0927 -0.6156
-0.2327 0.0542 -1.0031
-0.2520 0.0736 -1.0031
0.1801 0.1813 -1.0031
0.1548 0.1708 -1.0031
0.5255 -0.1625 -0.6172
0.5147 -0.1808 -0.6001
0.5000 -0.0942 -0.6037
0.5147 -0.0942 -0.6001
-0.5000 -0.1375 -0.3289
-0.5421 -0.1746 -0.3289
-0.3158 -0.1626 -0.2376
-0.3158 -0.1626 -0.1594
0.1548 0.1708 -0.2781
0.1355 0.1514 -0.2781
0.5000 -0.1375 -0.5767
0.5568 -0.1241 -0.5767
0.5416 -0.1009 -0.3289
0.5416 -0.1009 -0.3680
0.5284 -0.1125 -0.1594
0.5284 -0.1125 -0.2767
-0.2875 -0.1875 -0.3289
-0.2307 -0.2004 -0.3289
-0.5416 -0.1741 -0.3680
-0.5416 -0.1741 -0.5767
-0.2592 -0.2137 -0.1594
-0.2592 -0.2137 -0.2376
0.1110 0.2375 -1.0094
0.1562 -0.0766 -1.0725
0.1562 -0.2750 0.1793
0.1562 -0.1844 0.1793
0.1937 0.1125 -0.2781
0.1250 0.1262 -0.2781
-0.2875 -0.1875 -0.2767
-0.3083 -0.1692 -0.2767
0.2875 -0.1875 -0.5767
0.2307 -0.2009 -0.5767
-0.5000 -0.1375 -0.5767
-0.4432 -0.1241 -0.5767
0.5484 -0.1813 -0.2376
0.5283 -0.1637 -0.2376
-0.5255 -0.1125 -0.6172
-0.5294 -0.1375 -0.6235
0.2581 -0.2308 -0.5767
0.2875 -0.2375 -0.5767
0.1110 0.2375 -1.0094
0.1143 0.2375 -0.8829
0.7135 -0.0485 -0.2406
0.7135 -0.0485 -0.6156
-0.1562 -0.0675 -0.7248
-0.1176 0.2375 -0.7565
-0.5294 -0.1375 -0.6235
-0.5255 -0.1625 -0.6172
-0.1937 0.1125 -1.0031
-0.2327 0.0542 -1.0031
-0.4853 -0.1808 -0.6001
-0.5000 -0.1808 -0.6037
-0.5568 -0.1241 -0.3289
-0.5568 -0.1241 -0.3680
0.2875 -0.1875 -0.3680
0.2307 -0.1741 -0.3680
0.5000 -0.1375 -0.2767
0.5208 -0.1558 -0.2767
-0.4716 -0.1125 -0.1594
-0.5284 -0.1125 -0.1594
0.2875 -0.1875 -0.3289
0.2307 -0.2004 -0.3289
0.2799 -0.1625 -0.2767
0.2951 -0.1625 -0.2767
0.2875 -0.1875 -0.2767
0.2667 -0.1692 -0.2767
-0.1375 0.0759 0.9969
-0.1375 0.1125 1.0335
-0.5284 -0.1125 -0.1594
-0.5284 -0.1125 -0.2767
-0.2562 -0.1500 -0.4344
-0.2562 -0.1500 -0.4969
0.3022 -0.1375 -0.3289
0.3296 -0.1504 -0.3289
-0.1000 0.0188 1.3094
-0.1000 0.0188 1.1010
-0.2581 -0.1442 -0.5767
-0.2875 -0.1375 -0.5767
-0.5484 -0.1813 -0.2376
-0.5283 -0.1637 -0.2376
0.1562 -0.0437 0.1793
0.1562 -0.1844 0.1793
0.4848 -0.1875 -0.3680
0.5152 -0.1875 -0.3680
0.5441 -0.1625 -0.6001
0.5255 -0.1808 -0.5902
-0.5000 -0.1375 -0.3289
-0.4853 -0.0875 -0.3289
-0.7577 -0.0573 -0.2406
-0.7577 -0.0573 -0.6156
0.2875 -0.1875 -0.3680
0.3443 -0.1741 -0.3680
0.4848 -0.1875 -0.5767
0.5152 -0.1875 -0.5767
0.5000 -0.1375 -0.5767
0.4584 -0.1741 -0.5767
-0.7312 -0.0750 -0.6156
-0.7000 -0.0812 -0.6156
-0.3463 -0.1875 -0.5767
-0.3384 -0.2125 -0.5767
0.3027 -0.2375 -0.3680
0.2875 -0.1875 -0.3680
0.5416 -0.1741 -0.3289
0.5568 -0.1509 -0.3289
-0.3022 -0.2308 -0.6001
-0.3130 -0.2308 -0.5902
-0.2875 -0.1875 -0.2767
-0.2591 -0.1942 -0.2767
-0.2520 0.1514 -0.2781
-0.2520 0.1514 -1.0031
0.1250 0.0988 -0.2781
0.1250 0.0988 -1.0031
0.5416 -0.1741 -0.3680
0.5568 -0.1509 -0.3680
0.0670 0.1571 1.1531
0.0670 0.1571 1.0140
0.5284 -0.1625 -0.1594
0.5284 -0.1125 -0.1594
-0.4853 -0.1875 -0.3289
-0.5147 -0.1875 -0.3289
-0.1937 0.1125 -1.0031
-0.1250 0.0988 -1.0031
0.2307 -0.2009 -0.3680
0.2307 -0.2009 -0.5767
0.5000 -0.1375 -0.2767
0.4924 -0.1125 -0.2767
-0.4848 -0.1875 -0.3680
-0.5152 -0.1875 -0.3680
0.7000 -0.0812 -0.2406
0.7000 -0.0812 -0.6156
0.2620 -0.2125 -0.6172
0.2728 -0.2308 -0.6001
0.2459 -0.2241 -0.3680
0.2723 -0.2375 -0.3680
-0.1562 -0.1985 -0.8987
-0.1562 -0.2008 -1.0725
0.2459 -0.1509 -0.3289
0.2459 -0.1509 -0.3680
-0.1937 0.1125 -0.2781
-0.2625 0.0988 -0.2781
-0.1562 -0.2008 -1.0725
-0.1131 -0.1723 -1.3094
-0.5416 -0.1741 -0.3289
-0.5568 -0.1509 -0.3289
0.2723 -0.1375 -0.3289
0.2723 -0.1375 -0.3680
0.2723 -0.2375 -0.3289
0.2723 -0.2375 -0.3680
-0.0670 -0.2625 0.5966
-0.0670 -0.0839 0.5966
0.1562 -0.0511 -0.0989
0.1562 -0.0556 -0.2728
0.4924 -0.1625 -0.2767
0.5076 -0.1625 -0.2767
-0.1375 0.0241 1.1219
-0.0625 0.0241 1.1219
-0.4559 -0.1125 -0.6001
-0.4745 -0.1125 -0.6172
-0.5208 -0.1558 -0.2767
-0.5076 -0.1625 -0.2767
0.3443 -0.2004 -0.3289
0.3159 -0.1942 -0.2767
-0.2459 -0.1509 -0.3680
-0.2723 -0.1375 -0.3680
0.3158 -0.1626 -0.2376
0.3359 -0.1449 -0.2376
0.5568 -0.1509 -0.5767
0.5568 -0.1241 -0.5767
-0.2366 -0.2125 -0.5767
-0.2434 -0.2125 -0.6001
-0.7577 -0.0927 -0.6156
-0.7625 -0.0812 -0.6156
-0.2562 -0.1500 -0.4344
-0.3187 -0.1500 -0.4344
-0.0625 0.0500 1.0594
-0.0625 0.1125 1.0853
-0.2459 -0.1509 -0.3680
-0.2723 -0.1375 -0.3680
-0.7625 -0.0812 -0.2406
-0.7625 -0.0688 -0.2406
-0.2520 0.0736 -0.2781
-0.2625 0.0988 -0.2781
-0.2454 -0.2246 -0.3289
-0.2667 -0.2058 -0.2767
0.5416 -0.1009 -0.3680
0.5152 -0.0875 -0.3680
-0.4924 -0.1625 -0.2767
-0.5076 -0.1625 -0.2767
-0.2520 0.0736 -1.0031
-0.2625 0.0988 -1.0031
0.2875 -0.2375 -0.5767
0.3169 -0.2308 -0.5767
0.1548 0.1708 -1.0031
0.1355 0.1514 -1.0031
0.4559 -0.1625 -0.6001
0.4745 -0.1625 -0.6172
0.5000 -0.1375 -0.6307
0.5294 -0.1375 -0.6235
-0.2728 -0.1375 -0.3289
-0.2799 -0.1625 -0.2767
-0.3359 -0.1449 -0.1594
-0.3359 -0.1449 -0.2376
0.1355 0.1514 -0.2781
0.1250 0.1262 -0.2781
-0.1937 0.1125 -0.2781
-0.1548 0.0542 -0.2781
0.7135 -0.0485 -0.6156
0.7048 -0.0573 -0.6156
-0.5568 -0.1509 -0.3680
-0.5568 -0.1509 -0.5767
0.3022 -0.1442 -0.6001
0.3130 -0.1625 -0.6172
0.7048 -0.0573 -0.2406
0.7000 -0.0688 -0.2406
-0.5255 -0.1625 -0.6172
-0.5147 -0.1808 -0.6001
0.3130 -0.1625 -0.6172
0.3169 -0.1875 -0.6235
-0.2875 -0.1375 -0.5767
-0.3130 -0.1442 -0.5902
-0.5000 -0.1125 -0.6235
-0.5255 -0.1125 -0.6172
-0.5416 -0.1009 -0.3289
-0.5416 -0.1009 -0.3680
0.0670 -0.0839 0.5966
-0.0670 -0.0839 0.5966
0.2307 -0.1741 -0.3680
0.2307 -0.2009 -0.3680
-0.1000 0.0917 1.0281
-0.1000 0.0917 1.0906
0.3443 -0.1741 -0.3289
0.3443 -0.1741 -0.3680
-0.1000 0.0083 1.0906
-0.1000 0.0083 1.0906
0.2591 -0.1625 -0.2767
0.2591 -0.1625 -0.1594
-0.7312 -0.0750 -0.2406
-0.7375 -0.0437 -0.2406
0.2307 -0.2009 -0.3289
0.2459 -0.2241 -0.3289
0.2459 -0.1509 -0.3289
0.2307 -0.1741 -0.3289
-0.1000 0.0188 0.8094
-0.1000 0.0812 0.8094
0.2591 -0.1625 -0.1594
0.3159 -0.1625 -0.1594
-0.0625 0.0500 1.0594
-0.0625 -0.0125 1.0853
-0.4716 -0.1625 -0.2767
-0.4716 -0.1625 -0.1594
0.3296 -0.1504 -0.3289
0.3443 -0.1746 -0.3289
-0.1000 0.0812 1.1010
-0.1000 0.0812 1.1010
0.2562 -0.1500 -0.4344
0.2562 -0.1500 -0.4969
0.1937 0.1125 -1.0031
0.2625 0.1262 -1.0031
-0.7490 -0.0485 -0.2406
-0.7375 -0.0437 -0.2406
0.2875 -0.2375 -0.5767
0.3022 -0.2308 -0.6001
0.4584 -0.1009 -0.5767
0.4432 -0.1241 -0.5767
0.5000 -0.1125 -0.6235
0.5000 -0.1375 -0.6307
-0.2366 -0.1625 -0.5767
-0.2287 -0.1875 -0.5767
0.7312 -0.0750 -0.2406
0.7625 -0.0688 -0.2406
0.4706 -0.0942 -0.5767
0.4745 -0.0942 -0.5902
-0.2520 0.1514 -1.0031
-0.2327 0.1708 -1.0031
-0.1937 0.1125 -0.2781
-0.1548 0.1708 -0.2781
0.7312 -0.0750 -0.6156
0.7625 -0.0688 -0.6156
0.5509 -0.1125 -0.5767
0.5588 -0.1375 -0.5767
-0.2307 -0.2004 -0.3289
-0.2307 -0.1746 -0.3289
-0.2875 -0.1875 -0.3289
-0.2307 -0.1741 -0.3289
0.1355 0.0736 -0.2781
0.1548 0.0542 -0.2781
-0.2591 -0.1942 -0.2767
-0.2591 -0.1808 -0.2767
0.4924 -0.1625 -0.2767
0.5000 -0.1375 -0.2767
-0.3359 -0.2313 -0.1594
-0.3158 -0.2137 -0.1594
0.1355 0.0736 -1.0031
0.1548 0.0542 -1.0031
0.2459 -0.2241 -0.3680
0.2723 -0.2375 -0.3680
0.0670 -0.1643 1.1531
0.0670 -0.2446 1.0140
0.4716 -0.1125 -0.2767
0.5284 -0.1125 -0.2767
-0.2875 -0.1375 -0.5767
-0.2875 -0.1442 -0.6037
-0.2454 -0.2246 -0.3289
-0.2307 -0.2004 -0.3289
0.2459 -0.2241 -0.5767
0.2723 -0.2375 -0.5767
-0.1562 -0.3000 -0.2728
0.1562 -0.3000 -0.2728
-0.4584 -0.1009 -0.5767
-0.4432 -0.1241 -0.5767
-0.5152 -0.1875 -0.3680
-0.5416 -0.1741 -0.3680
-0.7312 -0.0750 -0.2406
-0.7577 -0.0927 -0.2406
0.7048 -0.0927 -0.2406
0.7048 -0.0927 -0.6156
0.2459 -0.1509 -0.3680
0.2459 -0.1509 -0.5767
-0.5294 -0.0942 -0.5767
-0.5509 -0.1125 -0.5767
0.2620 -0.2308 -0.5902
0.2728 -0.2308 -0.6001
-0.1131 -0.1723 -1.3094
0.1131 -0.1723 -1.3094
-0.4792 -0.1558 -0.2767
-0.4924 -0.1625 -0.2767
-0.2723 -0.1375 -0.3289
-0.3027 -0.1375 -0.3289
-0.1000 -0.2000 1.0281
-0.1000 0.0083 1.0281
0.1131 -0.1723 -1.3094
0.1562 -0.2008 -1.0725
-0.1562 -0.0720 -0.8987
-0.1562 -0.1985 -0.8987
-0.5568 -0.1509 -0.3289
-0.5568 -0.1241 -0.3289
0.1937 0.1125 -1.0031
0.1801 0.0437 -1.0031
-0.4924 -0.1625 -0.2767
-0.5000 -0.1375 -0.2767
-0.5284 -0.1125 -0.1594
-0.5284 -0.1125 -0.2767
0.3296 -0.2246 -0.3289
0.3022 -0.2375 -0.3289
-0.1375 -0.0125 1.0853
-0.0625 -0.0125 1.0853
0.7312 -0.0750 -0.2406
0.7250 -0.1063 -0.2406
-0.5568 -0.1509 -0.3680
-0.5568 -0.1241 -0.3680
-0.5000 -0.1375 -0.3289
-0.4848 -0.1875 -0.3289
-0.1000 0.0188 1.3094
-0.1000 0.0188 1.1010
0.7312 -0.0750 -0.6156
0.7250 -0.1063 -0.6156
0.1937 0.1125 -0.2781
0.2327 0.1708 -0.2781
-0.7135 -0.0485 -0.2406
-0.7135 -0.0485 -0.6156
0.2875 -0.1875 -0.3289
0.3443 -0.1741 -0.3289
0.5000 -0.1375 -0.3680
0.4584 -0.1741 -0.3680
0.5568 -0.1241 -0.5767
0.5416 -0.1009 -0.5767
-0.2581 -0.2308 -0.5767
-0.2620 -0.2308 -0.5902
-0.5000 -0.1375 -0.3680
-0.5416 -0.1009 -0.3680
-0.2875 -0.1875 -0.3680
-0.2307 -0.1741 -0.3680
-0.2562 -0.0750 -0.4969
-0.2562 -0.1500 -0.4969
-0.1375 0.0500 1.0594
-0.1375 0.1125 1.0335
0.5416 -0.1009 -0.3680
0.5152 -0.0875 -0.3680
-0.0625 0.0241 1.1219
-0.0625 0.0759 1.1219
-0.2799 -0.1625 -0.2767
-0.2951 -0.1625 -0.2767
0.5000 -0.1375 -0.3289
0.4432 -0.1509 -0.3289
-0.1562 -0.0812 -0.2406
-0.1562 -0.0812 -0.6156
0.5000 -0.1375 -0.3680
0.4848 -0.1875 -0.3680
-0.7312 -0.0750 -0.2406
-0.7048 -0.0927 -0.2406
0.4579 -0.1746 -0.3289
0.5000 -0.1375 -0.3289
0.5484 -0.0949 -0.1594
0.5484 -0.0949 -0.2376
-0.5568 -0.1241 -0.3680
-0.5416 -0.1009 -0.3680
0.0670 -0.0839 0.5966
0.1562 -0.0518 0.1793
-0.2391 -0.2313 -0.1594
-0.2391 -0.2313 -0.2376
-0.2875 -0.1875 -0.3680
-0.3443 -0.1741 -0.3680
-0.5568 -0.1241 -0.5767
-0.5416 -0.1009 -0.5767
0.7625 -0.0688 -0.2406
0.7577 -0.0573 -0.2406
0.3169 -0.1875 -0.6235
0.3130 -0.2125 -0.6172
0.7000 -0.0688 -0.2406
0.7000 -0.0812 -0.2406
0.7312 -0.0750 -0.2406
0.7048 -0.0573 -0.2406
-0.3027 -0.2375 -0.3680
-0.2875 -0.1875 -0.3680
-0.0670 0.1571 1.0140
-0.0670 -0.0839 0.8749
0.5000 -0.1375 -0.3289
0.5416 -0.1009 -0.3289
0.2875 -0.1442 -0.6037
0.3022 -0.1442 -0.6001
-0.2875 -0.1875 -0.3289
-0.3443 -0.1746 -0.3289
-0.1375 0.0759 0.9969
-0.0625 0.0759 0.9969
-0.4745 -0.0942 -0.5902
-0.4853 -0.0942 -0.6001
0.2875 -0.1875 -0.3680
0.3291 -0.2241 -0.3680
-0.1562 -0.0556 -0.2728
-0.1562 -0.1903 -0.2728
0.3022 -0.1375 -0.3289
0.2951 -0.1625 -0.2767
0.1937 0.1125 -0.2781
0.2327 0.0542 -0.2781
0.2875 -0.1875 -0.5767
0.3443 -0.1741 -0.5767
-0.5000 -0.1375 -0.5767
-0.5568 -0.1509 -0.5767
0.3291 -0.1509 -0.3289
0.3291 -0.1509 -0.3680
0.2391 -0.2313 -0.1594
0.2391 -0.2313 -0.2376
-0.1000 0.0188 0.8094
-0.1000 0.0812 0.8094
-0.1375 0.0500 1.0594
-0.1375 0.0241 1.1219
0.3359 -0.2313 -0.2376
0.3158 -0.2137 -0.2376
-0.1000 -0.2000 1.0281
-0.1000 -0.2000 1.0906
-0.1937 0.1125 -1.0031
-0.2074 0.1813 -1.0031
-0.1562 -0.3000 -0.7251
-0.1562 -0.2750 -0.8988
0.3187 -0.0750 -0.4344
0.3187 -0.0750 -0.4969
-0.2459 -0.1509 -0.3289
-0.2459 -0.1509 -0.3680
0.2875 -0.1875 -0.3289
0.3443 -0.1746 -0.3289
0.5000 -0.1625 -0.6235
0.5000 -0.1808 -0.6037
0.2875 -0.1875 -0.2767
0.3083 -0.2058 -0.2767
-0.2287 -0.1875 -0.5767
-0.2366 -0.2125 -0.5767
-0.2723 -0.2375 -0.3289
-0.2723 -0.2375 -0.3680
-0.2327 0.1708 -1.0031
-0.2074 0.1813 -1.0031
0.4745 -0.1125 -0.6172
0.5000 -0.1125 -0.6235
-0.2875 -0.1875 -0.5767
-0.3291 -0.2241 -0.5767
0.4432 -0.1504 -0.3289
0.4432 -0.1246 -0.3289
-0.3443 -0.2004 -0.3289
-0.3159 -0.1942 -0.2767
0.1562 -0.3000 -0.7251
0.1562 -0.1962 -0.7249
0.1548 0.0542 -0.2781
0.1801 0.0437 -0.2781
-0.0670 0.1571 1.1531
-0.0670 -0.1643 1.1531
-0.5000 -0.1375 -0.3289
-0.5147 -0.1875 -0.3289
-0.3158 -0.1626 -0.2376
-0.3359 -0.1449 -0.2376
-0.1562 -0.3000 -0.7251
-0.1562 -0.1962 -0.7249
0.1548 0.0542 -1.0031
0.1801 0.0437 -1.0031
0.5000 -0.1375 -0.5767
0.5416 -0.1009 -0.5767
0.4491 -0.1375 -0.6037
0.4706 -0.1375 -0.6235
0.2723 -0.2375 -0.3680
0.3027 -0.2375 -0.3680
0.5000 -0.1375 -0.3680
0.5416 -0.1741 -0.3680
-0.7312 -0.0750 -0.6156
-0.7577 -0.0927 -0.6156
-0.4745 -0.0942 -0.5902
-0.5000 -0.0875 -0.5767
0.2875 -0.1875 -0.3680
0.2307 -0.1741 -0.3680
0.2723 -0.2375 -0.5767
0.3027 -0.2375 -0.5767
0.2875 -0.1875 -0.5767
0.2459 -0.2241 -0.5767
-0.2875 -0.1875 -0.2767
-0.3159 -0.1808 -0.2767
-0.5000 -0.1375 -0.5767
-0.4432 -0.1509 -0.5767
-0.4853 -0.0942 -0.6001
-0.5000 -0.0942 -0.6037
0.7135 -0.1015 -0.6156
0.7250 -0.1063 -0.6156
-0.5588 -0.1375 -0.5767
-0.5509 -0.1625 -0.5767
0.1562 0.1411 -0.0990
0.1562 -0.0437 0.1793
-0.2875 -0.2375 -0.5767
-0.3169 -0.2308 -0.5767
-0.1937 0.1125 -1.0031
-0.2520 0.0736 -1.0031
-0.5255 -0.0942 -0.5902
-0.5294 -0.0942 -0.5767
0.2875 -0.1875 -0.3680
0.2307 -0.2009 -0.3680
0.5000 -0.1375 -0.2767
0.5076 -0.1625 -0.2767
0.3291 -0.2241 -0.3680
0.3443 -0.2009 -0.3680
0.0670 -0.2446 1.0140
0.0670 -0.2625 0.8749
0.4848 -0.0875 -0.3289
0.5152 -0.0875 -0.3289
-0.1375 -0.0125 1.0335
-0.1375 0.0241 0.9969
-0.5147 -0.1875 -0.3289
-0.5076 -0.1625 -0.2767
0.2875 -0.1875 -0.3289
0.2307 -0.1746 -0.3289
0.1562 -0.2750 -0.0989
0.1562 -0.3000 -0.2728
-0.4432 -0.1504 -0.3289
-0.4716 -0.1442 -0.2767
-0.1000 0.0812 1.0177
-0.1000 0.0812 0.8094
0.2875 -0.1875 -0.2767
0.2799 -0.1625 -0.2767
-0.5000 -0.1375 -0.2767
-0.4792 -0.1192 -0.2767
-0.4716 -0.1625 -0.1594
-0.5284 -0.1625 -0.1594
-0.7625 -0.0812 -0.2406
-0.7625 -0.0812 -0.6156
0.1801 0.1813 -0.2781
0.2074 0.1813 -0.2781
-0.7048 -0.0573 -0.2406
-0.7048 -0.0573 -0.6156
-0.2307 -0.1741 -0.3680
-0.2307 -0.2009 -0.3680
-0.5000 -0.1375 -0.3289
-0.5147 -0.0875 -0.3289
-0.3022 -0.1442 -0.6001
-0.3130 -0.1442 -0.5902
0.5000 -0.1375 -0.5767
0.4848 -0.1875 -0.5767
0.5152 -0.0875 -0.3289
0.5152 -0.0875 -0.3680
-0.2307 -0.2009 -0.3289
-0.2459 -0.2241 -0.3289
-0.2459 -0.1509 -0.3289
-0.2307 -0.1741 -0.3289
-0.2951 -0.1625 -0.2767
-0.3083 -0.1692 -0.2767
0.1355 0.1514 -0.2781
0.1355 0.1514 -1.0031
-0.7312 -0.0750 -0.6156
-0.7048 -0.0927 -0.6156
-0.7063 -0.0688 -0.2406
-0.7063 -0.0688 -0.6156
0.2327 0.0542 -1.0031
0.2520 0.0736 -1.0031
0.4716 -0.1625 -0.1594
0.4716 -0.1125 -0.1594
-0.2875 -0.1875 -0.2767
-0.2591 -0.1808 -0.2767
-0.3296 -0.1504 -0.3289
-0.3443 -0.1746 -0.3289
0.1562 -0.2625 -1.0725
0.1562 -0.2750 -0.8988
0.5568 -0.1504 -0.3289
0.5421 -0.1746 -0.3289
0.7048 -0.0573 -0.2406
0.7048 -0.0573 -0.6156
-0.2875 -0.2375 -0.5767
-0.3022 -0.2308 -0.6001
-0.1937 0.1125 -1.0031
-0.1355 0.0736 -1.0031
0.1562 -0.3000 -0.7251
0.1562 -0.1962 -0.7249
0.5000 -0.1375 -0.2767
0.5076 -0.1125 -0.2767
-0.5152 -0.1875 -0.3680
-0.5152 -0.1875 -0.3289
0.4848 -0.0875 -0.5767
0.5152 -0.0875 -0.5767
0.0670 -0.2625 0.5966
0.1562 -0.2750 0.1793
-0.5416 -0.1009 -0.5767
-0.5152 -0.0875 -0.5767
0.2728 -0.1442 -0.6001
0.2620 -0.1625 -0.6172
0.7577 -0.0573 -0.2406
0.7490 -0.0485 -0.2406
0.2307 -0.2009 -0.3289
0.2307 -0.2009 -0.3680
-0.1937 0.1125 -0.2781
-0.2625 0.1262 -0.2781
-0.1000 -0.2000 1.0906
-0.1000 0.0083 1.0906
0.2434 -0.2125 -0.6001
0.2620 -0.2125 -0.6172
0.3296 -0.1504 -0.3289
0.3083 -0.1692 -0.2767
-0.1000 0.0812 1.1010
-0.1000 0.0812 1.3094
0.5152 -0.1875 -0.5767
0.5416 -0.1741 -0.5767
-0.2366 -0.1625 -0.5767
-0.2434 -0.1625 -0.6001
-0.2459 -0.1509 -0.3680
-0.2459 -0.1509 -0.5767
-0.4848 -0.0875 -0.5767
-0.5152 -0.0875 -0.5767
-0.7312 -0.0750 -0.6156
-0.7250 -0.0437 -0.6156
0.4559 -0.1125 -0.6001
0.4491 -0.1375 -0.6037
-0.2875 -0.1625 -0.6235
-0.2875 -0.1875 -0.6307
-0.3384 -0.1875 -0.6037
-0.3463 -0.1875 -0.5767
-0.0625 0.0500 1.0594
-0.0625 0.0759 1.1219
-0.3027 -0.2375 -0.3289
-0.3291 -0.2241 -0.3289
0.4745 -0.1625 -0.6172
0.5000 -0.1625 -0.6235
-0.3296 -0.2246 -0.3289
-0.3083 -0.2058 -0.2767
-0.1562 -0.0688 -0.2406
-0.1562 -0.0812 -0.2406
0.5568 -0.1241 -0.3289
0.5568 -0.1241 -0.3680
0.2459 -0.1509 -0.3680
0.2875 -0.1875 -0.3680
0.2875 -0.1625 -0.6235
0.2875 -0.1875 -0.6307
-0.1937 0.1125 -0.2781
-0.1801 0.0437 -0.2781
0.7250 -0.0437 -0.2406
0.7135 -0.0485 -0.2406
0.2366 -0.2125 -0.5767
0.2581 -0.2308 -0.5767
0.3027 -0.2375 -0.3289
0.3291 -0.2241 -0.3289
-0.5147 -0.0942 -0.6001
-0.5255 -0.1125 -0.6172
-0.4706 -0.1375 -0.6235
-0.5000 -0.1375 -0.6307
0.2459 -0.1509 -0.3680
0.2875 -0.1875 -0.3680
-0.4584 -0.1009 -0.3289
-0.5000 -0.1375 -0.3289
0.3291 -0.2241 -0.3289
0.3291 -0.2241 -0.3680
-0.4745 -0.1625 -0.6172
-0.5000 -0.1625 -0.6235
0.0670 -0.0839 0.5966
0.0670 -0.0839 0.8749
-0.4432 -0.1246 -0.3289
-0.4579 -0.1004 -0.3289
0.2591 -0.1625 -0.2767
0.3159 -0.1625 -0.2767
-0.1375 0.0241 0.9969
-0.1375 0.0759 0.9969
-0.4716 -0.1125 -0.2767
-0.4716 -0.1125 -0.1594
0.2592 -0.1626 -0.2376
0.2391 -0.1449 -0.2376
-0.1000 0.0188 0.8094
-0.1000 0.0812 0.8094
-0.5000 -0.0875 -0.5767
-0.5147 -0.0942 -0.6001
-0.0625 0.0500 1.0594
-0.0625 -0.0125 1.0335
-0.2307 -0.1741 -0.3680
-0.2307 -0.2009 -0.3680
-0.7625 -0.0688 -0.2406
-0.7577 -0.0573 -0.2406
-0.4716 -0.1625 -0.2767
-0.4716 -0.1125 -0.2767
-0.7000 -0.0688 -0.2406
-0.7000 -0.0812 -0.2406
0.5416 -0.1009 -0.3680
0.5416 -0.1009 -0.5767
0.1937 0.1125 -1.0031
0.2520 0.1514 -1.0031
-0.1355 0.1514 -1.0031
-0.1250 0.1262 -1.0031
0.5509 -0.1375 -0.6037
0.5441 -0.1625 -0.6001
0.5000 -0.1808 -0.6037
0.5147 -0.1808 -0.6001
0.7312 -0.0750 -0.2406
0.7577 -0.0573 -0.2406
0.4706 -0.0942 -0.5767
0.4491 -0.1125 -0.5767
-0.3291 -0.1509 -0.3289
-0.3291 -0.1509 -0.3680
0.4745 -0.1808 -0.5902
0.4853 -0.1808 -0.6001
0.5000 -0.0875 -0.5767
0.4853 -0.0942 -0.6001
0.5147 -0.0942 -0.6001
0.5255 -0.0942 -0.5902
0.4579 -0.1746 -0.3289
0.4853 -0.1875 -0.3289
0.7312 -0.0750 -0.6156
0.7577 -0.0573 -0.6156
-0.2459 -0.2241 -0.3289
-0.2723 -0.2375 -0.3289
-0.2875 -0.1875 -0.3289
-0.2307 -0.2009 -0.3289
0.5000 -0.1375 -0.3680
0.5416 -0.1009 -0.3680
0.4853 -0.1875 -0.3289
0.5000 -0.1375 -0.3289
-0.3443 -0.1746 -0.3289
-0.3443 -0.2004 -0.3289
0.2307 -0.1741 -0.5767
0.2307 -0.2009 -0.5767
0.5284 -0.1625 -0.2767
0.5284 -0.1625 -0.1594
-0.4584 -0.1741 -0.3680
-0.4848 -0.1875 -0.3680
0.7000 -0.0688 -0.2406
0.7000 -0.0688 -0.6156
-0.5441 -0.1125 -0.6001
-0.5509 -0.1375 -0.6037
0.1176 0.2375 -0.7565
-0.1176 0.2375 -0.7565
-0.7312 -0.0750 -0.2406
-0.7625 -0.0812 -0.2406
0.2459 -0.2241 -0.3289
0.2723 -0.2375 -0.3289
0.2875 -0.1875 -0.3289
0.2307 -0.2009 -0.3289
-0.4745 -0.1808 -0.5902
-0.4853 -0.1808 -0.6001
-0.5000 -0.0875 -0.5767
-0.4853 -0.0942 -0.6001
-0.4579 -0.1746 -0.3289
-0.4853 -0.1875 -0.3289
0.3443 -0.1746 -0.3289
0.3443 -0.2004 -0.3289
0.2454 -0.2246 -0.3289
0.2875 -0.1875 -0.3289
-0.0625 0.1125 1.0853
-0.0625 0.0759 1.1219
0.1937 0.1125 -1.0031
0.2074 0.0437 -1.0031
0.7312 -0.0750 -0.2406
0.7375 -0.1063 -0.2406
-0.2723 -0.2375 -0.5767
-0.3027 -0.2375 -0.5767
-0.5000 -0.1375 -0.3289
-0.5152 -0.1875 -0.3289
0.5416 -0.1741 -0.5767
0.5568 -0.1509 -0.5767
-0.2287 -0.1875 -0.5767
-0.2366 -0.1875 -0.6037
0.5509 -0.1625 -0.5767
0.5294 -0.1808 -0.5767
0.1937 0.1125 -0.2781
0.2074 0.1813 -0.2781
0.5568 -0.1509 -0.3680
0.5568 -0.1241 -0.3680
0.2875 -0.1875 -0.3289
0.3291 -0.1509 -0.3289
-0.2723 -0.1375 -0.3289
-0.2875 -0.1875 -0.3289
0.5000 -0.1375 -0.3680
0.4848 -0.1875 -0.3680
-0.7577 -0.0927 -0.2406
-0.7625 -0.0812 -0.2406
-0.5000 -0.1375 -0.3680
-0.5152 -0.0875 -0.3680
-0.2875 -0.1875 -0.3680
-0.2307 -0.2009 -0.3680
-0.2562 -0.0750 -0.4969
-0.3187 -0.0750 -0.4969
-0.2074 0.1813 -0.2781
-0.2074 0.1813 -1.0031
-0.1375 0.0500 1.0594
-0.1375 0.1125 1.0853
-0.3130 -0.2308 -0.5902
-0.3169 -0.2308 -0.5767
0.2875 -0.1375 -0.5767
0.3169 -0.1442 -0.5767
0.5000 -0.1375 -0.3289
0.4584 -0.1741 -0.3289
0.5416 -0.1009 -0.3289
0.5152 -0.0875 -0.3289
-0.2454 -0.1504 -0.3289
-0.2667 -0.1692 -0.2767
-0.7312 -0.0750 -0.2406
-0.7135 -0.1015 -0.2406
0.1801 0.0437 -0.2781
0.1801 0.0437 -1.0031
0.1562 -0.0556 -0.2728
0.1562 -0.1903 -0.2728
0.1262 0.2375 -0.4277
-0.1262 0.2375 -0.4277
-0.3158 -0.1626 -0.1594
-0.3359 -0.1449 -0.1594
0.0987 0.0768 -1.2120
-0.0987 0.0768 -1.2120
-0.5416 -0.1741 -0.5767
-0.5568 -0.1509 -0.5767
0.3027 -0.2375 -0.3680
0.3027 -0.2375 -0.5767
0.2875 -0.2125 -0.6235
0.2875 -0.2308 -0.6037
0.7135 -0.0485 -0.2406
0.7048 -0.0573 -0.2406
0.1562 -0.1985 -0.8987
0.1562 -0.1962 -0.7249
-0.1562 -0.0675 -0.7248
-0.1562 -0.0556 -0.2728
0.2620 -0.1625 -0.6172
0.2875 -0.1625 -0.6235
-0.1375 -0.0125 1.0335
-0.0625 -0.0125 1.0335
-0.5568 -0.1241 -0.3680
-0.5416 -0.1009 -0.3680
0.7312 -0.0750 -0.2406
0.7000 -0.0688 -0.2406
0.3443 -0.2009 -0.3289
0.3443 -0.2009 -0.3680
-0.1000 0.0083 1.0281
-0.1000 0.0083 1.0906
0.5000 -0.1375 -0.3289
0.5152 -0.0875 -0.3289
0.3022 -0.2375 -0.3289
0.2951 -0.2125 -0.2767
-0.2875 -0.1875 -0.3289
-0.3443 -0.2004 -0.3289
-0.5000 -0.0942 -0.6037
-0.5147 -0.0942 -0.6001
0.2875 -0.1875 -0.3680
0.3443 -0.2009 -0.3680
-0.4579 -0.1004 -0.3289
-0.4853 -0.0875 -0.3289
0.1937 0.1125 -0.2781
0.2520 0.0736 -0.2781
0.2875 -0.1875 -0.5767
0.3291 -0.1509 -0.5767
-0.5000 -0.1375 -0.5767
-0.5568 -0.1241 -0.5767
-0.1062 -0.0518 -1.3094
-0.1131 -0.1723 -1.3094
0.2562 -0.0750 -0.4344
0.2562 -0.0750 -0.4969
-0.2728 -0.1442 -0.6001
-0.2620 -0.1625 -0.6172
-0.7577 -0.0573 -0.2406
-0.7490 -0.0485 -0.2406
0.2875 -0.1375 -0.5767
0.3022 -0.1442 -0.6001
0.5152 -0.0875 -0.3680
0.5152 -0.0875 -0.5767
-0.2307 -0.2009 -0.3289
-0.2307 -0.2009 -0.3680
-0.7577 -0.0573 -0.6156
-0.7490 -0.0485 -0.6156
0.2875 -0.1875 -0.3289
0.3443 -0.2004 -0.3289
-0.2625 0.1262 -1.0031
-0.2520 0.1514 -1.0031
0.2875 -0.1875 -0.2767
0.2951 -0.2125 -0.2767
-0.5000 -0.1375 -0.2767
-0.5208 -0.1558 -0.2767
0.5255 -0.1125 -0.6172
0.5441 -0.1125 -0.6001
-0.3296 -0.1504 -0.3289
-0.3083 -0.1692 -0.2767
-0.2520 0.1514 -0.2781
-0.2327 0.1708 -0.2781
0.5294 -0.0942 -0.5767
0.5509 -0.1125 -0.5767
0.5294 -0.1375 -0.6235
0.5509 -0.1375 -0.6037
-0.2875 -0.1875 -0.5767
-0.3443 -0.2009 -0.5767
-0.2591 -0.2125 -0.2767
-0.3159 -0.2125 -0.2767
0.1250 0.0988 -1.0031
0.1355 0.0736 -1.0031
-0.5152 -0.1875 -0.3680
-0.4848 -0.1875 -0.3680
0.4792 -0.1558 -0.2767
0.4924 -0.1625 -0.2767
-0.3359 -0.2313 -0.2376
-0.3359 -0.2313 -0.1594
0.7000 -0.0812 -0.2406
0.7048 -0.0927 -0.2406
0.2307 -0.2009 -0.5767
0.2459 -0.2241 -0.5767
0.5000 -0.1375 -0.5767
0.5152 -0.0875 -0.5767
0.3130 -0.1442 -0.5902
0.3316 -0.1625 -0.6001
0.5284 -0.1125 -0.1594
0.5284 -0.1125 -0.2767
0.7000 -0.0812 -0.6156
0.7048 -0.0927 -0.6156
-0.5152 -0.0875 -0.3680
-0.5152 -0.0875 -0.5767
0.5000 -0.1375 -0.3680
0.5568 -0.1509 -0.3680
-0.5441 -0.1625 -0.6001
-0.5255 -0.1808 -0.5902
-0.7312 -0.0750 -0.6156
-0.7625 -0.0812 -0.6156
-0.4745 -0.0942 -0.5902
-0.4559 -0.1125 -0.6001
0.2875 -0.1875 -0.3680
0.2307 -0.2009 -0.3680
0.2875 -0.1875 -0.5767
0.2723 -0.2375 -0.5767
-0.2875 -0.1875 -0.2767
-0.3159 -0.1942 -0.2767
0.3027 -0.1375 -0.3289
0.3027 -0.1375 -0.3680
-0.5000 -0.1375 -0.5767
-0.4584 -0.1741 -0.5767
-0.5255 -0.1125 -0.6172
-0.5441 -0.1125 -0.6001
-0.4853 -0.1875 -0.3289
-0.5000 -0.1375 -0.3289
0.2723 -0.2375 -0.3289
0.3027 -0.2375 -0.3289
-0.1375 0.0241 1.1219
-0.1375 -0.0125 1.0853
0.2591 -0.2125 -0.1594
0.2591 -0.1625 -0.1594
-0.1000 0.0917 1.0281
-0.1000 0.0917 1.0281
-0.1937 0.1125 -1.0031
-0.2625 0.0988 -1.0031
-0.5284 -0.1625 -0.2767
-0.5284 -0.1625 -0.1594
0.2875 -0.1875 -0.3680
0.2459 -0.2241 -0.3680
0.3443 -0.2004 -0.3289
0.3296 -0.2246 -0.3289
-0.1562 -0.2750 -0.8988
0.1562 -0.2750 -0.8988
-0.2459 -0.1509 -0.3680
-0.2875 -0.1875 -0.3680
0.3187 -0.1500 -0.4344
0.3187 -0.1500 -0.4969
-0.5284 -0.1625 -0.1594
-0.5284 -0.1125 -0.1594
0.2875 -0.1875 -0.3289
0.2454 -0.1504 -0.3289
0.3159 -0.1942 -0.2767
0.3083 -0.2058 -0.2767
0.2875 -0.1875 -0.2767
0.2951 -0.1625 -0.2767
-0.2366 -0.2125 -0.5767
-0.2581 -0.2308 -0.5767
-0.5000 -0.1375 -0.2767
-0.4924 -0.1125 -0.2767
-0.5000 -0.1875 -0.5767
-0.5255 -0.1808 -0.5902
-0.7250 -0.0437 -0.2406
-0.7250 -0.0437 -0.6156
-0.2434 -0.2125 -0.6001
-0.2620 -0.2308 -0.5902
0.4412 -0.1375 -0.5767
0.4491 -0.1375 -0.6037
-0.2459 -0.1509 -0.3680
-0.2875 -0.1875 -0.3680
0.5568 -0.1241 -0.3680
0.5416 -0.1009 -0.3680
0.4848 -0.0875 -0.3289
0.5000 -0.1375 -0.3289
0.5441 -0.1625 -0.6001
0.5509 -0.1625 -0.5767
-0.1801 0.1813 -0.2781
-0.1801 0.1813 -1.0031
-0.1562 -0.0688 -0.2406
-0.1562 -0.0688 -0.6156
0.1801 0.0437 -1.0031
0.2074 0.0437 -1.0031
0.5000 -0.1375 -0.5767
0.5152 -0.1875 -0.5767
-0.2728 -0.1375 -0.3289
-0.3022 -0.1375 -0.3289
-0.7312 -0.0750 -0.6156
-0.7135 -0.1015 -0.6156
0.3027 -0.2375 -0.5767
0.3291 -0.2241 -0.5767
