-0.1250 -0.1875 1.0281
-0.1250 0.0208 1.0281
-0.0875 0.0625 1.0594
-0.0875 0.0000 1.0853
-0.1250 0.0312 1.0177
-0.1250 0.0312 0.8094
0.1401 -0.0393 -1.3094
0.2062 -0.0641 -1.0725
0.0884 -0.0714 0.5966
0.2062 -0.0393 0.1793
-0.1250 0.0312 0.8094
-0.1250 0.0312 1.0177
-0.1250 0.0312 1.1010
-0.1250 0.0938 1.1010
-0.1250 0.0312 1.3094
-0.1250 0.0938 1.3094
-0.0875 0.0000 1.0335
-0.0875 0.0366 0.9969
0.1665 0.2500 -0.4277
-0.1665 0.2500 -0.4277
-0.0875 0.0366 1.1219
-0.0875 0.0000 1.0853
-0.1250 0.0312 1.0177
-0.1250 0.0312 0.8094
-0.1250 -0.1875 1.0906
-0.1250 0.0208 1.0906
-0.1250 0.0312 1.1010
-0.1250 0.0938 1.1010
-0.1303 0.0893 -1.2120
-0.1401 -0.0393 -1.3094
-0.1250 0.0312 1.0177
-0.1250 0.0938 1.0177
-0.1303 0.0893 -1.2120
-0.2062 -0.0641 -1.0725
0.0884 -0.3125 0.5966
-0.0884 -0.3125 0.5966
-0.1250 -0.1875 1.0281
-0.1250 0.0208 1.0281
-0.1625 0.0884 1.1219
-0.0875 0.0884 1.1219
-0.2062 -0.0312 0.1793
0.2062 -0.0312 0.1793
-0.1250 0.0208 1.0281
-0.1250 -0.1875 1.0281
-0.2062 -0.0641 -1.0725
-0.2062 -0.0550 -0.7248
-0.0875 0.0625 1.0594
-0.0875 0.0000 1.0335
-0.2062 0.1536 -0.0990
-0.2062 -0.0312 0.1793
0.0884 -0.3125 0.5966
-0.0884 -0.3125 0.5966
-0.0884 -0.0714 0.5966
-0.0884 -0.3125 0.5966
-0.1250 -0.1875 1.0281
-0.1250 0.0208 1.0281
0.1585 -0.2804 -1.3094
0.1401 -0.0393 -1.3094
-0.1625 0.0625 1.0594
-0.1625 0.0366 0.9969
-0.1250 0.0312 1.3094
-0.1250 0.0312 1.1010
0.1303 0.0893 -1.2120
0.1465 0.2500 -1.0094
-0.1625 0.1250 1.0853
-0.1625 0.0884 1.1219
-0.1250 0.0938 1.1010
-0.1250 0.0938 1.3094
0.0884 -0.0714 0.5966
0.0884 -0.3125 0.5966
0.2062 -0.3125 -0.7251
-0.2062 -0.3125 -0.7251
-0.1625 0.0884 0.9969
-0.1625 0.1250 1.0335
-0.0875 0.0625 1.0594
-0.0875 0.0366 0.9969
-0.1250 0.0312 1.1010
-0.1250 0.0312 1.3094
0.2062 -0.3125 -0.2728
0.2062 -0.0431 -0.2728
-0.1625 0.0000 1.0335
-0.1625 0.0366 0.9969
-0.0884 -0.0714 0.5966
-0.2062 -0.0393 0.1793
-0.0884 -0.0714 0.5966
-0.0884 -0.0714 0.8749
-0.1709 0.2500 -0.3013
-0.1665 0.2500 -0.4277
-0.0875 0.0884 0.9969
-0.0875 0.1250 1.0335
-0.1625 0.0625 1.0594
-0.1625 0.0884 0.9969
-0.1250 0.0312 1.3094
-0.1250 0.0312 1.1010
-0.2062 -0.0431 -0.2728
-0.1665 0.2500 -0.4277
0.0884 -0.0714 0.5966
-0.0884 -0.0714 0.5966
0.1401 -0.0393 -1.3094
-0.1401 -0.0393 -1.3094
-0.1250 0.1042 1.0281
-0.1250 0.1042 1.0281
0.0884 -0.3125 0.5966
0.0884 -0.3125 0.8749
0.2062 -0.0550 -0.7248
0.2062 -0.3125 -0.7251
-0.0875 0.0625 1.0594
-0.0875 0.0884 0.9969
-0.1250 0.0312 1.3094
-0.1250 0.0312 1.1010
-0.1250 0.0312 0.8094
-0.1250 0.0938 0.8094
-0.0884 0.1696 1.0140
-0.0884 -0.2321 1.0140
0.1709 0.2500 -0.3013
0.2062 -0.0386 -0.0989
-0.1250 0.0208 1.0906
-0.1250 -0.1875 1.0906
0.0884 0.1696 1.1531
0.0884 -0.1518 1.1531
-0.1250 0.3125 1.0281
-0.1250 0.3125 1.0281
-0.1250 0.0938 1.0177
-0.1250 0.0938 0.8094
0.0884 0.1696 1.0140
0.0884 -0.2321 1.0140
-0.1625 0.0625 1.0594
-0.1625 0.1250 1.0335
-0.1625 0.1250 1.0335
-0.1625 0.1250 1.0853
0.2062 -0.3125 0.1793
0.2062 -0.3125 -0.0989
-0.0875 0.1250 1.0335
-0.0875 0.1250 1.0853
-0.1250 0.0938 1.3094
-0.1250 0.0938 1.1010
0.0884 -0.2321 1.0140
-0.0884 -0.2321 1.0140
-0.1625 0.0366 0.9969
-0.1625 0.0884 0.9969
-0.0884 -0.3125 0.5966
-0.2062 -0.3125 0.1793
-0.1250 0.1042 1.0281
-0.1250 0.1042 1.0906
-0.1250 0.0312 1.0177
-0.1250 0.0312 1.0177
-0.1625 0.0366 1.1219
-0.0875 0.0366 1.1219
-0.0875 0.0625 1.0594
-0.0875 0.1250 1.0335
-0.1250 0.0312 0.8094
-0.1250 0.0938 0.8094
-0.1625 0.0000 1.0853
-0.1625 0.0000 1.0335
0.0884 -0.3125 0.5966
0.2062 -0.3125 0.1793
0.2062 -0.0386 -0.0989
0.2062 -0.3125 -0.0989
0.0884 0.1696 1.0140
0.0884 -0.0714 0.8749
-0.1250 -0.1875 1.0906
-0.1250 0.0208 1.0906
0.1303 0.0893 -1.2120
0.1401 -0.0393 -1.3094
-0.1250 0.1042 1.0281
-0.1250 0.1042 1.0906
0.0884 0.1696 1.0140
-0.0884 0.1696 1.0140
-0.1625 0.0625 1.0594
-0.1625 0.1250 1.0853
0.2062 -0.3125 -0.0989
-0.2062 -0.3125 -0.0989
-0.1250 0.0938 1.3094
-0.1250 0.0938 1.1010
-0.1250 -0.1875 1.0281
-0.1250 -0.1875 1.0281
-0.1250 0.1042 1.0281
-0.1250 0.1042 1.0906
-0.1250 0.0312 0.8094
-0.1250 0.0312 0.8094
-0.2062 -0.0386 -0.0989
-0.1709 0.2500 -0.3013
0.2062 -0.0641 -1.0725
0.2062 -0.0550 -0.7248
-0.0875 0.1250 1.0853
-0.0875 0.0884 1.1219
-0.1250 0.0938 1.3094
-0.1250 0.0938 1.1010
-0.1250 0.1042 1.0281
-0.1250 0.1042 1.0906
-0.1625 0.0625 1.0594
-0.1625 0.0884 1.1219
0.0884 -0.1518 1.1531
-0.0884 -0.1518 1.1531
0.2062 0.1536 -0.0990
0.1709 0.2500 -0.3013
0.2062 -0.3125 0.1793
0.2062 -0.0312 0.1793
-0.1465 0.2500 -1.0094
-0.1552 0.2500 -0.7565
0.1465 0.2500 -1.0094
0.1552 0.2500 -0.7565
0.2062 -0.3125 -1.0725
-0.2062 -0.3125 -1.0725
-0.1250 0.0208 1.0281
-0.1250 0.0208 1.0281
-0.1625 0.0884 0.9969
-0.0875 0.0884 0.9969
-0.1250 0.0312 0.8094
-0.1250 0.0938 0.8094
-0.2062 -0.0641 -1.0725
-0.1465 0.2500 -1.0094
0.0884 -0.2321 1.0140
-0.0884 -0.2321 1.0140
-0.2062 -0.0550 -0.7248
-0.2062 -0.3125 -0.7251
-0.0884 0.1696 1.1531
-0.0884 -0.1518 1.1531
-0.1709 0.2500 -0.3013
0.1709 0.2500 -0.3013
-0.0884 -0.2321 1.0140
-0.0884 -0.3125 0.8749
-0.1250 0.3125 1.0906
-0.1250 0.3125 1.0906
-0.1625 0.0000 1.0335
-0.0875 0.0000 1.0335
-0.1625 0.0366 1.1219
-0.1625 0.0884 1.1219
-0.2062 -0.3125 0.1793
-0.2062 -0.3125 -0.0989
-0.1250 0.0312 1.3094
-0.1250 0.0312 1.3094
-0.1465 0.2500 -1.0094
0.1465 0.2500 -1.0094
-0.1250 0.0938 1.0177
-0.1250 0.0938 1.0177
-0.1250 0.1042 1.0281
-0.1250 0.3125 1.0281
0.2062 -0.3125 -1.0725
0.2062 -0.3125 -0.7251
-0.0884 0.1696 1.0140
-0.0884 -0.0714 0.8749
-0.1250 0.0208 1.0281
-0.1250 0.0208 1.0906
-0.2062 -0.0550 -0.7248
-0.2062 -0.0431 -0.2728
-0.1250 0.0312 0.8094
-0.1250 0.0938 0.8094
-0.2062 -0.0386 -0.0989
-0.2062 -0.3125 -0.0989
0.0884 -0.0714 0.8749
-0.0884 -0.0714 0.8749
-0.1552 0.2500 -0.7565
-0.1665 0.2500 -0.4277
-0.2062 0.1536 -0.0990
-0.1709 0.2500 -0.3013
-0.2062 -0.3125 0.1793
-0.2062 -0.0312 0.1793
-0.1250 0.0938 0.8094
-0.1250 0.0938 0.8094
-0.1625 0.0625 1.0594
-0.1625 0.0366 1.1219
-0.1250 0.0208 1.0281
-0.1250 0.0208 1.0906
-0.1250 0.0312 1.3094
-0.1250 0.0938 1.3094
0.0884 0.1696 1.1531
-0.0884 0.1696 1.1531
0.2062 -0.3125 0.1793
-0.2062 -0.3125 0.1793
-0.1250 0.3125 1.0281
-0.1250 0.3125 1.0906
0.1465 0.2500 -1.0094
0.2062 -0.0641 -1.0725
0.2062 -0.3125 0.1793
-0.2062 -0.3125 0.1793
-0.1625 0.0366 0.9969
-0.0875 0.0366 0.9969
-0.1250 0.0312 1.3094
-0.1250 0.0938 1.3094
-0.1585 -0.2804 -1.3094
-0.2062 -0.3125 -1.0725
0.2062 -0.0641 -1.0725
0.2062 -0.3125 -1.0725
-0.2062 -0.0641 -1.0725
-0.2062 -0.3125 -1.0725
0.0884 -0.0714 0.5966
0.0884 -0.3125 0.5966
0.0884 -0.0714 0.8749
0.0884 -0.3125 0.8749
0.2062 -0.3125 -0.2728
0.2062 -0.3125 -0.7251
-0.0884 -0.0714 0.8749
-0.0884 -0.3125 0.8749
-0.1250 0.3125 1.0281
-0.1250 0.3125 1.0906
-0.1250 0.0208 1.0906
-0.1250 0.0208 1.0906
-0.1625 0.0000 1.0853
-0.0875 0.0000 1.0853
-0.0875 0.0625 1.0594
-0.0875 0.1250 1.0853
-0.1625 0.0625 1.0594
-0.1625 0.0000 1.0853
-0.1250 0.0312 1.3094
-0.1250 0.0938 1.3094
0.0884 -0.1518 1.1531
0.0884 -0.2321 1.0140
0.2062 0.1536 -0.0990
0.2062 -0.0312 0.1793
-0.1250 0.3125 1.0281
-0.1250 0.3125 1.0906
0.1585 -0.2804 -1.3094
-0.1585 -0.2804 -1.3094
0.2062 -0.0393 0.1793
0.2062 -0.3125 0.1793
-0.0884 -0.3125 0.8749
0.0884 -0.3125 0.8749
-0.1250 0.0312 1.0177
-0.1250 0.0938 1.0177
-0.2062 -0.3125 -0.2728
-0.2062 -0.3125 -0.7251
-0.1625 0.1250 1.0853
-0.0875 0.1250 1.0853
-0.1625 0.0366 1.1219
-0.1625 0.0000 1.0853
-0.1303 0.0893 -1.2120
-0.1465 0.2500 -1.0094
-0.1250 -0.1875 1.0281
-0.1250 -0.1875 1.0906
-0.2062 -0.0312 0.1793
-0.2062 -0.0386 -0.0989
0.2062 -0.0550 -0.7248
0.2062 -0.0431 -0.2728
-0.1250 0.3125 1.0281
-0.1250 0.3125 1.0906
-0.1250 0.0312 1.0177
-0.1250 0.0938 1.0177
0.0884 -0.0714 0.5966
-0.0884 -0.0714 0.5966
-0.0875 0.0625 1.0594
-0.0875 0.0884 1.1219
-0.1625 0.0625 1.0594
-0.1625 0.0000 1.0335
0.2062 0.1536 -0.0990
-0.2062 0.1536 -0.0990
0.1552 0.2500 -0.7565
0.1665 0.2500 -0.4277
-0.2062 -0.0431 -0.2728
-0.2062 -0.3125 -0.2728
-0.1250 -0.1875 1.0281
-0.1250 -0.1875 1.0906
-0.1250 0.1042 1.0906
-0.1250 0.3125 1.0906
0.2062 -0.0393 0.1793
-0.2062 -0.0393 0.1793
-0.1250 0.0312 1.0177
-0.1250 0.0938 1.0177
0.1303 0.0893 -1.2120
0.2062 -0.0641 -1.0725
-0.0875 0.0366 1.1219
-0.0875 0.0884 1.1219
-0.0884 0.1696 1.0140
-0.0884 -0.2321 1.0140
-0.1250 0.0938 1.1010
-0.1250 0.0938 1.1010
-0.1585 -0.2804 -1.3094
-0.1401 -0.0393 -1.3094
-0.1250 -0.1875 1.0281
-0.1250 -0.1875 1.0906
-0.0884 0.1696 1.1531
-0.0884 0.1696 1.0140
0.2062 -0.3125 -0.0989
0.2062 -0.3125 -0.2728
0.0884 0.1696 1.0140
0.0884 -0.2321 1.0140
-0.2062 -0.3125 -0.0989
-0.2062 -0.3125 -0.2728
-0.1250 0.3125 1.0906
-0.1250 0.1042 1.0906
-0.1250 0.0312 1.1010
-0.1250 0.0312 1.1010
-0.0875 0.0366 0.9969
-0.0875 0.0884 0.9969
0.0884 0.1696 1.1531
0.0884 0.1696 1.0140
-0.0884 -0.0714 0.5966
-0.0884 -0.3125 0.5966
-0.1250 0.3125 1.0281
-0.1250 0.1042 1.0281
0.1303 0.0893 -1.2120
-0.1303 0.0893 -1.2120
-0.2062 -0.3125 -1.0725
-0.2062 -0.3125 -0.7251
0.2062 -0.0312 0.1793
0.2062 -0.0386 -0.0989
-0.1401 -0.0393 -1.3094
-0.2062 -0.0641 -1.0725
0.2062 -0.0386 -0.0989
0.2062 -0.0431 -0.2728
-0.2062 -0.3125 -0.2728
0.2062 -0.3125 -0.2728
0.1709 0.2500 -0.3013
0.1665 0.2500 -0.4277
-0.1250 0.1042 1.0906
-0.1250 0.3125 1.0906
-0.1250 -0.1875 1.0281
-0.1250 -0.1875 1.0906
-0.0875 0.0000 1.0853
-0.0875 0.0000 1.0335
-0.1625 0.1250 1.0335
-0.0875 0.1250 1.0335
0.0884 -0.2321 1.0140
0.0884 -0.3125 0.8749
-0.0884 -0.1518 1.1531
-0.0884 -0.2321 1.0140
-0.1250 0.0938 1.0177
-0.1250 0.0938 0.8094
-0.2062 -0.0550 -0.7248
-0.1552 0.2500 -0.7565
0.2062 -0.0550 -0.7248
0.1552 0.2500 -0.7565
-0.1250 0.1042 1.0281
-0.1250 0.3125 1.0281
-0.0875 0.0625 1.0594
-0.0875 0.0366 1.1219
-0.1250 0.0312 1.0177
-0.1250 0.0312 0.8094
-0.0884 -0.3125 0.5966
-0.0884 -0.3125 0.8749
-0.1250 0.0208 1.0281
-0.1250 0.0208 1.0906
0.0884 0.1696 1.0140
-0.0884 0.1696 1.0140
-0.1250 0.0312 1.1010
-0.1250 0.0938 1.1010
-0.1250 0.1042 1.0906
-0.1250 0.3125 1.0906
0.2062 -0.0431 -0.2728
0.1665 0.2500 -0.4277
-0.2062 -0.0386 -0.0989
-0.2062 -0.0431 -0.2728
0.1552 0.2500 -0.7565
-0.1552 0.2500 -0.7565
-0.2062 -0.0393 0.1793
-0.2062 -0.3125 0.1793
-0.1250 0.1042 1.0281
-0.1250 0.3125 1.0281
-0.1250 -0.1875 1.0906
-0.1250 0.0208 1.0906
-0.1250 0.0208 1.0281
-0.1250 0.0208 1.0906
-0.1250 0.0312 1.1010
-0.1250 0.0938 1.1010
0.1585 -0.2804 -1.3094
0.2062 -0.3125 -1.0725
0.0884 -0.0714 0.5966
0.0884 -0.0714 0.8749
