3.0846 -0.4125 -2.7500
1.9525 -0.4125 -5.5000
-1.9525 -0.4125 -5.5000
-0.4561 -3.1125 -5.5000
0.0000 1.9125 4.0875
0.6863 1.9125 3.4012
0.5000 -0.4125 -0.4875
-0.5000 -0.4125 -0.4875
0.3662 -3.1125 5.5000
0.4282 -3.1125 2.7500
0.0000 0.7875 0.5625
0.2512 0.7875 1.5000
-0.0000 -0.4125 -2.7500
-0.0000 -0.4125 -0.0000
-0.0000 -0.4125 5.5000
0.8439 -0.4125 5.5000
-1.5000 0.7875 -1.4813
-0.5000 0.7875 -1.4813
0.0000 -0.4125 3.1875
0.9375 -0.4125 3.4387
0.0000 -0.4125 -8.2500
1.9525 -0.4125 -5.5000
0.9375 -0.4125 2.9363
0.9375 1.9125 3.8363
-0.9375 -0.4125 2.9363
-0.6863 -0.4125 2.5012
0.0000 0.7875 0.5625
-0.9375 0.7875 0.3113
-1.5000 -0.4125 -1.4813
-0.5000 -0.4125 -1.4813
1.5000 -0.4125 -0.4875
1.5000 -0.4125 -1.4813
0.0000 -0.4125 8.2500
0.0000 -3.1125 7.6500
-1.5000 -0.4125 1.5000
-0.5000 -0.4125 1.5000
-0.6863 -0.4125 3.8738
-0.9375 -0.4125 3.4387
-0.0000 -0.4125 -5.5000
0.9762 -0.4125 -5.5000
1.6879 -0.4125 5.5000
0.8439 -0.4125 5.5000
0.0000 3.1125 1.4625
0.9375 3.1125 1.2113
-3.1953 -0.4125 -0.0000
-1.5976 -0.4125 -0.0000
-1.5000 -0.4125 0.5063
-0.5000 -0.4125 0.5063
0.0000 1.9125 4.0875
0.2512 1.9125 3.1500
-0.2512 3.1125 2.4000
-0.6863 3.1125 2.1488
0.0000 -0.4125 8.2500
-0.8439 -0.4125 5.5000
3.0846 -0.4125 -2.7500
1.5423 -0.4125 -2.7500
0.0000 -0.4125 3.1875
-0.2512 -0.4125 4.1250
0.5000 0.7875 -1.4813
-0.5000 0.7875 -1.4813
0.5000 0.7875 -0.4875
0.5000 0.7875 -1.4813
-0.5000 0.1125 -2.4750
-0.5000 0.7875 -1.4813
0.0000 0.7875 0.5625
0.6863 0.7875 1.2488
0.0000 -0.4125 3.1875
0.9375 -0.4125 2.9363
0.6863 3.1125 0.7762
0.2512 3.1125 0.5250
-0.9375 3.1125 1.2113
-0.6863 3.1125 0.7762
-1.5000 0.7875 1.5000
-1.5000 -0.4125 1.5000
0.0000 0.7875 0.5625
-0.6863 0.7875 -0.1238
0.5000 -0.4125 0.5063
0.5000 -0.4125 1.5000
0.9375 3.1125 1.7137
0.9375 3.1125 1.2113
-1.5423 -0.4125 -2.7500
-1.5976 -0.4125 -0.0000
-0.2512 0.7875 -0.3750
-0.2512 3.1125 0.5250
-0.6863 3.1125 2.1488
-0.9375 3.1125 1.7137
1.5000 0.7875 1.5000
0.5000 0.7875 1.5000
0.0000 1.9125 4.0875
-0.9375 1.9125 3.8363
0.0000 3.1125 1.4625
0.6863 3.1125 0.7762
0.2512 1.9125 5.0250
0.6863 1.9125 4.7738
0.9375 0.7875 0.8137
0.9375 3.1125 1.7137
3.1953 -0.4125 -0.0000
3.0846 -0.4125 -2.7500
0.5000 -0.4125 1.5000
0.5000 0.7875 1.5000
0.0000 -0.4125 3.1875
-0.6863 -0.4125 3.8738
0.0000 -0.4125 -8.2500
0.0000 -3.1125 -6.8250
-0.0000 -0.4125 -0.0000
1.5976 -0.4125 -0.0000
-1.5000 0.7875 0.5063
-0.5000 0.7875 0.5063
-0.6863 1.9125 3.4012
-0.2512 1.9125 3.1500
0.2512 0.7875 1.5000
0.2512 3.1125 2.4000
0.0000 0.7875 0.5625
0.9375 0.7875 0.8137
0.0000 -0.4125 3.1875
0.6863 -0.4125 2.5012
-1.5000 0.7875 1.5000
-1.5000 0.7875 0.5063
0.0000 0.7875 0.5625
-0.2512 0.7875 -0.3750
-0.6863 0.7875 -0.1238
-0.2512 0.7875 -0.3750
-0.5000 0.7875 -0.4875
-0.5000 0.7875 -1.4813
-0.9375 1.9125 4.3387
-0.9375 1.9125 3.8363
0.2512 -0.4125 2.2500
0.2512 1.9125 3.1500
1.5000 -0.4125 -1.4813
0.5000 -0.4125 -1.4813
-1.5000 -0.4125 -2.4750
-1.5000 -0.4125 -1.4813
-0.0000 -0.4125 2.7500
1.2660 -0.4125 2.7500
-1.5976 -0.4125 -0.0000
-1.2660 -0.4125 2.7500
0.0000 1.9125 4.0875
-0.6863 1.9125 3.4012
-3.1953 -0.4125 -0.0000
-3.0846 -0.4125 -2.7500
-0.9375 -0.4125 3.4387
-0.9375 1.9125 4.3387
-0.9375 0.7875 0.8137
-0.9375 0.7875 0.3113
1.5000 0.1125 -2.4750
0.5000 0.1125 -2.4750
0.0000 3.1125 1.4625
0.2512 3.1125 0.5250
0.5000 0.7875 1.5000
0.5000 0.7875 0.5063
1.5000 -0.4125 0.5063
0.5000 -0.4125 0.5063
-1.6879 -0.4125 5.5000
-2.5321 -0.4125 2.7500
-0.2512 -0.4125 4.1250
-0.2512 1.9125 5.0250
0.0000 -0.4125 3.1875
-0.9375 -0.4125 3.4387
-0.2512 0.7875 1.5000
-0.6863 0.7875 1.2488
0.0000 0.7875 0.5625
0.9375 0.7875 0.3113
-1.5000 0.7875 -0.4875
-0.5000 0.7875 -0.4875
0.4224 -3.1125 -2.7500
-0.4224 -3.1125 -2.7500
-0.9375 3.1125 1.7137
-0.9375 3.1125 1.2113
0.0000 -0.4125 3.1875
0.2512 -0.4125 2.2500
0.6863 -0.4125 2.5012
0.2512 -0.4125 2.2500
0.5000 -0.4125 -1.4813
0.5000 -0.4125 -0.4875
0.2512 0.7875 1.5000
-0.2512 0.7875 1.5000
-0.0000 -0.4125 5.5000
-0.8439 -0.4125 5.5000
1.5000 0.7875 1.5000
1.5000 -0.4125 1.5000
-0.3662 -3.1125 5.5000
-0.4282 -3.1125 2.7500
-1.5000 -0.4125 -2.4750
-0.5000 -0.4125 -2.4750
0.4282 -3.1125 2.7500
-0.4282 -3.1125 2.7500
1.6879 -0.4125 5.5000
0.3662 -3.1125 5.5000
1.9525 -0.4125 -5.5000
0.9762 -0.4125 -5.5000
0.9375 -0.4125 3.4387
0.9375 -0.4125 2.9363
1.5000 0.1125 -2.4750
1.5000 -0.4125 -2.4750
0.0000 -3.1125 -6.8250
-0.4561 -3.1125 -5.5000
0.0000 1.9125 4.0875
-0.2512 1.9125 3.1500
0.6863 0.7875 1.2488
0.6863 3.1125 2.1488
0.5000 -0.4125 -0.4875
0.5000 -0.4125 0.5063
0.0000 3.1125 1.4625
-0.2512 3.1125 2.4000
-0.0000 -0.4125 -0.0000
-0.0000 -0.4125 2.7500
0.2512 -0.4125 4.1250
0.6863 -0.4125 3.8738
3.0846 -0.4125 -2.7500
0.4224 -3.1125 -2.7500
-0.9375 1.9125 3.8363
-0.6863 1.9125 3.4012
0.0000 -0.4125 3.1875
-0.9375 -0.4125 2.9363
0.9375 1.9125 4.3387
0.9375 1.9125 3.8363
1.5423 -0.4125 -2.7500
0.9762 -0.4125 -5.5000
-1.6879 -0.4125 5.5000
-0.8439 -0.4125 5.5000
-0.2512 -0.4125 4.1250
0.2512 -0.4125 4.1250
0.0000 0.7875 0.5625
0.6863 0.7875 -0.1238
-0.9375 0.7875 0.3113
-0.6863 0.7875 -0.1238
2.5321 -0.4125 2.7500
0.4282 -3.1125 2.7500
-0.6863 1.9125 4.7738
-0.9375 1.9125 4.3387
-0.0000 -0.4125 2.7500
-0.0000 -0.4125 5.5000
2.5321 -0.4125 2.7500
1.2660 -0.4125 2.7500
0.2512 3.1125 2.4000
-0.2512 3.1125 2.4000
1.5000 0.7875 -0.4875
0.5000 0.7875 -0.4875
0.0000 -0.4125 8.2500
1.6879 -0.4125 5.5000
-2.5321 -0.4125 2.7500
-3.1953 -0.4125 -0.0000
-0.6863 -0.4125 3.8738
-0.6863 1.9125 4.7738
-0.6863 0.7875 1.2488
-0.9375 0.7875 0.8137
0.6863 0.7875 -0.1238
0.6863 3.1125 0.7762
0.0000 1.9125 4.0875
0.2512 1.9125 5.0250
-0.0000 -0.4125 -2.7500
-1.5423 -0.4125 -2.7500
0.0000 3.1125 1.4625
-0.6863 3.1125 2.1488
-1.5000 0.7875 0.5063
-1.5000 0.7875 -0.4875
0.0000 -0.4125 3.1875
-0.6863 -0.4125 2.5012
0.6178 -3.1125 -0.0000
-0.6178 -3.1125 -0.0000
0.9375 -0.4125 2.9363
0.6863 -0.4125 2.5012
0.0000 0.7875 0.5625
0.2512 0.7875 -0.3750
-0.0000 -0.4125 -0.0000
-1.5976 -0.4125 -0.0000
-0.2512 1.9125 5.0250
0.2512 1.9125 5.0250
-1.5000 -0.4125 1.5000
-1.5000 -0.4125 0.5063
0.3662 -3.1125 5.5000
-0.3662 -3.1125 5.5000
0.6863 -0.4125 3.8738
0.9375 -0.4125 3.4387
1.9525 -0.4125 -5.5000
0.4561 -3.1125 -5.5000
-0.6863 -0.4125 2.5012
-0.6863 1.9125 3.4012
1.5000 -0.4125 -0.4875
0.5000 -0.4125 -0.4875
0.0000 1.9125 4.0875
0.6863 1.9125 4.7738
0.5000 0.1125 -2.4750
0.5000 0.7875 -1.4813
3.1953 -0.4125 -0.0000
0.6178 -3.1125 -0.0000
0.0000 3.1125 1.4625
-0.9375 3.1125 1.7137
1.5000 -0.4125 1.5000
0.5000 -0.4125 1.5000
-0.5000 0.1125 -2.4750
-0.5000 -0.4125 -2.4750
0.0000 3.1125 1.4625
-0.2512 3.1125 0.5250
0.6863 1.9125 4.7738
0.9375 1.9125 4.3387
-1.5000 0.7875 -0.4875
-1.5000 0.7875 -1.4813
-0.6863 3.1125 0.7762
-0.2512 3.1125 0.5250
0.0000 -0.4125 3.1875
-0.2512 -0.4125 2.2500
-0.6178 -3.1125 -0.0000
-0.4224 -3.1125 -2.7500
-0.5000 -0.4125 -2.4750
-0.5000 -0.4125 -1.4813
0.0000 -0.4125 -8.2500
0.9762 -0.4125 -5.5000
0.9375 0.7875 0.3113
0.9375 3.1125 1.2113
0.0000 3.1125 1.4625
0.2512 3.1125 2.4000
0.0000 -0.4125 -8.2500
-1.9525 -0.4125 -5.5000
0.5000 0.7875 0.5063
0.5000 0.7875 -0.4875
-0.9375 0.7875 0.8137
-0.9375 3.1125 1.7137
-1.5000 -0.4125 0.5063
-1.5000 -0.4125 -0.4875
0.0000 1.9125 4.0875
0.9375 1.9125 4.3387
0.5000 0.1125 -2.4750
-0.5000 0.1125 -2.4750
-1.6879 -0.4125 5.5000
-0.3662 -3.1125 5.5000
0.6863 1.9125 3.4012
0.2512 1.9125 3.1500
-1.5000 0.7875 -0.4875
-1.5000 -0.4125 -0.4875
-0.0000 -0.4125 -5.5000
-0.9762 -0.4125 -5.5000
0.8439 -0.4125 5.5000
-0.8439 -0.4125 5.5000
-0.2512 0.7875 1.5000
-0.2512 3.1125 2.4000
-1.5000 0.7875 -1.4813
-1.5000 -0.4125 -1.4813
1.5000 -0.4125 -2.4750
1.5000 -0.4125 -1.4813
1.5000 0.7875 -0.4875
1.5000 0.7875 -1.4813
1.5976 -0.4125 -0.0000
1.2660 -0.4125 2.7500
0.4561 -3.1125 -5.5000
-0.4561 -3.1125 -5.5000
1.5000 0.7875 0.5063
0.5000 0.7875 0.5063
-3.0846 -0.4125 -2.7500
-1.9525 -0.4125 -5.5000
-0.9375 -0.4125 2.9363
-0.9375 1.9125 3.8363
0.0000 1.9125 4.0875
-0.2512 1.9125 5.0250
0.9375 -0.4125 3.4387
0.9375 1.9125 4.3387
0.2512 3.1125 0.5250
-0.2512 3.1125 0.5250
0.0000 3.1125 1.4625
0.6863 3.1125 2.1488
1.5000 0.7875 1.5000
1.5000 0.7875 0.5063
-1.5000 -0.4125 -0.4875
-1.5000 -0.4125 -1.4813
0.2512 -0.4125 4.1250
0.2512 1.9125 5.0250
-0.4224 -3.1125 -2.7500
-0.4561 -3.1125 -5.5000
0.5000 -0.4125 -2.4750
-0.5000 -0.4125 -2.4750
0.9762 -0.4125 -5.5000
-0.9762 -0.4125 -5.5000
1.5000 0.7875 -1.4813
0.5000 0.7875 -1.4813
0.2512 3.1125 2.4000
0.6863 3.1125 2.1488
0.0000 -3.1125 7.6500
0.3662 -3.1125 5.5000
1.5000 -0.4125 -2.4750
0.5000 -0.4125 -2.4750
-0.4282 -3.1125 2.7500
-0.6178 -3.1125 -0.0000
-1.5000 0.1125 -2.4750
-1.5000 0.7875 -1.4813
1.2660 -0.4125 2.7500
0.8439 -0.4125 5.5000
-3.0846 -0.4125 -2.7500
-1.5423 -0.4125 -2.7500
0.0000 1.9125 4.0875
-0.6863 1.9125 4.7738
-0.6863 0.7875 1.2488
-0.6863 3.1125 2.1488
0.0000 3.1125 1.4625
0.9375 3.1125 1.7137
0.9375 1.9125 3.8363
0.6863 1.9125 3.4012
0.2512 0.7875 -0.3750
0.2512 3.1125 0.5250
0.6863 3.1125 2.1488
0.9375 3.1125 1.7137
-0.0000 -0.4125 2.7500
-1.2660 -0.4125 2.7500
-0.2512 1.9125 5.0250
-0.6863 1.9125 4.7738
-1.5000 0.7875 0.5063
-1.5000 -0.4125 0.5063
2.5321 -0.4125 2.7500
3.1953 -0.4125 -0.0000
-0.5000 -0.4125 1.5000
-0.5000 0.7875 1.5000
-0.0000 -0.4125 -2.7500
-0.0000 -0.4125 -5.5000
0.0000 0.7875 0.5625
-0.2512 0.7875 1.5000
0.0000 -3.1125 -6.8250
0.4561 -3.1125 -5.5000
0.6863 -0.4125 3.8738
0.6863 1.9125 4.7738
0.5000 0.7875 -0.4875
-0.5000 0.7875 -0.4875
-0.6863 0.7875 -0.1238
-0.6863 3.1125 0.7762
0.0000 1.9125 4.0875
-0.9375 1.9125 4.3387
0.6863 0.7875 -0.1238
0.2512 0.7875 -0.3750
1.5000 0.1125 -2.4750
1.5000 0.7875 -1.4813
0.0000 -0.4125 -8.2500
-0.9762 -0.4125 -5.5000
-0.5000 0.7875 1.5000
-0.5000 0.7875 0.5063
-0.2512 -0.4125 2.2500
-0.2512 1.9125 3.1500
0.5000 -0.4125 0.5063
-0.5000 -0.4125 0.5063
-1.5000 -0.4125 -0.4875
-0.5000 -0.4125 -0.4875
-3.1953 -0.4125 -0.0000
-0.6178 -3.1125 -0.0000
0.0000 -0.4125 8.2500
0.8439 -0.4125 5.5000
0.4224 -3.1125 -2.7500
0.4561 -3.1125 -5.5000
0.2512 0.7875 -0.3750
-0.2512 0.7875 -0.3750
0.9375 0.7875 0.8137
0.9375 0.7875 0.3113
0.0000 3.1125 1.4625
-0.9375 3.1125 1.2113
-0.5000 -0.4125 -1.4813
-0.5000 -0.4125 -0.4875
-1.9525 -0.4125 -5.5000
-0.9762 -0.4125 -5.5000
1.5000 0.7875 0.5063
1.5000 0.7875 -0.4875
1.5423 -0.4125 -2.7500
1.5976 -0.4125 -0.0000
0.5000 -0.4125 1.5000
-0.5000 -0.4125 1.5000
0.4282 -3.1125 2.7500
0.6178 -3.1125 -0.0000
0.0000 -0.4125 3.1875
0.2512 -0.4125 4.1250
0.2512 0.7875 1.5000
0.6863 0.7875 1.2488
-1.5000 0.1125 -2.4750
-0.5000 0.1125 -2.4750
0.6863 -0.4125 2.5012
0.6863 1.9125 3.4012
0.0000 0.7875 0.5625
-0.6863 0.7875 1.2488
-0.0000 -0.4125 -2.7500
1.5423 -0.4125 -2.7500
-0.6863 -0.4125 2.5012
-0.2512 -0.4125 2.2500
0.5000 0.1125 -2.4750
0.5000 -0.4125 -2.4750
1.5000 -0.4125 1.5000
1.5000 -0.4125 0.5063
-1.5423 -0.4125 -2.7500
-0.9762 -0.4125 -5.5000
-0.5000 0.7875 0.5063
-0.5000 0.7875 -0.4875
-0.9375 -0.4125 3.4387
-0.9375 -0.4125 2.9363
-0.2512 -0.4125 2.2500
0.2512 -0.4125 2.2500
0.0000 -0.4125 8.2500
-1.6879 -0.4125 5.5000
0.0000 1.9125 4.0875
0.9375 1.9125 3.8363
0.0000 3.1125 1.4625
-0.6863 3.1125 0.7762
-0.5000 -0.4125 -0.4875
-0.5000 -0.4125 0.5063
-0.2512 -0.4125 4.1250
-0.6863 -0.4125 3.8738
1.5000 0.7875 0.5063
1.5000 -0.4125 0.5063
-1.5000 0.1125 -2.4750
-1.5000 -0.4125 -2.4750
0.0000 -0.4125 3.1875
0.6863 -0.4125 3.8738
0.5000 0.7875 1.5000
-0.5000 0.7875 1.5000
-3.0846 -0.4125 -2.7500
-0.4224 -3.1125 -2.7500
0.0000 0.7875 0.5625
-0.9375 0.7875 0.8137
0.0000 -3.1125 7.6500
-0.3662 -3.1125 5.5000
-0.9375 0.7875 0.3113
-0.9375 3.1125 1.2113
1.5000 0.7875 -0.4875
1.5000 -0.4125 -0.4875
0.9375 0.7875 0.3113
0.6863 0.7875 -0.1238
-1.5000 0.7875 1.5000
-0.5000 0.7875 1.5000
-0.5000 -0.4125 0.5063
-0.5000 -0.4125 1.5000
0.5000 -0.4125 -1.4813
-0.5000 -0.4125 -1.4813
0.5000 -0.4125 -2.4750
0.5000 -0.4125 -1.4813
1.6879 -0.4125 5.5000
2.5321 -0.4125 2.7500
-2.5321 -0.4125 2.7500
-0.4282 -3.1125 2.7500
-1.2660 -0.4125 2.7500
-0.8439 -0.4125 5.5000
0.9375 3.1125 1.2113
0.6863 3.1125 0.7762
-2.5321 -0.4125 2.7500
-1.2660 -0.4125 2.7500
0.5000 0.7875 0.5063
-0.5000 0.7875 0.5063
0.6178 -3.1125 -0.0000
0.4224 -3.1125 -2.7500
0.6863 0.7875 1.2488
0.9375 0.7875 0.8137
-0.2512 1.9125 3.1500
0.2512 1.9125 3.1500
1.5000 0.7875 -1.4813
1.5000 -0.4125 -1.4813
1.5000 -0.4125 0.5063
1.5000 -0.4125 -0.4875
3.1953 -0.4125 -0.0000
1.5976 -0.4125 -0.0000
