-0.1500 0.5745 -1.5132
-0.1500 0.3897 -1.5897
-0.7500 -0.5745 1.5897
-0.3750 -0.5745 1.5897
-0.7500 -0.5745 0.0897
-0.3750 -0.5745 0.0897
-0.3500 -0.1909 0.3346
-0.3500 -0.3757 0.2580
-0.7500 -0.5745 1.2147
-0.3750 -0.5745 1.2147
0.7500 -0.2745 1.2147
0.3750 -0.0745 1.2147
-0.3750 -0.5745 0.4647
-0.3750 -0.5745 0.8397
0.7500 -0.5745 0.0897
0.7500 -0.5745 0.4647
0.0000 -0.5745 0.0897
0.3750 -0.5745 0.0897
-0.7500 -0.2745 0.8397
-0.7500 -0.5745 0.8397
-0.7500 -0.2745 0.0897
-0.7500 -0.2745 0.4647
-0.3750 -0.2745 1.5897
-0.3750 -0.5745 1.5897
0.7500 -0.5745 1.5897
0.3750 -0.5745 1.5897
0.3750 -0.2745 1.5897
0.3750 -0.5745 1.5897
0.3750 -0.5745 0.4647
0.3750 -0.5745 0.8397
-0.3500 -0.1909 0.3346
-0.1500 -0.1909 0.3346
0.7500 -0.2745 0.8397
0.7500 -0.5745 0.8397
-0.7500 -0.5745 0.4647
-0.3750 -0.5745 0.4647
0.7500 -0.2745 0.4647
0.3750 -0.0745 0.4647
0.7500 -0.2745 1.5897
0.7500 -0.2745 1.2147
-0.3750 -0.0745 0.4647
-0.3750 -0.0745 0.8397
-0.7500 -0.2745 1.2147
-0.7500 -0.5745 1.2147
0.3750 -0.5745 0.4647
0.0000 -0.5745 0.4647
-0.7500 -0.2745 0.4647
-0.7500 -0.5745 0.4647
-0.7500 -0.2745 0.0897
-0.7500 -0.5745 0.0897
-0.3750 -0.0745 0.8397
-0.3750 -0.0745 1.2147
0.0000 -0.2745 1.5897
-0.3750 -0.2745 1.5897
-0.3500 0.3897 -1.5897
-0.1500 0.3897 -1.5897
-0.7500 -0.2745 1.5897
-0.3750 -0.2745 1.5897
0.7500 -0.2745 1.2147
0.7500 -0.5745 1.2147
0.3500 0.5745 -1.5132
0.3500 0.3897 -1.5897
0.7500 -0.2745 0.4647
0.7500 -0.5745 0.4647
0.0000 -0.2745 0.0897
0.3750 -0.2745 0.0897
0.0000 -0.5745 0.8397
0.0000 -0.5745 1.2147
0.7500 -0.2745 1.5897
0.7500 -0.5745 1.5897
-0.7500 -0.2745 0.0897
-0.3750 -0.2745 0.0897
0.7500 -0.2745 0.8397
0.3750 -0.0745 0.8397
0.7500 -0.2745 0.0897
0.7500 -0.5745 0.0897
0.7500 -0.2745 0.0897
0.7500 -0.2745 0.4647
-0.3750 -0.5745 0.8397
-0.3750 -0.5745 1.2147
0.0000 -0.5745 0.0897
-0.3750 -0.5745 0.0897
-0.3500 -0.1909 0.3346
-0.3500 0.5745 -1.5132
0.3500 0.5745 -1.5132
0.1500 0.5745 -1.5132
0.3750 -0.2745 1.5897
0.3750 -0.0745 1.2147
0.3500 -0.3757 0.2580
0.1500 -0.3757 0.2580
-0.7500 -0.5745 0.4647
-0.7500 -0.5745 0.8397
0.3750 -0.5745 0.8397
0.3750 -0.5745 1.2147
0.3750 -0.2745 0.0897
0.3750 -0.5745 0.0897
0.0000 -0.0745 0.4647
0.0000 -0.0745 0.8397
0.1500 -0.1909 0.3346
0.1500 -0.3757 0.2580
-0.1500 -0.3757 0.2580
-0.1500 0.3897 -1.5897
-0.7500 -0.2745 1.2147
-0.3750 -0.0745 1.2147
0.3500 -0.1909 0.3346
0.3500 -0.3757 0.2580
-0.3500 -0.3757 0.2580
-0.3500 0.3897 -1.5897
0.3500 0.3897 -1.5897
0.1500 0.3897 -1.5897
-0.7500 -0.2745 0.8397
-0.7500 -0.2745 1.2147
0.7500 -0.2745 0.0897
0.3750 -0.2745 0.0897
0.3750 -0.5745 0.8397
0.0000 -0.5745 0.8397
0.7500 -0.5745 0.4647
0.3750 -0.5745 0.4647
-0.3750 -0.5745 1.5897
-0.3750 -0.5745 1.2147
0.0000 -0.0745 0.8397
0.0000 -0.0745 1.2147
0.1500 0.5745 -1.5132
0.1500 0.3897 -1.5897
0.0000 -0.5745 1.5897
-0.3750 -0.5745 1.5897
-0.7500 -0.5745 1.5897
-0.7500 -0.5745 1.2147
0.3750 -0.5745 1.2147
0.0000 -0.5745 1.2147
0.0000 -0.2745 1.5897
0.3750 -0.2745 1.5897
0.0000 -0.5745 0.4647
0.0000 -0.5745 0.8397
0.3500 -0.1909 0.3346
0.1500 -0.1909 0.3346
0.7500 -0.2745 0.8397
0.7500 -0.2745 1.2147
-0.7500 -0.2745 0.4647
-0.3750 -0.0745 0.4647
0.3750 -0.0745 0.4647
0.3750 -0.0745 0.8397
0.3750 -0.5745 1.5897
0.3750 -0.5745 1.2147
0.7500 -0.5745 1.5897
0.7500 -0.5745 1.2147
-0.1500 -0.1909 0.3346
-0.1500 0.5745 -1.5132
0.1500 -0.3757 0.2580
0.1500 0.3897 -1.5897
0.0000 -0.0745 0.8397
0.3750 -0.0745 0.8397
-0.7500 -0.2745 1.5897
-0.7500 -0.2745 1.2147
0.0000 -0.0745 1.2147
0.3750 -0.0745 1.2147
0.7500 -0.5745 0.0897
0.3750 -0.5745 0.0897
0.3500 -0.3757 0.2580
0.3500 0.3897 -1.5897
-0.7500 -0.2745 0.4647
-0.7500 -0.2745 0.8397
0.0000 -0.2745 1.5897
0.0000 -0.0745 1.2147
0.7500 -0.5745 1.2147
0.3750 -0.5745 1.2147
0.3750 -0.0745 0.8397
0.3750 -0.0745 1.2147
0.0000 -0.5745 1.5897
0.0000 -0.5745 1.2147
0.7500 -0.2745 0.4647
0.7500 -0.2745 0.8397
0.0000 -0.2745 1.5897
0.0000 -0.5745 1.5897
0.3750 -0.2745 0.0897
0.3750 -0.0745 0.4647
0.0000 -0.0745 1.2147
-0.3750 -0.0745 1.2147
0.7500 -0.2745 1.5897
0.3750 -0.2745 1.5897
0.3750 -0.5745 0.0897
0.3750 -0.5745 0.4647
0.0000 -0.5745 0.8397
-0.3750 -0.5745 0.8397
-0.3750 -0.5745 0.0897
-0.3750 -0.5745 0.4647
0.1500 -0.1909 0.3346
0.1500 0.5745 -1.5132
0.0000 -0.0745 0.4647
0.3750 -0.0745 0.4647
-0.7500 -0.5745 0.8397
-0.7500 -0.5745 1.2147
0.3500 -0.1909 0.3346
0.3500 0.5745 -1.5132
-0.7500 -0.5745 0.0897
-0.7500 -0.5745 0.4647
-0.3750 -0.2745 0.0897
-0.3750 -0.5745 0.0897
-0.3500 0.5745 -1.5132
-0.3500 0.3897 -1.5897
0.0000 -0.5745 0.0897
0.0000 -0.5745 0.4647
-0.3750 -0.2745 1.5897
-0.3750 -0.0745 1.2147
0.0000 -0.5745 1.2147
-0.3750 -0.5745 1.2147
0.7500 -0.5745 0.8397
0.7500 -0.5745 1.2147
-0.7500 -0.5745 0.8397
-0.3750 -0.5745 0.8397
-0.3500 0.5745 -1.5132
-0.1500 0.5745 -1.5132
0.0000 -0.0745 0.4647
-0.3750 -0.0745 0.4647
-0.3750 -0.2745 0.0897
-0.3750 -0.0745 0.4647
0.0000 -0.5745 1.5897
0.3750 -0.5745 1.5897
0.0000 -0.2745 0.0897
0.0000 -0.0745 0.4647
-0.7500 -0.2745 1.5897
-0.7500 -0.5745 1.5897
0.7500 -0.5745 0.8397
0.3750 -0.5745 0.8397
-0.3500 -0.3757 0.2580
-0.1500 -0.3757 0.2580
0.0000 -0.0745 0.8397
-0.3750 -0.0745 0.8397
0.0000 -0.2745 0.0897
0.0000 -0.5745 0.0897
-0.7500 -0.2745 0.8397
-0.3750 -0.0745 0.8397
0.0000 -0.5745 0.4647
-0.3750 -0.5745 0.4647
0.0000 -0.2745 0.0897
-0.3750 -0.2745 0.0897
-0.1500 -0.1909 0.3346
-0.1500 -0.3757 0.2580
0.7500 -0.5745 0.4647
0.7500 -0.5745 0.8397
