0.2812 -0.2422 0.7282
0.2812 -0.2171 0.7718
0.2812 -0.0078 0.8281
-0.2812 -0.0078 0.8281
-0.2812 -0.0547 0.6780
-0.3438 -0.0547 0.6780
0.3438 -0.0547 0.7282
0.2812 -0.0547 0.7282
-0.2812 -0.1484 0.7031
-0.2812 -0.1736 0.6094
0.3438 -0.2171 -0.8030
0.2812 -0.2171 -0.8030
-0.2812 0.0547 0.0156
-0.2812 -0.0703 0.0156
-0.2812 -0.2171 -0.6657
-0.3438 -0.2171 -0.6657
-0.3438 -0.1484 -0.7344
-0.3438 -0.0547 -0.7595
-0.2812 -0.1736 -0.5156
-0.3438 -0.1736 -0.5156
-0.2812 -0.1484 -0.7344
-0.2812 -0.2171 -0.6657
-0.3438 -0.1233 -0.3281
-0.3438 -0.0798 -0.3532
-0.2812 -0.1736 0.6094
-0.3438 -0.1736 0.6094
-0.2812 -0.1641 0.3906
-0.2812 -0.1641 0.1406
-0.2812 -0.1233 -0.8281
-0.2812 -0.1736 -0.8281
0.3438 -0.2171 -0.6657
0.2812 -0.2171 -0.6657
0.3438 -0.1736 -0.5156
0.2812 -0.1736 -0.5156
0.3438 -0.1736 0.6094
0.2812 -0.1736 0.6094
-0.2812 -0.0703 0.1406
-0.2812 -0.0703 -0.7969
-0.0625 0.1016 -0.4219
-0.0625 0.1016 -0.2969
-0.2812 -0.1484 -0.7344
-0.2812 -0.0547 -0.7595
-0.2812 -0.2171 0.7718
-0.3438 -0.2171 0.7718
0.3438 -0.1484 -0.7344
0.3438 -0.2422 -0.7595
-0.2812 -0.0798 -0.6657
-0.3438 -0.0798 -0.6657
-0.3438 -0.1484 -0.4219
-0.3438 -0.2422 -0.3968
0.3438 -0.0798 -0.6657
0.3438 -0.0547 -0.7093
-0.2812 -0.1233 -0.3281
-0.2812 -0.0798 -0.3532
-0.3438 -0.0798 -0.8030
-0.3438 -0.1233 -0.8281
0.2812 -0.1484 -0.4219
0.2812 -0.2422 -0.3968
-0.2812 -0.1484 -0.7344
-0.2812 -0.1233 -0.8281
0.3438 -0.1233 -0.3281
0.3438 -0.0798 -0.3532
-0.3438 -0.1233 0.7969
-0.3438 -0.0798 0.7718
0.3438 -0.1484 -0.7344
0.3438 -0.0798 -0.6657
0.2812 -0.0798 -0.8030
0.2812 -0.1233 -0.8281
0.2812 -0.1484 0.7031
0.2812 -0.2422 0.7282
0.3438 -0.1484 -0.7344
0.3438 -0.2171 -0.6657
0.2812 -0.1233 -0.3281
0.2812 -0.0798 -0.3532
-0.3438 -0.0547 -0.4470
-0.3438 -0.0798 -0.4905
-0.3438 -0.1484 -0.4219
-0.3438 -0.0547 -0.3968
0.3438 -0.1233 0.7969
0.3438 -0.0798 0.7718
0.3438 -0.1233 -0.8281
0.3438 -0.1736 -0.8281
-0.3438 -0.1484 -0.4219
-0.3438 -0.1736 -0.3281
-0.2812 -0.2422 -0.7595
-0.2812 -0.2422 -0.7093
-0.2812 -0.0798 -0.4905
-0.2812 -0.1233 -0.5156
0.2812 0.2422 0.1406
0.2812 -0.1641 0.1406
-0.3438 -0.2422 -0.7595
-0.3438 -0.2422 -0.7093
0.2812 -0.0547 -0.4470
0.2812 -0.0798 -0.4905
0.2812 -0.1484 -0.4219
0.2812 -0.0547 -0.3968
-0.2812 -0.0798 0.6345
-0.2812 -0.1233 0.6094
0.3438 -0.2422 0.7282
0.2812 -0.2422 0.7282
0.2812 -0.1484 -0.4219
0.2812 -0.1736 -0.3281
0.3438 -0.2422 -0.7595
0.3438 -0.2422 -0.7093
-0.2812 -0.1484 -0.7344
-0.2812 -0.2171 -0.8030
0.2812 -0.0703 0.1406
0.2812 -0.0703 0.0156
0.3438 -0.0798 -0.4905
0.3438 -0.1233 -0.5156
-0.2812 -0.2171 -0.4905
-0.2812 -0.2422 -0.4470
0.2812 -0.0547 0.6780
0.2812 -0.0798 0.6345
0.2812 -0.1484 0.7031
0.2812 -0.0547 0.7282
0.3438 -0.1484 -0.7344
0.3438 -0.0547 -0.7595
0.2812 -0.2422 -0.7595
0.2812 -0.2422 -0.7093
0.2812 -0.1484 0.7031
0.2812 -0.1736 0.7969
-0.3438 -0.2171 -0.4905
-0.3438 -0.2422 -0.4470
0.2812 -0.1641 0.8281
0.2812 -0.1641 0.5781
-0.3438 -0.1484 -0.4219
-0.3438 -0.0798 -0.4905
0.2812 -0.0703 0.1406
0.2812 -0.1641 0.1406
0.3438 -0.0798 -0.6657
0.2812 -0.0798 -0.6657
0.0625 0.1016 -0.2969
0.0625 -0.0703 -0.2969
-0.2812 -0.0798 -0.8030
-0.3438 -0.0798 -0.8030
0.3438 -0.2171 -0.4905
0.3438 -0.2422 -0.4470
-0.2812 -0.1233 -0.3281
-0.3438 -0.1233 -0.3281
0.2812 -0.0703 -0.7969
0.2812 -0.1641 -0.7969
0.2812 -0.2171 -0.4905
0.2812 -0.2422 -0.4470
-0.2812 -0.1233 0.7969
-0.3438 -0.1233 0.7969
0.2812 -0.1484 -0.4219
0.2812 -0.0798 -0.4905
0.2812 -0.1641 0.5781
0.2812 -0.1641 0.3906
-0.2812 -0.1484 -0.7344
-0.2812 -0.1233 -0.6406
0.3438 -0.0798 -0.8030
0.2812 -0.0798 -0.8030
0.3438 -0.1233 -0.3281
0.2812 -0.1233 -0.3281
0.2812 -0.0703 0.1406
-0.2812 -0.0703 0.1406
0.2812 -0.2171 0.6345
0.2812 -0.2422 0.6780
0.2812 -0.1484 0.7031
0.2812 -0.0798 0.6345
0.3438 -0.1484 -0.7344
0.3438 -0.1233 -0.8281
-0.3438 -0.0547 0.6780
-0.3438 -0.0798 0.6345
0.3438 -0.1233 0.7969
0.2812 -0.1233 0.7969
0.2812 0.2422 0.3906
0.2812 0.2422 0.1406
-0.3438 -0.1484 -0.4219
-0.3438 -0.1736 -0.5156
-0.2812 -0.2422 -0.7595
-0.3438 -0.2422 -0.7595
0.3438 -0.0547 -0.4470
0.2812 -0.0547 -0.4470
0.3438 -0.0547 0.6780
0.3438 -0.0798 0.6345
-0.2812 -0.0798 0.6345
-0.3438 -0.0798 0.6345
0.2812 -0.1484 -0.4219
0.2812 -0.1736 -0.5156
0.3438 -0.2422 -0.7595
0.2812 -0.2422 -0.7595
-0.2812 -0.2171 0.6345
-0.2812 -0.2422 0.6780
-0.2812 -0.2171 -0.4905
-0.3438 -0.2171 -0.4905
0.2812 -0.1484 0.7031
0.2812 -0.1736 0.6094
-0.3438 -0.2171 0.6345
-0.3438 -0.2422 0.6780
0.2812 -0.1736 0.6094
0.2812 -0.2171 0.6345
0.2812 -0.0703 0.1406
0.2812 -0.0703 -0.7969
-0.3438 -0.1484 -0.4219
-0.3438 -0.2422 -0.4470
0.3438 -0.2171 -0.4905
0.2812 -0.2171 -0.4905
-0.3438 -0.2171 -0.3532
-0.3438 -0.1736 -0.3281
0.3438 -0.2171 0.6345
0.3438 -0.2422 0.6780
-0.3438 -0.2171 0.7718
-0.3438 -0.1736 0.7969
0.2812 -0.1484 -0.4219
0.2812 -0.2422 -0.4470
-0.3438 -0.1484 0.7031
-0.3438 -0.1736 0.6094
0.2812 -0.2171 -0.3532
0.2812 -0.1736 -0.3281
0.3438 -0.1484 0.7031
0.3438 -0.1736 0.7969
-0.2812 -0.0547 -0.7093
-0.2812 -0.0547 -0.7595
0.2812 -0.2171 0.7718
0.2812 -0.1736 0.7969
-0.3438 -0.1484 -0.4219
-0.3438 -0.0798 -0.3532
-0.3438 -0.0547 -0.7093
-0.3438 -0.0547 -0.7595
-0.2812 0.0547 0.1406
-0.2812 -0.0703 0.1406
-0.2812 -0.1484 -0.4219
-0.2812 -0.2422 -0.4470
0.2812 -0.1641 -0.7969
-0.2812 -0.1641 -0.7969
0.3438 -0.0547 0.6780
0.2812 -0.0547 0.6780
0.3438 -0.0547 -0.7093
0.3438 -0.0547 -0.7595
-0.3438 -0.1484 -0.7344
-0.3438 -0.2171 -0.6657
-0.2812 -0.1736 -0.6406
-0.3438 -0.1736 -0.6406
-0.2812 -0.0798 -0.3532
-0.2812 -0.0547 -0.3968
-0.2812 0.0547 0.5781
-0.2812 -0.1641 0.5781
0.2812 -0.1484 -0.4219
0.2812 -0.0798 -0.3532
0.2812 -0.0547 -0.7093
0.2812 -0.0547 -0.7595
-0.3438 -0.1233 -0.8281
-0.3438 -0.1736 -0.8281
-0.2812 -0.1233 -0.6406
-0.2812 -0.1736 -0.6406
0.3438 -0.1484 -0.4219
0.3438 -0.2422 -0.4470
-0.3438 -0.0798 -0.3532
-0.3438 -0.0547 -0.3968
-0.3438 -0.1484 0.7031
-0.3438 -0.2422 0.6780
-0.2812 -0.2171 0.6345
-0.3438 -0.2171 0.6345
-0.2812 0.0547 0.5781
-0.2812 -0.1641 0.5781
-0.2812 -0.1736 -0.8281
-0.2812 -0.2171 -0.8030
0.2812 -0.1484 -0.7344
0.2812 -0.2171 -0.6657
0.3438 -0.1736 -0.6406
0.2812 -0.1736 -0.6406
0.3438 -0.0798 -0.3532
0.3438 -0.0547 -0.3968
-0.3438 -0.0798 0.7718
-0.3438 -0.0547 0.7282
-0.2812 0.2422 0.3906
-0.2812 -0.1641 0.3906
0.2812 -0.1233 -0.8281
0.2812 -0.1736 -0.8281
0.2812 0.2422 0.3906
-0.2812 0.2422 0.3906
0.3438 -0.1233 -0.6406
0.3438 -0.1736 -0.6406
0.2812 -0.0798 -0.3532
0.2812 -0.0547 -0.3968
-0.2812 -0.1484 -0.4219
-0.2812 -0.0798 -0.3532
0.2812 0.0547 0.5781
-0.2812 0.0547 0.5781
-0.3438 -0.0798 -0.4905
-0.3438 -0.1233 -0.5156
-0.2812 -0.1484 -0.4219
-0.2812 -0.2171 -0.3532
0.3438 -0.2171 0.6345
0.2812 -0.2171 0.6345
0.3438 -0.1736 -0.8281
0.3438 -0.2171 -0.8030
-0.2812 -0.1641 0.1406
-0.2812 -0.1641 -0.7969
-0.0625 -0.0703 -0.4219
-0.0625 -0.0703 -0.2969
-0.2812 -0.1233 -0.5156
-0.2812 -0.1736 -0.5156
0.2812 0.0547 0.5781
-0.2812 0.0547 0.5781
0.2812 -0.0798 0.7718
0.2812 -0.0547 0.7282
0.3438 -0.1484 -0.4219
0.3438 -0.0798 -0.3532
-0.3438 -0.2422 -0.7093
-0.3438 -0.2171 -0.6657
-0.3438 -0.1484 0.7031
-0.3438 -0.0798 0.7718
0.3438 -0.1484 -0.4219
0.3438 -0.2171 -0.3532
0.3438 -0.1484 0.7031
0.3438 -0.1736 0.6094
-0.3438 -0.1484 0.7031
-0.3438 -0.2171 0.7718
-0.2812 -0.1736 0.7969
-0.3438 -0.1736 0.7969
-0.2812 0.2422 0.3906
-0.2812 -0.1641 0.3906
0.3438 -0.2171 0.7718
0.2812 -0.2171 0.7718
0.2812 -0.1484 -0.7344
0.2812 -0.0547 -0.7595
0.0625 0.1016 -0.4219
-0.0625 0.1016 -0.4219
-0.2812 -0.0547 -0.7093
-0.3438 -0.0547 -0.7093
0.3438 -0.1233 -0.5156
0.3438 -0.1736 -0.5156
-0.2812 -0.1484 -0.4219
-0.2812 -0.0547 -0.4470
-0.3438 -0.2422 -0.4470
-0.3438 -0.2422 -0.3968
-0.2812 -0.1484 0.7031
-0.2812 -0.2422 0.6780
-0.2812 -0.0078 0.8281
-0.2812 0.0547 0.5781
0.3438 -0.0547 -0.7093
0.2812 -0.0547 -0.7093
-0.2812 -0.2171 -0.3532
-0.3438 -0.2171 -0.3532
-0.3438 -0.1484 -0.7344
-0.3438 -0.1233 -0.8281
-0.2812 -0.0798 0.7718
-0.2812 -0.0547 0.7282
-0.2812 -0.0798 -0.3532
-0.3438 -0.0798 -0.3532
0.3438 -0.1484 -0.4219
0.3438 -0.0547 -0.4470
-0.3438 -0.1484 0.7031
-0.3438 -0.0547 0.6780
0.2812 -0.1233 0.7969
0.2812 -0.0798 0.7718
0.3438 -0.1484 0.7031
0.3438 -0.2422 0.6780
-0.2812 0.0547 0.5781
-0.2812 0.2422 0.3906
0.3438 -0.2171 -0.3532
0.2812 -0.2171 -0.3532
0.2812 -0.1484 -0.7344
0.2812 -0.1233 -0.8281
0.2812 0.0547 0.0156
-0.2812 0.0547 0.0156
0.3438 -0.0798 -0.3532
0.2812 -0.0798 -0.3532
0.3438 -0.0798 0.7718
0.3438 -0.0547 0.7282
-0.2812 -0.2422 -0.7093
-0.2812 -0.2171 -0.6657
-0.2812 -0.1484 0.7031
-0.2812 -0.0798 0.7718
-0.3438 -0.0798 0.6345
-0.3438 -0.1233 0.6094
-0.2812 -0.1484 -0.4219
-0.2812 -0.1233 -0.5156
-0.2812 0.0547 0.0156
-0.2812 0.0547 0.1406
-0.2812 -0.1484 0.7031
-0.2812 -0.2171 0.7718
-0.3438 -0.1484 -0.7344
-0.3438 -0.2171 -0.8030
0.2812 -0.0798 -0.4905
0.2812 -0.1233 -0.5156
-0.2812 -0.1233 0.6094
-0.2812 -0.1736 0.6094
0.3438 -0.0798 0.6345
0.3438 -0.1233 0.6094
0.3438 -0.2422 -0.7093
0.3438 -0.2171 -0.6657
0.3438 -0.1484 -0.4219
0.3438 -0.1233 -0.5156
0.3438 -0.1484 0.7031
0.3438 -0.0798 0.7718
-0.2812 -0.2422 -0.4470
-0.2812 -0.2422 -0.3968
-0.3438 -0.1484 0.7031
-0.3438 -0.1233 0.6094
-0.2812 -0.1233 -0.8281
-0.3438 -0.1233 -0.8281
0.2812 -0.0798 0.6345
0.2812 -0.1233 0.6094
0.3438 -0.1484 0.7031
0.3438 -0.2171 0.7718
0.2812 -0.1484 -0.7344
0.2812 -0.2171 -0.8030
0.0625 0.1016 -0.4219
0.0625 -0.0703 -0.4219
-0.2812 -0.2422 0.6780
-0.2812 -0.2422 0.7282
0.3438 -0.2422 -0.4470
0.3438 -0.2422 -0.3968
-0.2812 -0.1484 0.7031
-0.2812 -0.0547 0.6780
-0.3438 -0.2422 0.6780
-0.3438 -0.2422 0.7282
-0.3438 -0.1484 -0.7344
-0.3438 -0.1233 -0.6406
0.2812 -0.2422 -0.4470
0.2812 -0.2422 -0.3968
-0.3438 -0.1484 -0.7344
-0.3438 -0.2422 -0.7093
-0.2812 -0.0798 0.7718
-0.3438 -0.0798 0.7718
0.3438 -0.2422 0.6780
0.3438 -0.2422 0.7282
0.2812 0.0547 0.1406
0.2812 -0.0703 0.1406
0.3438 -0.1484 0.7031
0.3438 -0.0547 0.6780
0.2812 -0.1484 -0.7344
0.2812 -0.1233 -0.6406
0.2812 -0.1484 -0.7344
0.2812 -0.2422 -0.7093
0.2812 -0.0078 0.8281
0.2812 -0.1641 0.8281
0.2812 -0.1641 0.3906
0.2812 -0.1641 0.1406
-0.2812 -0.0547 -0.7595
-0.2812 -0.0798 -0.8030
-0.2812 -0.2422 -0.7093
-0.3438 -0.2422 -0.7093
-0.2812 -0.1484 -0.4219
-0.2812 -0.1233 -0.3281
-0.2812 -0.1484 0.7031
-0.2812 -0.1233 0.6094
-0.3438 -0.1484 -0.7344
-0.3438 -0.0547 -0.7093
0.3438 -0.0798 0.6345
0.2812 -0.0798 0.6345
-0.2812 -0.1484 -0.7344
-0.2812 -0.2422 -0.7093
0.3438 -0.1484 -0.4219
0.3438 -0.1233 -0.3281
-0.2812 -0.2422 -0.4470
-0.3438 -0.2422 -0.4470
0.2812 -0.1484 -0.7344
0.2812 -0.0547 -0.7093
-0.3438 -0.0547 -0.3968
-0.3438 -0.0547 -0.4470
0.3438 -0.1233 -0.8281
0.2812 -0.1233 -0.8281
-0.2812 -0.2422 0.6780
-0.3438 -0.2422 0.6780
-0.2812 -0.0798 -0.4905
-0.3438 -0.0798 -0.4905
-0.2812 -0.2171 -0.8030
-0.2812 -0.2422 -0.7595
0.3438 -0.2422 -0.4470
0.2812 -0.2422 -0.4470
-0.2812 -0.1484 0.7031
-0.2812 -0.2171 0.6345
-0.2812 -0.1484 -0.7344
-0.2812 -0.0547 -0.7093
0.3438 -0.0798 -0.4905
0.2812 -0.0798 -0.4905
-0.2812 -0.1484 -0.7344
-0.2812 -0.1736 -0.6406
0.2812 0.0547 0.1406
0.2812 0.0547 0.0156
0.3438 -0.1484 -0.7344
0.3438 -0.2171 -0.8030
0.0625 0.1016 -0.2969
0.0625 0.1016 -0.4219
0.0625 -0.0703 -0.4219
-0.0625 -0.0703 -0.4219
-0.2812 -0.0547 -0.7595
-0.3438 -0.0547 -0.7595
-0.2812 -0.1484 0.7031
-0.2812 -0.1233 0.7969
0.3438 -0.0547 -0.7595
0.3438 -0.0798 -0.8030
-0.3438 -0.1233 -0.6406
-0.3438 -0.1736 -0.6406
-0.2812 -0.0547 -0.3968
-0.2812 -0.0547 -0.4470
-0.2812 -0.1484 -0.7344
-0.2812 -0.0798 -0.8030
-0.2812 -0.1736 -0.3281
-0.3438 -0.1736 -0.3281
-0.3438 -0.1736 -0.8281
-0.3438 -0.2171 -0.8030
0.3438 -0.1484 -0.7344
0.3438 -0.1233 -0.6406
0.2812 -0.1484 0.7031
0.2812 -0.2422 0.6780
0.3438 -0.1484 -0.7344
0.3438 -0.2422 -0.7093
0.2812 -0.1233 -0.6406
0.2812 -0.1736 -0.6406
0.3438 -0.0547 -0.3968
0.3438 -0.0547 -0.4470
0.2812 -0.1641 0.8281
-0.2812 -0.1641 0.8281
-0.3438 -0.0547 0.7282
-0.3438 -0.0547 0.6780
-0.3438 -0.1484 -0.4219
-0.3438 -0.2171 -0.3532
0.0625 0.1016 -0.2969
-0.0625 0.1016 -0.2969
0.2812 -0.1736 -0.8281
0.2812 -0.2171 -0.8030
0.2812 -0.0703 0.0156
-0.2812 -0.0703 0.0156
0.2812 -0.1641 0.5781
-0.2812 -0.1641 0.5781
-0.3438 -0.1233 -0.5156
-0.3438 -0.1736 -0.5156
0.2812 0.2422 0.3906
-0.2812 0.2422 0.3906
0.3438 -0.0547 0.7282
0.3438 -0.0547 0.6780
-0.2812 -0.1233 -0.3281
-0.2812 -0.1736 -0.3281
-0.2812 -0.2171 -0.6657
-0.2812 -0.1736 -0.6406
0.2812 -0.1484 -0.4219
0.2812 -0.2171 -0.3532
0.2812 -0.1641 0.5781
-0.2812 -0.1641 0.5781
-0.2812 -0.1233 0.7969
-0.2812 -0.1736 0.7969
-0.2812 0.2422 0.1406
-0.2812 -0.1641 0.1406
-0.2812 -0.1484 -0.7344
-0.2812 -0.1736 -0.8281
0.2812 -0.1233 -0.5156
0.2812 -0.1736 -0.5156
0.2812 -0.1484 0.7031
0.2812 -0.0798 0.7718
-0.2812 -0.1736 0.6094
-0.2812 -0.2171 0.6345
0.3438 -0.1484 -0.7344
0.3438 -0.0547 -0.7093
0.3438 -0.1233 -0.3281
0.3438 -0.1736 -0.3281
-0.3438 -0.1233 0.7969
-0.3438 -0.1736 0.7969
0.2812 -0.1484 0.7031
0.2812 -0.2171 0.7718
0.3438 -0.2171 -0.6657
0.3438 -0.1736 -0.6406
0.3438 -0.1484 -0.7344
0.3438 -0.1736 -0.6406
-0.3438 -0.1484 -0.4219
-0.3438 -0.0547 -0.4470
-0.2812 -0.2422 -0.3968
-0.2812 -0.2171 -0.3532
0.2812 -0.1233 0.6094
0.2812 -0.1736 0.6094
-0.2812 -0.0547 0.7282
-0.2812 -0.0547 0.6780
0.3438 -0.1233 0.7969
0.3438 -0.1736 0.7969
0.2812 0.2422 0.1406
-0.2812 0.2422 0.1406
-0.2812 -0.0703 0.1406
-0.2812 -0.1641 0.1406
0.2812 -0.1484 -0.4219
0.2812 -0.0547 -0.4470
0.3438 -0.2422 -0.3968
0.3438 -0.2171 -0.3532
0.2812 -0.1484 0.7031
0.2812 -0.0547 0.6780
0.3438 -0.1484 -0.7344
0.3438 -0.0798 -0.8030
0.3438 -0.1736 -0.3281
0.2812 -0.1736 -0.3281
-0.3438 -0.1484 -0.4219
-0.3438 -0.1233 -0.5156
0.2812 -0.0703 0.1406
-0.2812 -0.0703 0.1406
0.3438 -0.1736 0.7969
0.2812 -0.1736 0.7969
0.2812 -0.0703 -0.7969
-0.2812 -0.0703 -0.7969
-0.2812 -0.0703 0.0156
-0.2812 -0.0703 0.1406
0.2812 -0.1484 -0.4219
0.2812 -0.1233 -0.5156
-0.2812 -0.1484 -0.7344
-0.2812 -0.0798 -0.6657
-0.2812 -0.1641 0.8281
-0.2812 -0.1641 0.5781
-0.2812 -0.1736 -0.8281
-0.3438 -0.1736 -0.8281
0.2812 -0.1484 0.7031
0.2812 -0.1233 0.6094
0.3438 -0.1484 -0.7344
0.3438 -0.1736 -0.8281
-0.2812 -0.2422 -0.3968
-0.3438 -0.2422 -0.3968
-0.3438 -0.1484 -0.4219
-0.3438 -0.2171 -0.4905
-0.2812 -0.0547 0.7282
-0.3438 -0.0547 0.7282
0.3438 -0.1736 -0.8281
0.2812 -0.1736 -0.8281
-0.3438 -0.2422 0.7282
-0.3438 -0.2171 0.7718
-0.2812 -0.1233 -0.5156
-0.3438 -0.1233 -0.5156
-0.3438 -0.1233 -0.6406
-0.3438 -0.0798 -0.6657
0.3438 -0.2422 -0.3968
0.2812 -0.2422 -0.3968
0.2812 -0.1484 -0.4219
0.2812 -0.2171 -0.4905
0.3438 -0.2422 0.7282
0.3438 -0.2171 0.7718
-0.3438 -0.1233 0.6094
-0.3438 -0.1736 0.6094
-0.2812 0.2422 0.3906
-0.2812 0.2422 0.1406
0.2812 -0.2422 -0.7093
0.2812 -0.2171 -0.6657
0.3438 -0.1233 -0.5156
0.2812 -0.1233 -0.5156
0.2812 -0.1484 0.7031
0.2812 -0.2171 0.6345
0.2812 -0.1233 -0.6406
0.2812 -0.0798 -0.6657
0.3438 -0.1233 0.6094
0.3438 -0.1736 0.6094
-0.3438 -0.1484 -0.4219
-0.3438 -0.1233 -0.3281
-0.2812 -0.0798 -0.8030
-0.2812 -0.1233 -0.8281
-0.2812 -0.1484 -0.4219
-0.2812 -0.2171 -0.4905
0.2812 0.2422 0.3906
0.2812 -0.1641 0.3906
-0.2812 -0.2422 0.7282
-0.2812 -0.2171 0.7718
0.2812 -0.1484 -0.4219
0.2812 -0.1233 -0.3281
-0.2812 -0.1233 0.7969
-0.2812 -0.0798 0.7718
-0.2812 -0.1233 -0.6406
-0.2812 -0.0798 -0.6657
0.3438 -0.0798 -0.8030
0.3438 -0.1233 -0.8281
0.3438 -0.1484 -0.4219
0.3438 -0.2171 -0.4905
-0.3438 -0.1484 0.7031
-0.3438 -0.2171 0.6345
0.2812 -0.2422 0.6780
0.2812 -0.2422 0.7282
0.2812 -0.1484 0.7031
0.2812 -0.1233 0.7969
0.2812 0.0547 0.0156
0.2812 -0.0703 0.0156
-0.3438 -0.2171 -0.8030
-0.3438 -0.2422 -0.7595
0.3438 -0.0798 0.7718
0.2812 -0.0798 0.7718
0.3438 -0.1233 -0.6406
0.3438 -0.0798 -0.6657
0.2812 0.2422 0.3906
0.2812 -0.1641 0.3906
0.2812 0.0547 0.5781
0.2812 -0.1641 0.5781
0.3438 -0.0547 -0.4470
0.3438 -0.0798 -0.4905
-0.2812 -0.1484 -0.4219
-0.2812 -0.2422 -0.3968
-0.3438 -0.0547 -0.7595
-0.3438 -0.0798 -0.8030
0.2812 -0.2171 -0.8030
0.2812 -0.2422 -0.7595
-0.2812 -0.1233 0.6094
-0.3438 -0.1233 0.6094
-0.3438 -0.1484 -0.7344
-0.3438 -0.1736 -0.6406
0.2812 0.0547 0.5781
0.2812 -0.1641 0.5781
0.3438 -0.2422 -0.7093
0.2812 -0.2422 -0.7093
-0.3438 -0.1484 0.7031
-0.3438 -0.1233 0.7969
0.3438 -0.1484 -0.4219
0.3438 -0.2422 -0.3968
0.3438 -0.1484 0.7031
0.3438 -0.1233 0.6094
-0.3438 -0.1484 0.7031
-0.3438 -0.2422 0.7282
0.2812 -0.0547 -0.7595
0.2812 -0.0798 -0.8030
0.2812 -0.1484 -0.7344
0.2812 -0.1736 -0.6406
0.3438 -0.1233 0.6094
0.2812 -0.1233 0.6094
0.2812 -0.1641 0.1406
0.2812 -0.1641 -0.7969
0.0625 -0.0703 -0.2969
0.0625 -0.0703 -0.4219
-0.2812 -0.0547 -0.4470
-0.2812 -0.0798 -0.4905
-0.2812 -0.1484 -0.4219
-0.2812 -0.0547 -0.3968
-0.2812 -0.1484 -0.4219
-0.2812 -0.1736 -0.3281
-0.3438 -0.1484 -0.7344
-0.3438 -0.0798 -0.8030
-0.2812 -0.2422 0.7282
-0.3438 -0.2422 0.7282
0.3438 -0.2422 0.6780
0.2812 -0.2422 0.6780
-0.2812 -0.1233 -0.6406
-0.3438 -0.1233 -0.6406
0.3438 -0.1484 -0.4219
0.3438 -0.0547 -0.3968
-0.3438 -0.1484 0.7031
-0.3438 -0.0547 0.7282
-0.3438 -0.1233 -0.3281
-0.3438 -0.1736 -0.3281
0.3438 -0.1484 -0.4219
0.3438 -0.1736 -0.3281
0.3438 -0.1484 0.7031
0.3438 -0.2171 0.6345
-0.3438 -0.1484 0.7031
-0.3438 -0.1736 0.7969
0.2812 -0.1484 -0.7344
0.2812 -0.0798 -0.8030
-0.3438 -0.1736 -0.5156
-0.3438 -0.2171 -0.4905
0.2812 -0.0078 0.8281
0.2812 0.0547 0.5781
0.3438 -0.1233 -0.6406
0.2812 -0.1233 -0.6406
0.0625 -0.0703 -0.2969
-0.0625 -0.0703 -0.2969
-0.2812 -0.1484 -0.4219
-0.2812 -0.0798 -0.4905
-0.2812 -0.1484 0.7031
-0.2812 -0.2422 0.7282
0.2812 -0.1641 0.3906
-0.2812 -0.1641 0.3906
-0.3438 -0.1484 -0.7344
-0.3438 -0.1736 -0.8281
0.2812 0.0547 0.5781
0.2812 0.2422 0.3906
0.2812 0.0547 0.1406
-0.2812 0.0547 0.1406
0.3438 -0.1484 -0.4219
0.3438 -0.0798 -0.4905
0.3438 -0.1484 0.7031
0.3438 -0.1233 0.7969
-0.3438 -0.1484 0.7031
-0.3438 -0.0798 0.6345
0.3438 -0.1484 0.7031
0.3438 -0.2422 0.7282
0.2812 -0.1484 -0.7344
0.2812 -0.1736 -0.8281
0.2812 -0.1233 0.7969
0.2812 -0.1736 0.7969
-0.2812 -0.2171 -0.8030
-0.3438 -0.2171 -0.8030
0.2812 -0.1641 0.3906
-0.2812 -0.1641 0.3906
0.2812 -0.0547 -0.3968
0.2812 -0.0547 -0.4470
-0.2812 -0.0547 0.6780
-0.2812 -0.0798 0.6345
-0.2812 -0.0547 -0.4470
-0.3438 -0.0547 -0.4470
-0.2812 -0.1484 0.7031
-0.2812 -0.0547 0.7282
-0.2812 -0.1484 -0.4219
-0.2812 -0.1736 -0.5156
0.3438 -0.2171 -0.8030
0.3438 -0.2422 -0.7595
-0.2812 -0.1484 0.7031
-0.2812 -0.1736 0.7969
0.2812 -0.1641 0.1406
-0.2812 -0.1641 0.1406
-0.2812 -0.1736 -0.5156
-0.2812 -0.2171 -0.4905
0.2812 -0.0547 0.7282
0.2812 -0.0547 0.6780
-0.3438 -0.1484 -0.7344
-0.3438 -0.2422 -0.7595
-0.3438 -0.2171 -0.6657
-0.3438 -0.1736 -0.6406
-0.3438 -0.0798 -0.6657
-0.3438 -0.0547 -0.7093
0.3438 -0.1484 -0.4219
0.3438 -0.1736 -0.5156
0.3438 -0.1484 0.7031
0.3438 -0.0547 0.7282
0.3438 -0.2171 0.7718
0.3438 -0.1736 0.7969
0.3438 -0.1736 -0.5156
0.3438 -0.2171 -0.4905
-0.3438 -0.1736 0.6094
-0.3438 -0.2171 0.6345
0.2812 -0.1484 -0.7344
0.2812 -0.2422 -0.7595
0.2812 -0.1233 -0.3281
0.2812 -0.1736 -0.3281
0.2812 -0.2171 -0.6657
0.2812 -0.1736 -0.6406
0.2812 -0.1641 0.1406
-0.2812 -0.1641 0.1406
0.2812 -0.1736 -0.5156
0.2812 -0.2171 -0.4905
0.2812 -0.0798 -0.6657
0.2812 -0.0547 -0.7093
-0.3438 -0.2422 -0.3968
-0.3438 -0.2171 -0.3532
0.3438 -0.1736 0.6094
0.3438 -0.2171 0.6345
-0.2812 -0.1484 0.7031
-0.2812 -0.0798 0.6345
0.3438 -0.0547 -0.7595
0.2812 -0.0547 -0.7595
-0.2812 -0.0078 0.8281
-0.2812 -0.1641 0.8281
-0.0625 0.1016 -0.4219
-0.0625 -0.0703 -0.4219
-0.3438 -0.1484 -0.7344
-0.3438 -0.0798 -0.6657
-0.2812 -0.2171 -0.3532
-0.2812 -0.1736 -0.3281
-0.2812 -0.0547 -0.3968
-0.3438 -0.0547 -0.3968
-0.2812 -0.0703 -0.7969
-0.2812 -0.1641 -0.7969
-0.2812 -0.1484 -0.7344
-0.2812 -0.2422 -0.7595
-0.0625 0.1016 -0.2969
-0.0625 -0.0703 -0.2969
0.2812 -0.2422 -0.3968
0.2812 -0.2171 -0.3532
-0.2812 -0.2171 0.7718
-0.2812 -0.1736 0.7969
-0.2812 -0.1641 0.5781
-0.2812 -0.1641 0.3906
0.3438 -0.1484 0.7031
0.3438 -0.0798 0.6345
-0.2812 -0.0798 -0.6657
-0.2812 -0.0547 -0.7093
0.2812 -0.1484 -0.7344
0.2812 -0.0798 -0.6657
0.3438 -0.2171 -0.3532
0.3438 -0.1736 -0.3281
0.3438 -0.0547 -0.3968
0.2812 -0.0547 -0.3968
