-0.2500 -0.4640 -0.3731
-0.1875 -0.5082 -0.4173
0.0469 0.4364 0.4836
0.0469 0.4861 0.4339
-0.0352 0.3618 0.2930
-0.0352 0.3314 0.2792
0.0469 0.3038 0.3510
0.0352 0.2817 0.3290
0.1875 -0.0662 -0.2406
0.1875 -0.3314 -0.5057
-0.0352 0.2955 0.3593
-0.0469 0.3038 0.3510
0.2500 -0.3756 -0.4615
0.1875 -0.4198 -0.5057
0.0312 0.4592 0.4121
-0.0312 0.4592 0.4121
-0.0469 0.4364 0.4836
-0.0469 0.4861 0.4339
0.1875 -0.1546 -0.0638
-0.1875 -0.1546 -0.0638
0.1875 -0.5082 -0.4173
-0.1875 -0.5082 -0.4173
-0.2500 -0.4640 -0.3731
-0.2500 -0.3756 -0.4615
-0.0469 0.3038 0.3510
-0.0352 0.2817 0.3290
0.0352 0.3618 0.2930
0.0469 0.3535 0.3013
-0.0625 0.0447 -0.0466
-0.0625 -0.0437 0.0418
0.0312 -0.2258 -0.1845
-0.0312 -0.2258 -0.1845
0.2500 -0.1988 -0.1080
0.2500 -0.4640 -0.3731
-0.1875 -0.2430 -0.0638
-0.1875 -0.5082 -0.3290
0.0625 -0.0658 -0.1571
0.0625 -0.1542 -0.0687
0.0352 0.5082 0.4560
-0.0352 0.5082 0.4560
0.1875 -0.4198 -0.5057
-0.1875 -0.4198 -0.5057
-0.0469 0.3038 0.3510
-0.0469 0.3535 0.3013
0.0352 0.3618 0.2930
0.0352 0.3314 0.2792
0.1875 -0.2430 -0.0638
0.2500 -0.1988 -0.1080
-0.0352 0.4281 0.4919
-0.0352 0.2955 0.3593
0.0352 0.4944 0.4256
0.0352 0.5082 0.4560
0.0352 0.2817 0.3290
0.0352 0.3314 0.2792
-0.0469 0.4364 0.4836
-0.0352 0.4585 0.5057
-0.1875 -0.5082 -0.3290
-0.2500 -0.4640 -0.3731
-0.2500 -0.1988 -0.1080
-0.2500 -0.1104 -0.1964
-0.1875 -0.0662 -0.2406
-0.1875 -0.0662 -0.1522
0.0469 0.4861 0.4339
0.0352 0.5082 0.4560
0.1875 -0.2430 -0.0638
0.1875 -0.5082 -0.3290
-0.0312 0.4592 0.4121
-0.0312 0.4150 0.4563
0.2500 -0.4640 -0.3731
0.2500 -0.3756 -0.4615
-0.0625 -0.0658 -0.1571
-0.0625 -0.1542 -0.0687
0.0312 0.4592 0.4121
0.0312 0.4150 0.4563
0.0312 -0.1816 -0.2287
0.0312 -0.2258 -0.1845
-0.2500 -0.3756 -0.4615
-0.1875 -0.4198 -0.5057
-0.0352 0.4944 0.4256
-0.0352 0.5082 0.4560
0.0352 0.3618 0.2930
-0.0352 0.3618 0.2930
-0.0352 0.2817 0.3290
-0.0352 0.3314 0.2792
0.0352 0.4281 0.4919
0.0352 0.4585 0.5057
0.1875 -0.0662 -0.1522
-0.1875 -0.0662 -0.1522
0.2500 -0.1988 -0.1080
0.1875 -0.1546 -0.0638
0.0469 0.3038 0.3510
0.0469 0.3535 0.3013
-0.1875 -0.2430 -0.0638
-0.1875 -0.1546 -0.0638
-0.1875 -0.0662 -0.2406
-0.2500 -0.1104 -0.1964
0.1875 -0.0662 -0.2406
0.1875 -0.0662 -0.1522
0.1875 -0.5082 -0.4173
0.1875 -0.4198 -0.5057
0.0625 0.0447 -0.0466
0.0625 -0.0658 -0.1571
-0.2500 -0.1988 -0.1080
-0.1875 -0.1546 -0.0638
0.2500 -0.1988 -0.1080
0.2500 -0.1104 -0.1964
0.0352 0.4585 0.5057
0.0352 0.5082 0.4560
0.2500 -0.1104 -0.1964
0.1875 -0.0662 -0.1522
-0.0469 0.4364 0.4836
-0.0469 0.3038 0.3510
-0.0352 0.4281 0.4919
-0.0352 0.4585 0.5057
-0.0352 0.4944 0.4256
-0.0469 0.4861 0.4339
0.0352 0.4281 0.4919
-0.0352 0.4281 0.4919
-0.1875 -0.1546 -0.0638
-0.1875 -0.0662 -0.1522
-0.1875 -0.3314 -0.5057
-0.1875 -0.4198 -0.5057
0.0352 0.2955 0.3593
0.0469 0.3038 0.3510
0.0352 0.4944 0.4256
-0.0352 0.4944 0.4256
-0.1875 -0.5082 -0.4173
-0.1875 -0.4198 -0.5057
-0.0312 -0.1816 -0.2287
-0.0312 -0.2258 -0.1845
-0.0469 0.4861 0.4339
-0.0352 0.5082 0.4560
-0.1875 -0.2430 -0.0638
-0.2500 -0.1988 -0.1080
0.1875 -0.2430 -0.0638
0.1875 -0.1546 -0.0638
0.1875 -0.3314 -0.5057
0.2500 -0.3756 -0.4615
0.0352 0.2955 0.3593
-0.0352 0.2955 0.3593
-0.0352 0.4585 0.5057
-0.0352 0.5082 0.4560
0.0469 0.3535 0.3013
0.0352 0.3314 0.2792
0.0352 0.2955 0.3593
0.0352 0.2817 0.3290
0.0625 0.0447 -0.0466
-0.0625 0.0447 -0.0466
0.0352 0.4944 0.4256
0.0469 0.4861 0.4339
-0.0625 -0.0658 -0.1571
-0.0625 0.0447 -0.0466
-0.0352 0.4281 0.4919
-0.0469 0.4364 0.4836
-0.0352 0.2955 0.3593
-0.0352 0.2817 0.3290
0.1875 -0.1546 -0.0638
0.1875 -0.0662 -0.1522
0.1875 -0.3314 -0.5057
0.1875 -0.4198 -0.5057
0.1875 -0.2430 -0.0638
-0.1875 -0.2430 -0.0638
0.0469 0.4364 0.4836
0.0469 0.3038 0.3510
-0.0352 0.3618 0.2930
-0.0469 0.3535 0.3013
0.1875 -0.0662 -0.2406
-0.1875 -0.0662 -0.2406
0.0312 -0.1816 -0.2287
-0.0312 -0.1816 -0.2287
0.0312 0.4150 0.4563
0.0312 -0.2258 -0.1845
-0.2500 -0.1104 -0.1964
-0.1875 -0.0662 -0.1522
0.0469 0.4861 0.4339
0.0469 0.3535 0.3013
0.0352 0.4281 0.4919
0.0469 0.4364 0.4836
-0.0625 -0.1542 -0.0687
-0.0625 -0.0437 0.0418
-0.0469 0.4861 0.4339
-0.0469 0.3535 0.3013
0.0625 -0.0437 0.0418
0.0625 -0.1542 -0.0687
0.1875 -0.3314 -0.5057
-0.1875 -0.3314 -0.5057
0.0625 -0.0658 -0.1571
-0.0625 -0.0658 -0.1571
0.1875 -0.0662 -0.2406
0.2500 -0.1104 -0.1964
0.0352 0.4281 0.4919
0.0352 0.2955 0.3593
0.0625 0.0447 -0.0466
0.0625 -0.0437 0.0418
0.0352 0.4944 0.4256
0.0352 0.3618 0.2930
-0.1875 -0.5082 -0.3290
-0.1875 -0.5082 -0.4173
-0.0312 -0.1816 -0.2287
-0.0312 0.4592 0.4121
0.0352 0.4585 0.5057
-0.0352 0.4585 0.5057
-0.0469 0.3535 0.3013
-0.0352 0.3314 0.2792
0.0312 0.4592 0.4121
0.0312 -0.1816 -0.2287
0.0352 0.2817 0.3290
-0.0352 0.2817 0.3290
-0.1875 -0.0662 -0.2406
-0.1875 -0.3314 -0.5057
0.0312 0.4150 0.4563
-0.0312 0.4150 0.4563
-0.1875 -0.3314 -0.5057
-0.2500 -0.3756 -0.4615
-0.0312 -0.2258 -0.1845
-0.0312 0.4150 0.4563
0.1875 -0.5082 -0.3290
0.2500 -0.4640 -0.3731
-0.2500 -0.1988 -0.1080
-0.2500 -0.4640 -0.3731
0.0625 -0.0437 0.0418
-0.0625 -0.0437 0.0418
0.0625 -0.1542 -0.0687
-0.0625 -0.1542 -0.0687
0.2500 -0.1104 -0.1964
0.2500 -0.3756 -0.4615
0.0469 0.4364 0.4836
0.0352 0.4585 0.5057
0.2500 -0.4640 -0.3731
0.1875 -0.5082 -0.4173
-0.2500 -0.1104 -0.1964
-0.2500 -0.3756 -0.4615
-0.0352 0.4944 0.4256
-0.0352 0.3618 0.2930
0.0352 0.3314 0.2792
-0.0352 0.3314 0.2792
0.1875 -0.5082 -0.3290
-0.1875 -0.5082 -0.3290
0.1875 -0.5082 -0.3290
0.1875 -0.5082 -0.4173
