0.1562 0.5609 -0.6740
0.1144 0.5449 -0.7049
0.1375 -0.3198 0.3688
0.1375 -0.3198 -0.1187
0.0375 0.2552 -0.5938
-0.0375 0.2552 -0.5938
-0.0000 0.0530 -0.3870
0.0419 0.0555 -0.4728
0.0837 0.2609 -0.6643
0.0725 0.1316 -0.5743
0.0625 -0.2448 -0.1187
0.0625 -0.3698 -0.1187
0.1981 0.1476 -0.5435
0.1144 0.0647 -0.4550
-0.0000 0.6073 -0.6755
-0.0419 0.5356 -0.7227
0.1144 0.5449 -0.7049
0.0419 0.5356 -0.7227
-0.6250 -0.1573 -0.9438
-0.6250 -0.1573 -0.2062
0.2706 0.4527 -0.6343
0.1981 0.4248 -0.6877
0.1375 -0.2573 0.3688
0.0750 -0.2573 0.3688
0.6250 -0.1573 -0.2062
0.6250 -0.1573 -0.9438
0.2288 0.2795 -0.6287
0.0837 0.2609 -0.6643
-0.6250 -0.1573 -0.2062
-0.6250 -0.6073 0.4938
0.6250 -0.6073 -0.9062
0.6250 -0.6073 -0.9062
0.0750 -0.2573 -0.1187
0.0750 -0.2573 0.3688
-0.0419 0.5356 -0.7227
-0.0725 0.4088 -0.7186
0.0375 0.2552 -0.6687
-0.0375 0.2552 -0.6687
0.1375 -0.3198 0.3688
0.0750 -0.3198 0.3688
-0.0000 0.0530 -0.3870
0.1144 0.0647 -0.4550
0.0419 0.5356 -0.7227
0.0725 0.4088 -0.7186
0.1375 -0.3198 -0.1187
0.0750 -0.3198 -0.1187
0.0837 0.2609 -0.6643
-0.0837 0.2609 -0.6643
0.1981 0.4248 -0.6877
0.2288 0.2795 -0.6287
-0.0725 0.4088 -0.7186
-0.0837 0.2609 -0.6643
-0.6250 -0.1573 -0.2062
-0.6250 -0.6073 0.4938
0.1981 0.1476 -0.5435
0.0725 0.1316 -0.5743
-0.0000 0.6073 -0.6755
0.0419 0.5356 -0.7227
-0.0625 -0.2448 0.9438
-0.0625 -0.3698 0.9438
0.1562 0.0808 -0.4241
0.1144 0.0647 -0.4550
0.6250 -0.1573 -0.9438
-0.6250 -0.1573 -0.9438
0.6250 -0.6073 -0.2062
0.6250 -0.6073 -0.9438
-0.6250 -0.6073 0.4938
-0.6250 -0.6073 -0.9062
-0.0000 0.0530 -0.3870
-0.1562 0.0808 -0.4241
0.6250 -0.6040 0.4916
-0.6250 -0.6040 0.4916
0.0625 -0.2448 0.9438
0.0625 -0.2448 -0.1187
0.6250 -0.1573 -0.2062
0.6250 -0.6073 -0.9062
0.6250 -0.1573 -0.2062
-0.6250 -0.1573 -0.2062
-0.0837 0.2609 -0.6643
-0.0725 0.1316 -0.5743
0.6250 -0.6073 0.4938
0.6250 -0.6073 0.4938
0.0725 0.1316 -0.5743
0.0419 0.0555 -0.4728
-0.1981 0.1476 -0.5435
-0.1144 0.0647 -0.4550
-0.0000 0.0530 -0.3870
0.1562 0.0808 -0.4241
-0.0419 0.5356 -0.7227
-0.1144 0.5449 -0.7049
-0.0725 0.1316 -0.5743
-0.0419 0.0555 -0.4728
0.1375 -0.2573 -0.1187
0.0750 -0.2573 -0.1187
0.0419 0.5356 -0.7227
-0.0419 0.5356 -0.7227
0.0725 0.4088 -0.7186
-0.0725 0.4088 -0.7186
0.1981 0.4248 -0.6877
0.0725 0.4088 -0.7186
-0.0000 0.6073 -0.6755
0.1144 0.5449 -0.7049
-0.0725 0.4088 -0.7186
-0.1981 0.4248 -0.6877
-0.0375 -0.1698 -0.6687
-0.0375 -0.1698 -0.5938
0.3125 0.3116 -0.5669
0.2288 0.2795 -0.6287
0.0375 0.2552 -0.6687
0.0375 0.2552 -0.5938
0.0625 -0.3698 0.9438
0.0625 -0.3698 -0.1187
0.6250 -0.6073 -0.2062
-0.6250 -0.6073 -0.2062
-0.0000 0.0530 -0.3870
-0.1144 0.0647 -0.4550
-0.6250 -0.6073 -0.9438
-0.6250 -0.6073 -0.2062
-0.1144 0.5449 -0.7049
-0.1981 0.4248 -0.6877
0.0625 -0.2448 0.9438
-0.0625 -0.2448 0.9438
0.0625 -0.2448 -0.1187
-0.0625 -0.2448 -0.1187
-0.1562 0.5609 -0.6740
-0.2706 0.4527 -0.6343
-0.0837 0.2609 -0.6643
-0.2288 0.2795 -0.6287
-0.1981 0.4248 -0.6877
-0.2288 0.2795 -0.6287
0.0725 0.1316 -0.5743
-0.0725 0.1316 -0.5743
-0.1981 0.1476 -0.5435
-0.2706 0.1755 -0.4900
0.0375 -0.1698 -0.6687
0.0375 -0.1698 -0.5938
-0.0625 -0.2448 -0.1187
-0.0625 -0.2448 0.9438
0.1144 0.0647 -0.4550
0.0419 0.0555 -0.4728
-0.0419 0.0555 -0.4728
-0.1144 0.0647 -0.4550
0.6250 -0.1573 -0.2062
0.6250 -0.6073 -0.2062
-0.0000 0.6073 -0.6755
0.1562 0.5609 -0.6740
0.0419 0.0555 -0.4728
-0.0419 0.0555 -0.4728
-0.6250 -0.6073 0.4938
-0.6250 -0.6073 0.4938
-0.2288 0.2795 -0.6287
-0.1981 0.1476 -0.5435
0.0375 0.2552 -0.5938
0.0375 -0.1698 -0.5938
0.0625 -0.3698 -0.1187
-0.0625 -0.3698 -0.1187
0.6250 -0.1607 -0.2041
-0.6250 -0.1607 -0.2041
-0.1144 0.0647 -0.4550
-0.1562 0.0808 -0.4241
-0.0000 0.0530 -0.3870
-0.0419 0.0555 -0.4728
0.6250 -0.6040 0.4916
0.6250 -0.1607 -0.2041
-0.2706 0.1755 -0.4900
-0.1562 0.0808 -0.4241
-0.1144 0.5449 -0.7049
-0.1562 0.5609 -0.6740
0.1375 -0.2573 0.3688
0.1375 -0.3198 0.3688
0.0750 -0.2573 0.3688
0.0750 -0.3198 0.3688
0.6250 -0.6073 0.4938
0.6250 -0.6073 -0.9062
0.6250 -0.1573 -0.2062
0.6250 -0.6073 -0.9062
0.6250 -0.6073 -0.9438
-0.6250 -0.6073 -0.9438
-0.6250 -0.6073 -0.9062
-0.6250 -0.6073 -0.9062
-0.0625 -0.3698 -0.1187
-0.0625 -0.3698 0.9438
-0.1981 0.4248 -0.6877
-0.2706 0.4527 -0.6343
0.1375 -0.2573 -0.1187
0.1375 -0.3198 -0.1187
-0.0375 0.2552 -0.6687
-0.0375 0.2552 -0.5938
0.6250 -0.6073 0.4938
0.6250 -0.6073 -0.9062
0.6250 -0.6073 -0.9062
0.6250 -0.6073 0.4938
0.0375 0.2552 -0.6687
0.0375 -0.1698 -0.6687
-0.0000 0.6073 -0.6755
-0.1562 0.5609 -0.6740
-0.2288 0.2795 -0.6287
-0.3125 0.3116 -0.5669
0.6250 -0.6073 0.4938
0.6250 -0.6073 -0.9062
-0.2706 0.4527 -0.6343
-0.3125 0.3116 -0.5669
-0.6250 -0.1573 -0.9438
-0.6250 -0.6073 -0.9438
0.2706 0.1755 -0.4900
0.1562 0.0808 -0.4241
-0.0725 0.1316 -0.5743
-0.1981 0.1476 -0.5435
-0.6250 -0.1573 -0.2062
-0.6250 -0.6073 -0.9062
-0.6250 -0.1573 -0.2062
-0.6250 -0.6073 -0.2062
0.0750 -0.2573 -0.1187
0.0750 -0.3198 -0.1187
-0.0375 -0.1698 -0.5938
-0.0375 0.2552 -0.5938
0.6250 -0.1573 -0.9438
0.6250 -0.6073 -0.9438
0.1562 0.5609 -0.6740
0.2706 0.4527 -0.6343
0.0625 -0.3698 0.9438
-0.0625 -0.3698 0.9438
-0.3125 0.3116 -0.5669
-0.2706 0.1755 -0.4900
0.6250 -0.1573 -0.2062
0.6250 -0.6073 0.4938
-0.6250 -0.6073 0.4938
-0.6250 -0.6073 -0.9062
-0.6250 -0.1573 -0.2062
-0.6250 -0.6073 -0.9062
0.1144 0.5449 -0.7049
0.1981 0.4248 -0.6877
-0.0000 0.6073 -0.6755
-0.1144 0.5449 -0.7049
0.0375 -0.1698 -0.6687
-0.0375 -0.1698 -0.6687
0.2706 0.4527 -0.6343
0.3125 0.3116 -0.5669
-0.0625 -0.2448 -0.1187
-0.0625 -0.3698 -0.1187
0.0725 0.4088 -0.7186
0.0837 0.2609 -0.6643
0.2706 0.1755 -0.4900
0.1981 0.1476 -0.5435
0.1375 -0.2573 0.3688
0.1375 -0.2573 -0.1187
0.0625 -0.2448 0.9438
0.0625 -0.3698 0.9438
0.2288 0.2795 -0.6287
0.1981 0.1476 -0.5435
0.6250 -0.1573 -0.2062
0.6250 -0.6073 0.4938
0.3125 0.3116 -0.5669
0.2706 0.1755 -0.4900
-0.6250 -0.6073 0.4938
-0.6250 -0.6073 -0.9062
0.0375 -0.1698 -0.5938
-0.0375 -0.1698 -0.5938
-0.6250 -0.6073 -0.9062
-0.6250 -0.6073 0.4938
-0.0375 -0.1698 -0.6687
-0.0375 0.2552 -0.6687
0.0750 -0.3198 -0.1187
0.0750 -0.3198 0.3688
-0.6250 -0.6040 0.4916
-0.6250 -0.1607 -0.2041
