0.7688 -0.1781 0.1647
0.7688 -0.1446 0.2228
-0.7688 -0.0196 0.0063
-0.7688 -0.0866 0.0063
-0.7688 0.0048 0.7889
-0.7688 0.1703 0.7009
0.7688 0.1344 -0.6522
0.7688 0.1009 -0.7103
-0.8938 0.0094 0.6313
-0.8938 0.1344 0.5978
-0.7688 -0.0531 0.3812
-0.7688 -0.1446 0.2897
-0.7688 0.0094 -0.6187
-0.7688 0.0429 -0.4938
0.7688 0.1969 0.7563
-0.7688 0.1969 0.7563
0.8938 0.0719 0.1647
0.7688 0.0719 0.1647
0.8938 0.0094 0.6313
0.8938 0.1009 0.5397
0.7688 0.0094 -0.6187
0.7688 -0.0241 -0.4938
-0.7688 0.0094 0.6313
-0.7688 -0.0821 0.7228
-0.7688 -0.0531 -0.1187
-0.7688 0.0719 -0.1522
-0.8938 -0.1781 -0.1522
-0.8938 -0.1781 -0.0853
0.8938 -0.0866 0.2562
0.7688 -0.0866 0.2562
-0.7688 0.0094 -0.6187
-0.7688 -0.1156 -0.5853
0.8938 0.1009 -0.7103
0.8938 0.0429 -0.7437
0.8938 -0.1781 -0.3353
0.7688 -0.1781 -0.3353
0.7688 0.1082 0.4547
0.7688 0.1729 0.6962
-0.7688 0.0429 0.5063
-0.7688 -0.0241 0.5063
-0.7688 0.1548 0.7011
-0.8938 0.1548 0.7011
-0.7688 0.0384 -0.0272
-0.8938 0.0384 -0.0272
-0.7688 -0.0531 -0.3688
-0.7688 -0.0196 -0.2438
0.7688 -0.1281 -0.7437
-0.7688 -0.1281 -0.7437
0.8938 -0.1781 -0.7063
0.8938 -0.1969 -0.7063
-0.7688 0.1094 0.4563
-0.7688 0.0906 0.4563
-0.7688 -0.1156 -0.6522
-0.8938 -0.1156 -0.6522
0.8938 0.1344 0.6647
0.7688 0.1344 0.6647
-0.7688 -0.0531 -0.3688
-0.7688 -0.1781 -0.3353
-0.7688 -0.1875 -0.6966
-0.7688 -0.1939 -0.7142
-0.7688 -0.0531 0.1312
-0.7688 0.0719 0.0978
-0.8938 -0.1781 0.0978
-0.8938 -0.1781 0.1647
0.8938 -0.0866 -0.2438
0.7688 -0.0866 -0.2438
0.8938 0.0384 -0.4603
0.8938 -0.0196 -0.4938
0.8938 -0.1781 0.4147
0.7688 -0.1781 0.4147
-0.8938 0.1344 -0.5853
-0.8938 0.1344 -0.6522
0.7688 -0.1939 0.7142
0.7688 0.0057 0.7869
-0.7688 0.0122 -0.7693
-0.7688 0.0057 -0.7869
0.8938 -0.0040 0.7723
0.8938 0.1615 0.6843
-0.7688 0.0384 0.2228
-0.8938 0.0384 0.2228
-0.7688 -0.0531 0.3812
-0.7688 -0.0196 0.5063
-0.7688 -0.0196 0.2562
-0.8938 -0.0196 0.2562
-0.7688 0.1344 -0.6522
-0.7688 0.1009 -0.7103
-0.7688 -0.1781 -0.4022
-0.8938 -0.1781 -0.4022
0.7688 0.0094 -0.6187
0.7688 0.1009 -0.7103
-0.7688 -0.0531 0.3812
-0.7688 -0.1781 0.4147
-0.7688 0.0094 0.6313
-0.7688 0.1344 0.5978
-0.7688 0.0094 -0.6187
-0.7688 0.1344 -0.5853
0.8938 -0.0866 0.0063
0.7688 -0.0866 0.0063
-0.8938 0.1615 0.6843
-0.8938 -0.0040 0.7723
0.8938 -0.1781 -0.0853
0.7688 -0.1781 -0.0853
-0.7688 -0.0531 -0.1187
-0.7688 -0.0196 -0.2438
-0.8938 0.0719 -0.3353
-0.8938 0.0719 -0.4022
0.8938 0.0429 -0.4938
0.7688 0.0429 -0.4938
0.7688 0.0048 0.7889
0.8938 0.0048 0.7889
0.7688 -0.0531 -0.3688
0.7688 -0.1781 -0.3353
-0.7688 0.1009 0.7228
-0.8938 0.1009 0.7228
-0.7688 -0.0196 -0.2438
-0.8938 -0.0196 -0.2438
-0.7688 -0.1781 0.3478
-0.8938 -0.1781 0.3478
-0.7688 -0.0531 -0.3688
-0.7688 0.0719 -0.3353
-0.8938 0.0429 -0.4938
-0.8938 -0.0241 -0.4938
0.8938 -0.0241 0.5063
0.7688 -0.0241 0.5063
-0.8938 -0.1875 0.6966
-0.8938 0.0122 0.7693
-0.7688 0.1084 -0.4500
-0.7688 0.1625 -0.6941
-0.7688 0.1703 -0.7009
-0.7688 0.1615 -0.6843
-0.7688 -0.0531 0.1312
-0.7688 -0.0196 0.0063
0.8938 -0.0196 -0.2438
0.7688 -0.0196 -0.2438
-0.8938 -0.0241 -0.7437
-0.8938 -0.0821 -0.7103
0.7688 -0.0531 0.3812
0.7688 -0.1781 0.4147
0.7688 -0.1939 0.7142
0.8938 -0.1939 0.7142
0.8938 -0.1939 -0.7142
0.8938 0.0057 -0.7869
0.8938 0.0901 -0.4541
0.7688 0.0901 -0.4541
0.8938 -0.0196 0.5063
0.8938 0.0384 0.4728
-0.7688 -0.0196 0.0063
-0.8938 -0.0196 0.0063
-0.7688 -0.1781 -0.1522
-0.8938 -0.1781 -0.1522
-0.7688 -0.0531 0.3812
-0.7688 0.0719 0.4147
0.8938 -0.1781 0.7063
0.8938 -0.1969 0.7063
-0.8938 -0.0196 -0.2438
-0.8938 -0.0866 -0.2438
-0.7688 0.0057 0.7869
-0.7688 -0.1939 0.7142
0.7688 -0.1156 0.6647
0.7688 -0.0821 0.7228
0.7688 0.0094 -0.6187
0.7688 -0.0241 -0.7437
-0.7688 0.0094 -0.6187
-0.7688 0.1009 -0.7103
-0.7688 0.0094 0.6313
-0.7688 0.0429 0.5063
-0.7688 -0.1781 0.0978
-0.7688 -0.1781 0.1647
-0.8938 0.1615 0.6843
-0.7688 0.1615 0.6843
0.7688 0.0719 -0.4022
0.7688 0.0384 -0.4603
0.7688 -0.0531 -0.1187
0.7688 -0.1781 -0.0853
0.7688 -0.0531 -0.3688
0.7688 0.0719 -0.3353
-0.7688 -0.0531 -0.1187
-0.7688 -0.1446 -0.2103
0.8938 0.1094 0.4563
0.7688 0.1094 0.4563
0.8938 0.0048 -0.7889
0.8938 -0.0040 -0.7723
0.7688 -0.0531 -0.3688
0.7688 -0.0866 -0.2438
0.8938 -0.0196 0.0063
0.8938 0.0384 -0.0272
-0.7688 0.0429 0.5063
-0.8938 0.0429 0.5063
0.8938 -0.0821 -0.7103
0.8938 -0.1156 -0.6522
-0.7688 0.1344 -0.5853
-0.8938 0.1344 -0.5853
-0.7688 -0.0531 -0.3688
-0.7688 0.0384 -0.4603
-0.7688 -0.1156 0.5978
-0.7688 -0.1156 0.6647
-0.7688 -0.1875 -0.6966
-0.7688 0.0122 -0.7693
-0.7688 0.1084 -0.4500
-0.8938 0.1084 -0.4500
0.7688 0.0719 0.3478
0.7688 0.0384 0.2897
0.7688 -0.0531 0.1312
0.7688 -0.1781 0.1647
0.7688 -0.0531 0.3812
0.7688 0.0719 0.4147
-0.7688 -0.0531 0.1312
-0.7688 -0.1446 0.0397
-0.7688 0.0719 -0.3353
-0.7688 0.0719 -0.4022
0.7688 -0.0821 -0.7103
0.7688 -0.1156 -0.6522
0.7688 -0.0531 0.3812
0.7688 -0.0866 0.5063
0.8938 -0.0196 0.2562
0.8938 0.0384 0.2228
0.8938 0.1615 -0.6843
0.8938 -0.0040 -0.7723
0.8938 -0.1939 -0.7142
0.7688 -0.1939 -0.7142
-0.8938 -0.1156 0.5978
-0.8938 -0.1156 0.6647
0.8938 0.0384 0.2897
0.8938 -0.0196 0.2562
0.8938 -0.1446 -0.4603
0.8938 -0.1781 -0.4022
-0.7688 -0.0531 0.3812
-0.7688 0.0384 0.2897
-0.8938 0.0057 0.7869
-0.7688 0.0057 0.7869
0.8938 0.1729 0.6962
0.8938 0.1548 0.7011
0.7688 0.1703 0.7009
0.7688 0.1615 0.6843
-0.8938 0.0906 -0.4563
-0.8938 0.0906 0.4563
0.7688 0.0719 -0.1522
0.7688 0.0384 -0.2103
0.7688 0.0094 -0.6187
0.7688 -0.1156 -0.6522
0.7688 -0.0531 -0.1187
0.7688 0.0719 -0.0853
-0.7688 0.0094 0.6313
-0.7688 -0.0821 0.5397
-0.7688 -0.0531 -0.1187
-0.7688 -0.0196 0.0063
-0.7688 0.0719 0.4147
-0.7688 0.0719 0.3478
0.7688 -0.1446 -0.4603
0.7688 -0.1781 -0.4022
0.7688 -0.0821 -0.5272
0.7688 -0.0241 -0.4938
0.7688 -0.0531 -0.1187
0.7688 -0.0866 0.0063
0.8938 0.0429 0.7563
0.8938 0.1009 0.7228
0.7688 -0.0531 -0.3688
0.7688 0.0384 -0.4603
-0.7688 -0.0241 -0.7437
-0.7688 -0.0821 -0.7103
0.7688 0.0048 0.7889
0.7688 -0.0040 0.7723
0.8938 -0.1781 0.1647
0.7688 -0.1781 0.1647
0.8938 -0.1446 0.2897
0.8938 -0.1781 0.3478
-0.8938 0.0719 0.4147
-0.8938 0.0719 0.3478
0.8938 0.1344 -0.6522
0.7688 0.1344 -0.6522
-0.7688 -0.0196 -0.2438
-0.7688 -0.0866 -0.2438
-0.8938 -0.1781 0.7063
-0.8938 -0.1969 0.7063
0.7688 0.0719 0.0978
0.7688 0.0384 0.0397
0.7688 -0.0531 0.1312
0.7688 0.0719 0.1647
-0.7688 -0.0531 0.1312
-0.7688 -0.0196 0.2562
-0.7688 0.0719 -0.0853
-0.7688 0.0719 -0.1522
0.7688 -0.1446 0.2897
0.7688 -0.1781 0.3478
-0.7688 -0.1875 -0.6966
-0.8938 -0.1875 -0.6966
0.7688 -0.1446 -0.2772
0.7688 -0.0866 -0.2438
0.7688 -0.0531 0.1312
0.7688 -0.0866 0.2562
0.7688 -0.0531 0.3812
0.7688 0.0384 0.2897
-0.7688 -0.0866 -0.4938
-0.7688 -0.1446 -0.4603
0.8938 -0.1156 0.6647
0.7688 -0.1156 0.6647
0.8938 -0.1446 -0.2103
0.8938 -0.1781 -0.1522
0.7688 0.0094 0.6313
0.7688 -0.0821 0.5397
-0.8938 0.0719 -0.0853
-0.8938 0.0719 -0.1522
0.8938 -0.0196 0.5063
0.7688 -0.0196 0.5063
0.8938 0.0719 -0.4022
0.7688 0.0719 -0.4022
0.8938 0.0122 0.7693
0.8938 0.0057 0.7869
-0.7688 -0.0196 0.5063
-0.7688 -0.0866 0.5063
-0.8938 -0.1156 -0.5853
-0.8938 -0.0821 -0.5272
0.7688 0.0094 -0.6187
0.7688 0.1009 -0.5272
0.8938 -0.1781 0.7063
0.8938 -0.1781 -0.7063
-0.7688 0.0094 0.6313
-0.7688 0.0429 0.7563
-0.7688 0.0057 -0.7869
-0.8938 0.0057 -0.7869
-0.7688 0.0719 0.1647
-0.7688 0.0719 0.0978
0.7688 -0.1446 -0.2103
0.7688 -0.1781 -0.1522
-0.7688 -0.1781 0.0978
-0.8938 -0.1781 0.0978
0.7688 -0.0531 -0.1187
0.7688 0.0384 -0.2103
-0.7688 -0.0531 -0.1187
-0.7688 0.0719 -0.0853
-0.7688 -0.0866 0.2562
-0.7688 -0.1446 0.2897
0.8938 -0.1875 0.6966
0.8938 -0.1939 0.7142
-0.8938 -0.0196 0.5063
-0.8938 -0.0866 0.5063
-0.7688 -0.0821 -0.5272
-0.7688 -0.0241 -0.4938
0.7688 -0.1281 0.7563
0.7688 -0.1281 -0.7437
0.7688 -0.0531 -0.3688
0.7688 -0.0866 -0.4938
-0.8938 0.1082 0.4547
-0.8938 0.0901 0.4596
-0.8938 0.0719 0.1647
-0.8938 0.0719 0.0978
0.8938 -0.0196 0.0063
0.7688 -0.0196 0.0063
0.8938 0.0719 0.3478
0.7688 0.0719 0.3478
-0.7688 -0.0196 0.0063
-0.7688 -0.0866 0.0063
-0.8938 -0.1781 -0.3353
-0.8938 -0.1446 -0.2772
0.8938 -0.0821 -0.7103
0.7688 -0.0821 -0.7103
-0.8938 0.1729 0.6962
-0.8938 0.1548 0.7011
0.7688 -0.1446 0.0397
0.7688 -0.1781 0.0978
-0.7688 0.1703 0.7009
-0.7688 0.1615 0.6843
-0.7688 -0.1156 0.5978
-0.8938 -0.1156 0.5978
0.7688 -0.0531 0.1312
0.7688 0.0384 0.0397
-0.7688 -0.0531 0.1312
-0.7688 0.0719 0.1647
-0.7688 -0.0866 -0.2438
-0.7688 -0.1446 -0.2103
0.7688 0.1009 -0.5272
0.7688 0.1344 -0.5853
-0.8938 -0.0196 0.0063
-0.8938 -0.0866 0.0063
-0.7688 -0.1446 -0.2772
-0.7688 -0.0866 -0.2438
-0.7688 0.0719 -0.3353
-0.8938 0.0719 -0.3353
0.7688 -0.0531 0.3812
0.7688 -0.0866 0.2562
0.7688 0.0094 0.6313
0.7688 0.0429 0.7563
-0.8938 0.1344 0.6647
-0.8938 0.1344 0.5978
0.8938 -0.0196 0.2562
0.7688 -0.0196 0.2562
-0.8938 0.0057 -0.7869
-0.8938 -0.1939 -0.7142
0.8938 0.0719 -0.1522
0.7688 0.0719 -0.1522
0.7688 0.0094 0.6313
0.7688 -0.1156 0.6647
-0.7688 -0.0196 0.2562
-0.7688 -0.0866 0.2562
-0.8938 -0.1781 0.4147
-0.8938 -0.1446 0.4728
0.8938 -0.1446 -0.4603
0.7688 -0.1446 -0.4603
0.8938 -0.0821 -0.5272
0.7688 -0.0821 -0.5272
0.8938 0.0719 0.0978
0.8938 0.0384 0.0397
0.8938 -0.1781 0.7063
0.7688 -0.1781 0.7063
0.7688 0.1703 0.7009
0.7688 0.0048 0.7889
-0.7688 0.0094 0.6313
-0.7688 0.1344 0.6647
-0.7688 -0.0866 0.0063
-0.7688 -0.1446 0.0397
-0.8938 -0.0196 0.2562
-0.8938 -0.0866 0.2562
-0.7688 -0.1446 0.4728
-0.7688 -0.0866 0.5063
-0.7688 0.0719 0.4147
-0.8938 0.0719 0.4147
0.7688 -0.0531 -0.1187
0.7688 -0.0866 -0.2438
-0.7688 0.0429 -0.4938
-0.7688 0.1009 -0.5272
-0.7688 0.1094 -0.4563
-0.8938 0.1094 -0.4563
-0.7688 -0.0241 -0.7437
-0.8938 -0.0241 -0.7437
0.8938 0.0429 0.7563
0.7688 0.0429 0.7563
-0.8938 0.1625 -0.6941
-0.8938 0.1442 -0.6982
-0.8938 -0.1781 -0.7063
-0.8938 -0.1781 0.7063
0.7688 -0.1281 0.7563
-0.7688 -0.1281 0.7563
0.8938 -0.1446 0.2897
0.7688 -0.1446 0.2897
0.8938 -0.1969 -0.7063
0.7688 -0.1969 -0.7063
-0.8938 0.0429 -0.4938
-0.8938 0.1009 -0.5272
0.8938 0.1344 0.5978
0.8938 0.1009 0.5397
0.7688 0.0901 0.4596
0.7688 0.1548 0.7011
-0.8938 0.0429 0.7563
-0.8938 -0.0241 0.7563
-0.7688 -0.1446 -0.0272
-0.7688 -0.0866 0.0063
-0.7688 0.0719 -0.0853
-0.8938 0.0719 -0.0853
0.7688 -0.0531 0.1312
0.7688 -0.0866 0.0063
-0.7688 -0.0866 -0.4938
-0.8938 -0.0866 -0.4938
-0.7688 -0.1156 -0.5853
-0.8938 -0.1156 -0.5853
0.7688 0.1344 0.5978
0.7688 0.1009 0.5397
-0.8938 0.0094 -0.6187
-0.8938 -0.0821 -0.7103
0.7688 0.0094 0.6313
0.7688 0.1344 0.6647
0.7688 -0.0866 0.0063
0.7688 -0.1446 0.0397
0.8938 -0.0531 0.3812
0.8938 -0.0866 0.2562
-0.8938 -0.0040 -0.7723
-0.8938 0.1615 -0.6843
0.8938 -0.1446 -0.2103
0.7688 -0.1446 -0.2103
0.7688 -0.1446 0.4728
0.7688 -0.0866 0.5063
-0.8938 -0.0196 -0.2438
-0.8938 0.0384 -0.2772
0.7688 0.0094 0.6313
0.7688 -0.0241 0.7563
0.8938 0.0094 -0.6187
0.8938 -0.1156 -0.6522
0.8938 0.0122 0.7693
0.8938 -0.1875 0.6966
0.7688 0.1084 -0.4500
0.7688 0.0901 -0.4541
0.8938 -0.1446 0.0397
0.8938 -0.1781 0.0978
0.7688 0.1703 0.7009
0.8938 0.1703 0.7009
-0.7688 0.0719 0.1647
-0.8938 0.0719 0.1647
0.8938 0.1009 -0.5272
0.8938 0.1344 -0.5853
-0.7688 -0.0866 0.2562
-0.8938 -0.0866 0.2562
-0.7688 -0.1781 -0.3353
-0.8938 -0.1781 -0.3353
0.7688 -0.0531 -0.3688
0.7688 0.0384 -0.2772
-0.8938 -0.0531 -0.3688
-0.8938 -0.1446 -0.4603
0.7688 -0.0241 0.5063
0.7688 -0.0821 0.5397
-0.7688 -0.1781 -0.7063
-0.8938 -0.1781 -0.7063
0.8938 -0.0531 -0.1187
0.8938 -0.0866 -0.2438
-0.7688 0.1344 0.6647
-0.7688 0.1344 0.5978
-0.8938 0.1082 0.4547
-0.8938 0.1729 0.6962
-0.7688 0.0048 -0.7889
-0.8938 0.0048 -0.7889
0.7688 -0.1446 -0.0272
0.7688 -0.0866 0.0063
0.8938 -0.0531 -0.3688
0.8938 -0.1781 -0.4022
-0.7688 -0.1781 0.4147
-0.7688 -0.1446 0.4728
0.8938 0.1703 -0.7009
0.7688 0.1703 -0.7009
0.7688 -0.0040 0.7723
0.8938 -0.0040 0.7723
0.8938 -0.0821 0.5397
0.8938 -0.1156 0.5978
0.8938 -0.0531 0.1312
0.8938 -0.0866 0.2562
-0.8938 -0.0196 0.0063
-0.8938 -0.0866 0.0063
0.8938 0.0384 -0.2772
0.8938 0.0719 -0.3353
-0.7688 -0.0866 -0.2438
-0.8938 -0.0866 -0.2438
0.7688 -0.0531 0.3812
0.7688 0.0384 0.4728
-0.8938 -0.0531 0.3812
-0.8938 -0.1446 0.2897
0.7688 0.1094 -0.4563
0.7688 0.0906 -0.4563
-0.8938 0.0094 -0.6187
-0.8938 0.0429 -0.4938
0.7688 0.0122 -0.7693
0.7688 0.0057 -0.7869
-0.8938 -0.1939 0.7142
-0.8938 0.0057 0.7869
0.7688 -0.1446 0.2228
0.7688 -0.0866 0.2562
-0.8938 0.0094 -0.6187
-0.8938 -0.1156 -0.5853
0.7688 0.0094 0.6313
0.7688 0.1009 0.5397
0.8938 -0.0531 0.3812
0.8938 -0.1781 0.3478
0.8938 0.0094 -0.6187
0.8938 0.1009 -0.5272
0.7688 0.0384 -0.2772
0.7688 0.0719 -0.3353
-0.7688 -0.1781 -0.0853
-0.7688 -0.1446 -0.0272
0.7688 0.1009 -0.7103
0.7688 0.0429 -0.7437
0.8938 0.1625 -0.6941
0.7688 0.1625 -0.6941
0.8938 0.0094 -0.6187
0.8938 -0.0821 -0.5272
0.8938 0.0094 0.6313
0.8938 -0.0241 0.7563
0.7688 -0.1875 -0.6966
0.7688 -0.1939 -0.7142
-0.8938 0.0429 0.5063
-0.8938 -0.0241 0.5063
0.8938 0.0719 0.0978
0.7688 0.0719 0.0978
0.8938 0.0384 0.4728
0.8938 0.0719 0.4147
-0.7688 0.0429 0.7563
-0.7688 -0.0241 0.7563
-0.7688 -0.0866 0.0063
-0.8938 -0.0866 0.0063
-0.8938 -0.1781 -0.0853
-0.8938 -0.1446 -0.0272
-0.8938 -0.0531 -0.1187
-0.8938 -0.1446 -0.2103
0.8938 0.0429 -0.7437
0.8938 -0.0241 -0.7437
0.8938 -0.1446 -0.2772
0.7688 -0.1446 -0.2772
-0.8938 -0.0531 -0.3688
-0.8938 -0.0196 -0.2438
-0.7688 0.0429 -0.4938
-0.8938 0.0429 -0.4938
-0.7688 0.1094 -0.4563
-0.7688 0.0906 -0.4563
0.7688 -0.0821 0.7228
0.7688 -0.0241 0.7563
-0.8938 0.0048 0.7889
-0.7688 0.0048 0.7889
-0.8938 -0.0531 -0.3688
-0.8938 -0.1781 -0.3353
-0.7688 -0.0241 0.5063
-0.7688 -0.0821 0.5397
0.8938 -0.0531 -0.1187
0.8938 -0.1781 -0.1522
0.8938 -0.0531 -0.3688
0.8938 0.0384 -0.2772
0.7688 0.0384 0.4728
0.7688 0.0719 0.4147
-0.7688 -0.1781 0.1647
-0.7688 -0.1446 0.2228
0.7688 0.0384 -0.4603
0.7688 -0.0196 -0.4938
-0.7688 -0.0196 -0.2438
-0.7688 0.0384 -0.2772
0.8938 -0.0531 -0.3688
0.8938 -0.1446 -0.2772
0.8938 0.1344 0.5978
0.7688 0.1344 0.5978
0.8938 0.0384 -0.0272
0.8938 0.0719 -0.0853
-0.8938 -0.1781 0.1647
-0.8938 -0.1446 0.2228
-0.8938 -0.0531 0.3812
-0.8938 -0.0196 0.5063
0.8938 -0.0196 -0.4938
0.8938 -0.0866 -0.4938
0.8938 -0.1446 0.4728
0.7688 -0.1446 0.4728
0.8938 -0.1156 -0.6522
0.8938 -0.1156 -0.5853
-0.8938 0.1344 -0.6522
-0.8938 0.1009 -0.7103
-0.7688 0.1969 0.7563
-0.7688 -0.1281 0.7563
-0.8938 -0.0531 0.3812
-0.8938 -0.1781 0.4147
0.7688 0.0048 -0.7889
0.7688 -0.0040 -0.7723
-0.8938 0.0094 -0.6187
-0.8938 0.1344 -0.5853
0.8938 -0.0531 0.3812
0.8938 0.0384 0.4728
-0.7688 -0.1156 0.6647
-0.7688 -0.0821 0.7228
0.7688 0.0384 -0.0272
0.7688 0.0719 -0.0853
0.7688 0.0384 0.2897
0.7688 -0.0196 0.2562
-0.8938 0.0094 -0.6187
-0.8938 -0.0241 -0.4938
-0.7688 -0.0196 0.5063
-0.7688 0.0384 0.4728
0.8938 -0.0531 0.3812
0.8938 -0.1446 0.4728
0.8938 0.0094 -0.6187
0.8938 0.1344 -0.6522
0.7688 -0.1156 -0.6522
0.7688 -0.1156 -0.5853
-0.7688 0.0719 -0.4022
-0.7688 0.0384 -0.4603
0.8938 0.1082 0.4547
0.8938 0.0901 0.4596
-0.7688 -0.1781 0.7063
-0.7688 -0.1969 0.7063
-0.8938 -0.1156 0.6647
-0.8938 -0.0821 0.7228
0.8938 -0.1446 0.0397
0.7688 -0.1446 0.0397
-0.8938 -0.0531 -0.1187
-0.8938 -0.0196 0.0063
0.8938 -0.0196 0.2562
0.8938 -0.0866 0.2562
0.8938 -0.1446 -0.0272
0.7688 -0.1446 -0.0272
-0.8938 0.0719 -0.4022
-0.8938 0.0384 -0.4603
0.8938 0.1009 -0.5272
0.7688 0.1009 -0.5272
-0.8938 -0.0531 -0.1187
-0.8938 -0.1781 -0.0853
-0.8938 -0.0531 -0.3688
-0.8938 0.0719 -0.3353
0.8938 -0.0531 -0.1187
0.8938 0.0384 -0.0272
0.7688 0.0384 0.2228
0.7688 0.0719 0.1647
-0.7688 0.0048 -0.7889
-0.7688 -0.0040 -0.7723
-0.7688 0.1344 0.6647
-0.8938 0.1344 0.6647
-0.8938 -0.0531 -0.3688
-0.8938 -0.0866 -0.2438
-0.7688 -0.0196 0.0063
-0.7688 0.0384 -0.0272
-0.8938 -0.0531 0.1312
-0.8938 -0.0196 0.0063
0.8938 -0.0531 -0.1187
0.8938 -0.1446 -0.0272
0.8938 -0.0531 -0.3688
0.8938 0.0719 -0.4022
0.7688 -0.1781 -0.4022
0.7688 -0.1781 -0.3353
-0.7688 0.0719 0.3478
-0.7688 0.0384 0.2897
-0.7688 -0.1781 0.4147
-0.8938 -0.1781 0.4147
-0.7688 -0.0821 -0.7103
-0.7688 -0.1156 -0.6522
0.8938 -0.0531 0.1312
0.8938 -0.0866 0.0063
0.8938 -0.0821 0.5397
0.7688 -0.0821 0.5397
0.8938 -0.0196 -0.2438
0.8938 -0.0866 -0.2438
0.8938 -0.1446 0.2228
0.7688 -0.1446 0.2228
-0.8938 0.0719 0.3478
-0.8938 0.0384 0.2897
0.8938 0.0384 -0.2772
0.7688 0.0384 -0.2772
-0.8938 -0.0531 0.3812
-0.8938 0.0719 0.4147
0.7688 -0.1875 0.6966
0.7688 -0.1939 0.7142
0.7688 0.0122 -0.7693
0.7688 -0.1875 -0.6966
-0.8938 -0.0531 0.3812
-0.8938 -0.0866 0.5063
-0.7688 -0.0196 0.2562
-0.7688 0.0384 0.2228
-0.8938 0.0094 0.6313
-0.8938 0.0429 0.5063
0.8938 -0.0531 0.3812
0.8938 0.0719 0.3478
-0.8938 0.0094 -0.6187
-0.8938 0.1009 -0.7103
-0.7688 -0.1781 -0.0853
-0.8938 -0.1781 -0.0853
-0.7688 -0.1446 -0.4603
-0.7688 -0.1781 -0.4022
0.8938 0.0094 -0.6187
0.8938 0.0429 -0.7437
-0.7688 0.0094 -0.6187
-0.7688 -0.0241 -0.4938
0.8938 0.0094 0.6313
0.8938 -0.0241 0.5063
0.8938 0.1625 -0.6941
0.8938 0.1442 -0.6982
0.8938 -0.0821 0.7228
0.7688 -0.0821 0.7228
-0.8938 0.1703 0.7009
-0.8938 0.1615 0.6843
0.7688 -0.0196 0.0063
0.7688 0.0384 -0.0272
-0.8938 0.0719 -0.1522
-0.8938 0.0384 -0.2103
0.8938 0.0384 0.4728
0.7688 0.0384 0.4728
0.7688 0.1625 -0.6941
0.7688 0.1084 -0.4500
-0.8938 -0.0531 -0.1187
-0.8938 0.0719 -0.0853
-0.8938 -0.0821 -0.5272
-0.8938 -0.0241 -0.4938
-0.7688 0.1969 -0.7437
-0.7688 -0.1281 -0.7437
0.8938 -0.1969 0.7063
0.8938 -0.1969 -0.7063
-0.8938 -0.0531 -0.1187
-0.8938 -0.0866 0.0063
-0.8938 -0.0531 -0.3688
-0.8938 0.0384 -0.4603
0.8938 -0.0531 -0.1187
0.8938 0.0719 -0.1522
-0.8938 0.0048 0.7889
-0.8938 -0.0040 0.7723
-0.7688 -0.1781 0.1647
-0.8938 -0.1781 0.1647
-0.8938 -0.0531 0.1312
-0.8938 -0.1446 0.0397
0.8938 -0.0531 -0.3688
0.8938 -0.0196 -0.4938
-0.7688 -0.0531 -0.3688
-0.7688 -0.0866 -0.2438
0.7688 -0.0196 0.2562
0.7688 0.0384 0.2228
0.8938 -0.0531 0.1312
0.8938 -0.1781 0.0978
-0.7688 -0.1939 -0.7142
-0.7688 0.0057 -0.7869
0.8938 0.0384 -0.0272
0.7688 0.0384 -0.0272
0.8938 0.0906 0.4563
0.8938 0.0906 -0.4563
0.8938 -0.1156 -0.6522
0.7688 -0.1156 -0.6522
-0.8938 -0.0531 0.3812
-0.8938 0.0384 0.2897
0.8938 0.0384 0.2228
0.8938 0.0719 0.1647
0.8938 0.0384 -0.2103
0.8938 -0.0196 -0.2438
-0.7688 -0.1156 0.6647
-0.8938 -0.1156 0.6647
-0.8938 0.0094 0.6313
-0.8938 -0.0821 0.5397
0.8938 -0.0531 0.3812
0.8938 -0.0196 0.2562
-0.7688 -0.0531 0.3812
-0.7688 -0.0866 0.5063
0.8938 -0.1781 -0.4022
0.8938 -0.1781 -0.3353
-0.7688 0.0901 -0.4541
-0.7688 0.1442 -0.6982
-0.7688 0.0719 -0.4022
-0.8938 0.0719 -0.4022
0.7688 0.0429 0.7563
0.7688 0.1009 0.7228
0.8938 0.0094 0.6313
0.8938 -0.1156 0.5978
-0.7688 -0.1781 0.7063
-0.7688 -0.1781 -0.7063
0.8938 0.1009 -0.7103
0.7688 0.1009 -0.7103
0.7688 0.0384 -0.2103
0.7688 -0.0196 -0.2438
-0.8938 -0.0531 -0.1187
-0.8938 0.0384 -0.2103
0.8938 0.1009 0.7228
0.8938 0.1344 0.6647
0.8938 0.0384 0.0397
0.8938 -0.0196 0.0063
0.7688 0.1615 0.6843
0.7688 -0.0040 0.7723
-0.8938 -0.0531 0.1312
-0.8938 -0.0196 0.2562
0.8938 -0.0531 -0.1187
0.8938 -0.0196 -0.2438
0.8938 -0.1781 0.3478
0.8938 -0.1781 0.4147
-0.7688 0.1094 0.4563
-0.7688 0.1094 -0.4563
-0.7688 0.0719 0.3478
-0.8938 0.0719 0.3478
-0.8938 -0.1875 0.6966
-0.7688 -0.1875 0.6966
0.7688 0.1969 -0.7437
-0.7688 0.1969 -0.7437
-0.8938 -0.0531 0.1312
-0.8938 -0.1781 0.1647
-0.7688 0.0906 -0.4563
-0.8938 0.0906 -0.4563
0.8938 -0.0531 0.1312
0.8938 0.0384 0.2228
0.8938 0.1084 -0.4500
0.8938 0.0901 -0.4541
0.8938 0.0384 -0.4603
0.7688 0.0384 -0.4603
-0.7688 -0.0821 -0.7103
-0.8938 -0.0821 -0.7103
0.7688 0.0384 0.0397
0.7688 -0.0196 0.0063
0.8938 -0.0531 0.1312
0.8938 -0.1446 0.2228
-0.7688 0.0719 -0.1522
-0.7688 0.0384 -0.2103
0.8938 0.0906 0.4563
0.7688 0.0906 0.4563
0.8938 0.1009 0.5397
0.8938 0.0429 0.5063
-0.8938 0.0094 0.6313
-0.8938 0.0429 0.7563
0.8938 -0.1781 -0.1522
0.8938 -0.1781 -0.0853
-0.7688 0.1344 -0.6522
-0.8938 0.1344 -0.6522
-0.8938 0.0094 0.6313
-0.8938 -0.1156 0.6647
-0.7688 0.0094 -0.6187
-0.7688 -0.0241 -0.7437
0.8938 0.0094 0.6313
0.8938 0.1009 0.7228
-0.7688 -0.1446 -0.4603
-0.8938 -0.1446 -0.4603
-0.7688 0.0901 -0.4541
-0.8938 0.0901 -0.4541
0.7688 0.1009 0.5397
0.7688 0.0429 0.5063
-0.7688 0.0429 0.7563
-0.7688 0.1009 0.7228
0.8938 0.0094 0.6313
0.8938 -0.0821 0.7228
-0.7688 0.0719 0.0978
-0.7688 0.0384 0.0397
-0.7688 -0.0531 -0.1187
-0.7688 -0.1781 -0.0853
-0.8938 0.1703 0.7009
-0.8938 0.0048 0.7889
-0.7688 -0.1446 0.2897
-0.7688 -0.1781 0.3478
-0.7688 0.1969 -0.7437
-0.7688 0.1969 0.7563
0.8938 -0.1781 0.0978
0.8938 -0.1781 0.1647
0.7688 0.1615 0.6843
0.8938 0.1615 0.6843
-0.8938 0.0719 0.0978
-0.8938 0.0384 0.0397
-0.8938 -0.0531 0.1312
-0.8938 0.0719 0.1647
-0.8938 -0.0866 -0.2438
-0.8938 -0.1446 -0.2103
-0.7688 -0.0531 -0.3688
-0.7688 -0.0866 -0.4938
0.8938 0.1344 -0.5853
0.8938 0.1344 -0.6522
-0.7688 0.1094 0.4563
-0.8938 0.1094 0.4563
-0.7688 0.1703 -0.7009
-0.7688 0.0048 -0.7889
-0.8938 -0.1446 -0.2772
-0.8938 -0.0866 -0.2438
-0.7688 -0.1969 -0.7063
-0.8938 -0.1969 -0.7063
0.8938 -0.1875 -0.6966
0.8938 -0.1939 -0.7142
-0.7688 -0.0040 -0.7723
-0.8938 -0.0040 -0.7723
0.8938 -0.0531 0.1312
0.8938 0.0719 0.0978
-0.7688 0.1344 0.5978
-0.7688 0.1009 0.5397
-0.7688 -0.0531 0.1312
-0.7688 -0.1781 0.1647
-0.7688 -0.1446 -0.2103
-0.7688 -0.1781 -0.1522
0.8938 0.1615 -0.6843
0.7688 0.1615 -0.6843
0.7688 0.1094 0.4563
0.7688 0.0906 0.4563
-0.7688 0.0122 0.7693
-0.7688 0.0057 0.7869
0.8938 -0.1156 0.5978
0.8938 -0.1156 0.6647
-0.8938 0.1344 0.5978
-0.8938 0.1009 0.5397
-0.8938 -0.0866 -0.4938
-0.8938 -0.1446 -0.4603
-0.8938 0.0094 0.6313
-0.8938 0.1344 0.6647
-0.8938 -0.0866 0.0063
-0.8938 -0.1446 0.0397
0.8938 0.0384 -0.2103
0.7688 0.0384 -0.2103
-0.7688 -0.0531 0.3812
-0.7688 -0.0866 0.2562
0.8938 0.0719 -0.3353
0.8938 0.0719 -0.4022
-0.8938 -0.1969 -0.7063
-0.8938 -0.1969 0.7063
-0.8938 -0.1446 0.4728
-0.8938 -0.0866 0.5063
0.8938 -0.1781 -0.4022
0.7688 -0.1781 -0.4022
0.7688 0.0094 -0.6187
0.7688 -0.0821 -0.5272
0.8938 0.0094 0.6313
0.8938 0.1344 0.5978
-0.7688 0.0094 0.6313
-0.7688 -0.1156 0.6647
-0.7688 0.0094 -0.6187
-0.7688 -0.1156 -0.6522
-0.8938 0.1084 -0.4500
-0.8938 0.0901 -0.4541
-0.7688 -0.1446 0.0397
-0.7688 -0.1781 0.0978
-0.7688 -0.0531 -0.1187
-0.7688 -0.0866 0.0063
0.7688 0.0429 -0.7437
0.7688 -0.0241 -0.7437
-0.7688 0.1009 -0.5272
-0.7688 0.1344 -0.5853
0.8938 0.0429 -0.4938
0.8938 -0.0241 -0.4938
-0.8938 -0.0866 0.2562
-0.8938 -0.1446 0.2897
-0.8938 -0.0241 0.5063
-0.8938 -0.0821 0.5397
0.8938 0.0384 0.0397
0.7688 0.0384 0.0397
-0.8938 -0.1446 -0.0272
-0.8938 -0.0866 0.0063
0.8938 -0.0241 -0.7437
0.8938 -0.0821 -0.7103
-0.7688 -0.0531 -0.3688
-0.7688 -0.1781 -0.4022
-0.7688 0.1703 -0.7009
-0.8938 0.1703 -0.7009
0.8938 0.1084 -0.4500
0.8938 0.1625 -0.6941
-0.7688 -0.0821 0.5397
-0.7688 -0.1156 0.5978
-0.7688 -0.0531 0.1312
-0.7688 -0.0866 0.2562
-0.7688 0.0719 -0.1522
-0.8938 0.0719 -0.1522
-0.7688 0.0384 -0.2772
-0.7688 0.0719 -0.3353
0.8938 -0.0196 -0.2438
0.8938 -0.0866 -0.2438
0.7688 -0.1781 0.7063
0.7688 -0.1969 0.7063
0.8938 0.0384 0.2897
0.7688 0.0384 0.2897
0.8938 0.1009 0.5397
0.7688 0.1009 0.5397
-0.8938 0.0122 -0.7693
-0.8938 0.0057 -0.7869
-0.8938 -0.1446 0.2228
-0.8938 -0.0866 0.2562
0.8938 0.1729 0.6962
0.8938 0.1082 0.4547
0.8938 -0.0866 -0.4938
0.8938 -0.1446 -0.4603
0.7688 0.0094 -0.6187
0.7688 0.1344 -0.6522
-0.7688 -0.0531 0.3812
-0.7688 -0.1781 0.3478
-0.7688 0.0094 -0.6187
-0.7688 0.1009 -0.5272
0.8938 0.0901 0.4596
0.7688 0.0901 0.4596
-0.8938 0.1009 -0.7103
-0.8938 0.0429 -0.7437
0.8938 0.0057 0.7869
0.8938 -0.1939 0.7142
-0.7688 0.0094 -0.6187
-0.7688 -0.0821 -0.5272
-0.7688 0.0094 0.6313
-0.7688 -0.0241 0.7563
-0.7688 -0.0531 -0.1187
-0.7688 0.0384 -0.2103
-0.7688 0.0719 0.0978
-0.8938 0.0719 0.0978
-0.7688 0.0384 0.4728
-0.7688 0.0719 0.4147
0.7688 -0.0531 -0.3688
0.7688 -0.1781 -0.4022
0.7688 -0.0821 0.5397
0.7688 -0.1156 0.5978
0.8938 -0.0241 -0.4938
0.7688 -0.0241 -0.4938
-0.7688 -0.0531 -0.3688
-0.7688 0.0384 -0.2772
0.7688 0.0122 0.7693
0.8938 0.0122 0.7693
0.8938 0.1344 -0.5853
0.7688 0.1344 -0.5853
-0.7688 -0.0531 -0.3688
-0.7688 -0.1446 -0.2772
-0.7688 -0.0531 0.1312
-0.7688 0.0384 0.0397
-0.7688 0.1344 0.5978
-0.8938 0.1344 0.5978
0.7688 -0.0531 0.3812
0.7688 -0.1781 0.3478
-0.7688 0.1082 0.4547
-0.8938 0.1082 0.4547
0.8938 -0.0866 -0.2438
0.7688 -0.0866 -0.2438
-0.7688 -0.0531 0.3812
-0.7688 0.0384 0.4728
0.8938 0.0719 -0.3353
0.7688 0.0719 -0.3353
0.8938 0.1729 0.6962
0.7688 0.1729 0.6962
0.7688 0.0094 -0.6187
0.7688 0.0429 -0.7437
-0.7688 -0.0531 0.3812
-0.7688 -0.1446 0.4728
0.8938 0.1442 -0.6982
0.7688 0.1442 -0.6982
-0.7688 0.0094 0.6313
-0.7688 0.1009 0.5397
0.7688 0.1969 0.7563
0.7688 -0.1281 0.7563
-0.7688 0.0094 -0.6187
-0.7688 0.1344 -0.6522
0.7688 0.0057 -0.7869
0.7688 -0.1939 -0.7142
0.7688 -0.0531 -0.1187
0.7688 -0.1781 -0.1522
-0.7688 -0.0531 -0.1187
-0.7688 -0.0866 -0.2438
0.8938 0.0719 0.4147
0.8938 0.0719 0.3478
-0.7688 -0.0821 -0.5272
-0.8938 -0.0821 -0.5272
0.7688 -0.0531 -0.3688
0.7688 -0.1446 -0.2772
0.7688 -0.1781 -0.7063
0.7688 -0.1969 -0.7063
0.8938 -0.0866 0.5063
0.7688 -0.0866 0.5063
-0.8938 -0.0040 0.7723
-0.7688 -0.0040 0.7723
0.7688 0.1442 -0.6982
0.7688 0.0901 -0.4541
0.7688 -0.0196 -0.4938
0.7688 -0.0866 -0.4938
-0.7688 -0.0531 -0.3688
-0.7688 0.0719 -0.4022
0.8938 0.1094 -0.4563
0.7688 0.1094 -0.4563
0.7688 0.1703 -0.7009
0.7688 0.1615 -0.6843
0.7688 -0.0531 0.1312
0.7688 -0.1781 0.0978
-0.7688 -0.0531 0.1312
-0.7688 -0.0866 0.0063
0.8938 0.0719 -0.0853
0.8938 0.0719 -0.1522
-0.7688 -0.1446 -0.2772
-0.8938 -0.1446 -0.2772
0.7688 -0.0531 0.3812
0.7688 -0.1446 0.4728
0.8938 -0.1156 -0.5853
0.8938 -0.0821 -0.5272
-0.7688 -0.0040 0.7723
-0.7688 0.1615 0.6843
-0.7688 0.1625 -0.6941
-0.8938 0.1625 -0.6941
-0.7688 -0.0821 0.7228
-0.7688 -0.0241 0.7563
0.7688 -0.0196 0.2562
0.7688 -0.0866 0.2562
-0.7688 -0.0531 0.3812
-0.7688 0.0719 0.3478
0.8938 -0.0196 0.5063
0.8938 -0.0866 0.5063
0.7688 0.0094 -0.6187
0.7688 -0.0821 -0.7103
0.7688 -0.0531 -0.1187
0.7688 0.0384 -0.0272
-0.7688 0.0094 0.6313
-0.7688 -0.0241 0.5063
0.8938 0.0719 0.1647
0.8938 0.0719 0.0978
-0.7688 -0.1446 0.4728
-0.8938 -0.1446 0.4728
0.7688 -0.0531 -0.1187
0.7688 -0.1446 -0.0272
0.7688 -0.0531 -0.3688
0.7688 0.0719 -0.4022
0.8938 -0.1781 -0.3353
0.8938 -0.1446 -0.2772
-0.7688 -0.0531 -0.1187
-0.7688 -0.1781 -0.1522
-0.8938 0.1625 -0.6941
-0.8938 0.1084 -0.4500
-0.8938 0.0384 -0.4603
-0.8938 -0.0196 -0.4938
0.8938 0.0048 0.7889
0.8938 -0.0040 0.7723
0.7688 -0.0196 -0.2438
0.7688 -0.0866 -0.2438
-0.7688 0.0384 -0.0272
-0.7688 0.0719 -0.0853
0.8938 -0.0196 0.0063
0.8938 -0.0866 0.0063
0.7688 0.0122 0.7693
0.7688 0.0057 0.7869
0.7688 -0.0531 0.1312
0.7688 0.0384 0.2228
-0.7688 -0.1156 -0.6522
-0.7688 -0.1156 -0.5853
0.8938 0.1344 0.6647
0.8938 0.1344 0.5978
-0.7688 -0.1446 -0.0272
-0.8938 -0.1446 -0.0272
0.7688 -0.0531 0.1312
0.7688 -0.1446 0.2228
0.7688 -0.0531 0.3812
0.7688 0.0719 0.3478
0.8938 -0.1781 0.4147
0.8938 -0.1446 0.4728
-0.7688 -0.0531 0.1312
-0.7688 -0.1781 0.0978
-0.7688 0.0906 0.4563
-0.7688 0.0906 -0.4563
-0.8938 0.0384 0.2897
-0.8938 -0.0196 0.2562
-0.8938 -0.1939 0.7142
-0.7688 -0.1939 0.7142
-0.7688 -0.1446 0.2228
-0.7688 -0.0866 0.2562
0.7688 0.0094 0.6313
0.7688 -0.0241 0.5063
-0.7688 0.1082 0.4547
-0.7688 0.0901 0.4596
0.7688 -0.0196 0.0063
0.7688 -0.0866 0.0063
-0.7688 0.0384 0.2228
-0.7688 0.0719 0.1647
-0.7688 0.1009 -0.7103
-0.7688 0.0429 -0.7437
0.8938 -0.0196 0.2562
0.8938 -0.0866 0.2562
0.7688 0.0094 -0.6187
0.7688 0.0429 -0.4938
-0.7688 -0.1781 -0.4022
-0.7688 -0.1781 -0.3353
-0.8938 -0.0196 0.5063
-0.8938 0.0384 0.4728
0.7688 0.0094 -0.6187
0.7688 -0.1156 -0.5853
0.7688 -0.0531 -0.1187
0.7688 0.0719 -0.1522
-0.7688 0.0094 0.6313
-0.7688 -0.1156 0.5978
0.8938 -0.1781 -0.0853
0.8938 -0.1446 -0.0272
-0.7688 -0.0531 -0.1187
-0.7688 0.0384 -0.0272
-0.8938 0.0384 -0.2103
-0.8938 -0.0196 -0.2438
-0.7688 -0.1781 -0.7063
-0.7688 -0.1969 -0.7063
0.7688 -0.0531 -0.3688
0.7688 -0.0196 -0.4938
0.8938 0.1094 0.4563
0.8938 0.0906 0.4563
0.8938 0.0122 -0.7693
0.7688 0.0122 -0.7693
-0.7688 0.1009 0.7228
-0.7688 0.1344 0.6647
-0.7688 0.0384 -0.4603
-0.7688 -0.0196 -0.4938
0.8938 0.0429 0.7563
0.8938 -0.0241 0.7563
-0.7688 -0.1781 0.3478
-0.7688 -0.1781 0.4147
-0.8938 -0.0196 0.0063
-0.8938 0.0384 -0.0272
0.8938 -0.0866 0.0063
0.7688 -0.0866 0.0063
0.7688 -0.0531 0.1312
0.7688 0.0719 0.0978
-0.7688 -0.0531 0.1312
-0.7688 0.0384 0.2228
-0.7688 0.1084 -0.4500
-0.7688 0.0901 -0.4541
-0.8938 0.0384 0.0397
-0.8938 -0.0196 0.0063
-0.8938 -0.0821 -0.7103
-0.8938 -0.1156 -0.6522
0.7688 0.1094 -0.4563
0.7688 0.1094 0.4563
0.7688 -0.0531 0.3812
0.7688 -0.0196 0.2562
-0.7688 0.0906 0.4563
-0.8938 0.0906 0.4563
-0.7688 0.0384 0.2897
-0.7688 -0.0196 0.2562
0.7688 0.0094 0.6313
0.7688 -0.1156 0.5978
-0.7688 -0.0821 0.7228
-0.8938 -0.0821 0.7228
-0.7688 -0.1781 -0.1522
-0.7688 -0.1781 -0.0853
-0.7688 0.1729 0.6962
-0.7688 0.1548 0.7011
-0.8938 -0.0196 0.2562
-0.8938 0.0384 0.2228
0.8938 -0.0866 0.2562
0.7688 -0.0866 0.2562
0.7688 0.0094 -0.6187
0.7688 0.1344 -0.5853
-0.7688 0.0094 0.6313
-0.7688 0.1009 0.7228
-0.8938 0.1009 0.5397
-0.8938 0.0429 0.5063
-0.8938 -0.1446 -0.4603
-0.8938 -0.1781 -0.4022
0.8938 0.0429 -0.7437
0.7688 0.0429 -0.7437
0.7688 -0.0531 -0.1187
0.7688 -0.0196 -0.2438
-0.7688 -0.0241 0.5063
-0.8938 -0.0241 0.5063
-0.7688 0.0384 -0.2103
-0.7688 -0.0196 -0.2438
0.7688 -0.0531 -0.3688
0.7688 -0.1446 -0.4603
0.8938 0.0048 -0.7889
0.7688 0.0048 -0.7889
0.8938 0.0048 0.7889
0.8938 0.1703 0.7009
-0.7688 -0.0196 -0.2438
-0.8938 -0.0196 -0.2438
-0.8938 0.0429 0.7563
-0.8938 0.1009 0.7228
0.8938 -0.0241 0.7563
0.7688 -0.0241 0.7563
-0.7688 0.1344 -0.5853
-0.7688 0.1344 -0.6522
-0.8938 -0.1446 0.2897
-0.8938 -0.1781 0.3478
0.8938 -0.0196 -0.4938
0.7688 -0.0196 -0.4938
0.7688 -0.0531 0.1312
0.7688 -0.0196 0.0063
0.7688 0.0048 -0.7889
0.7688 0.1703 -0.7009
-0.7688 0.0384 0.0397
-0.7688 -0.0196 0.0063
0.7688 -0.0531 0.3812
0.7688 -0.1446 0.2897
-0.8938 0.0094 -0.6187
-0.8938 -0.0241 -0.7437
0.7688 0.0094 0.6313
0.7688 0.1009 0.7228
-0.7688 -0.1446 0.2228
-0.8938 -0.1446 0.2228
0.8938 0.0901 -0.4541
0.8938 0.1442 -0.6982
-0.7688 -0.0196 0.5063
-0.8938 -0.0196 0.5063
0.7688 0.0094 0.6313
0.7688 -0.0821 0.7228
0.8938 0.0094 -0.6187
0.8938 -0.0821 -0.7103
-0.7688 -0.1281 -0.7437
-0.7688 -0.1281 0.7563
-0.7688 0.1009 -0.7103
-0.8938 0.1009 -0.7103
0.8938 -0.0196 0.2562
0.7688 -0.0196 0.2562
0.7688 0.0429 0.5063
0.7688 -0.0241 0.5063
0.8938 0.1548 0.7011
0.8938 0.0901 0.4596
0.7688 -0.0531 -0.1187
0.7688 -0.1446 -0.2103
0.7688 -0.0531 -0.3688
0.7688 -0.0196 -0.2438
0.8938 -0.1969 0.7063
0.7688 -0.1969 0.7063
-0.8938 -0.0531 -0.3688
-0.8938 -0.0866 -0.4938
0.8938 0.1094 0.4563
0.8938 0.1094 -0.4563
-0.7688 -0.0196 0.0063
-0.8938 -0.0196 0.0063
0.8938 0.0122 -0.7693
0.8938 0.0057 -0.7869
-0.7688 0.0429 -0.4938
-0.7688 -0.0241 -0.4938
0.8938 -0.1781 0.1647
0.8938 -0.1446 0.2228
0.8938 -0.0531 -0.3688
0.8938 -0.1446 -0.4603
-0.7688 0.0384 -0.4603
-0.8938 0.0384 -0.4603
0.7688 0.1009 0.7228
0.7688 0.1344 0.6647
0.8938 0.1344 -0.6522
0.8938 0.1009 -0.7103
0.8938 -0.0196 -0.2438
0.7688 -0.0196 -0.2438
-0.7688 0.1615 -0.6843
-0.7688 -0.0040 -0.7723
-0.7688 -0.1939 -0.7142
-0.8938 -0.1939 -0.7142
0.7688 -0.1781 0.3478
0.7688 -0.1781 0.4147
0.7688 -0.1875 0.6966
0.7688 0.0122 0.7693
0.7688 -0.0531 0.1312
0.7688 -0.1446 0.0397
0.7688 -0.0531 0.3812
0.7688 -0.0196 0.5063
-0.8938 -0.0531 0.3812
-0.8938 -0.0866 0.2562
0.8938 -0.0196 0.0063
0.8938 -0.0866 0.0063
-0.7688 -0.0196 0.2562
-0.8938 -0.0196 0.2562
-0.8938 0.0094 -0.6187
-0.8938 -0.1156 -0.6522
0.7688 0.0094 0.6313
0.7688 0.1344 0.5978
0.8938 -0.1156 0.6647
0.8938 -0.0821 0.7228
0.8938 -0.0531 0.3812
0.8938 -0.1446 0.2897
0.8938 0.0094 -0.6187
0.8938 0.0429 -0.4938
-0.7688 0.0384 0.2897
-0.8938 0.0384 0.2897
0.8938 0.0719 -0.4022
0.8938 0.0384 -0.4603
0.8938 0.0094 -0.6187
0.8938 -0.1156 -0.5853
-0.7688 0.1729 0.6962
-0.7688 0.1082 0.4547
-0.7688 -0.1781 0.7063
-0.8938 -0.1781 0.7063
0.7688 -0.1781 -0.1522
0.7688 -0.1781 -0.0853
0.7688 -0.0531 -0.1187
0.7688 -0.0196 0.0063
-0.8938 -0.0531 -0.1187
-0.8938 -0.0866 -0.2438
0.8938 0.0429 0.5063
0.8938 -0.0241 0.5063
0.8938 0.1548 0.7011
0.7688 0.1548 0.7011
0.7688 -0.0241 -0.7437
0.7688 -0.0821 -0.7103
-0.8938 -0.0531 -0.3688
-0.8938 -0.1781 -0.4022
0.8938 -0.0531 -0.1187
0.8938 -0.1446 -0.2103
0.8938 -0.0531 -0.3688
0.8938 -0.0196 -0.2438
-0.7688 0.0384 -0.2103
-0.8938 0.0384 -0.2103
-0.8938 -0.0531 0.1312
-0.8938 -0.0866 0.2562
0.8938 0.0719 0.3478
0.8938 0.0384 0.2897
0.8938 -0.0531 -0.3688
0.8938 -0.1781 -0.3353
-0.7688 -0.0241 -0.4938
-0.8938 -0.0241 -0.4938
0.7688 -0.1781 0.0978
0.7688 -0.1781 0.1647
0.7688 -0.0196 -0.2438
0.7688 -0.0866 -0.2438
-0.8938 0.0122 0.7693
-0.7688 0.0122 0.7693
-0.7688 0.1615 -0.6843
-0.8938 0.1615 -0.6843
-0.8938 0.1094 0.4563
-0.8938 0.0906 0.4563
0.7688 -0.0531 0.1312
0.7688 -0.0196 0.2562
0.7688 0.1344 -0.5853
0.7688 0.1344 -0.6522
0.7688 -0.1875 0.6966
0.8938 -0.1875 0.6966
0.7688 -0.0866 -0.4938
0.7688 -0.1446 -0.4603
-0.8938 -0.0531 0.3812
-0.8938 -0.1781 0.3478
0.8938 0.0384 0.2228
0.7688 0.0384 0.2228
-0.8938 0.0094 -0.6187
-0.8938 0.1009 -0.5272
0.8938 -0.0531 0.3812
0.8938 -0.0196 0.5063
-0.7688 0.0384 0.0397
-0.8938 0.0384 0.0397
-0.8938 -0.1446 -0.2103
-0.8938 -0.1781 -0.1522
-0.8938 0.0094 -0.6187
-0.8938 -0.0821 -0.5272
0.7688 0.0094 0.6313
0.7688 0.0429 0.5063
-0.8938 0.0094 0.6313
-0.8938 -0.0241 0.7563
0.8938 0.0719 -0.1522
0.8938 0.0384 -0.2103
0.8938 -0.0531 0.3812
0.8938 -0.1781 0.4147
0.8938 0.0094 -0.6187
0.8938 0.1344 -0.5853
-0.7688 -0.0866 -0.2438
-0.8938 -0.0866 -0.2438
0.7688 -0.1156 0.5978
0.7688 -0.1156 0.6647
-0.7688 -0.1875 0.6966
-0.7688 -0.1939 0.7142
-0.7688 0.1009 0.5397
-0.7688 0.0429 0.5063
0.7688 -0.0196 0.5063
0.7688 -0.0866 0.5063
0.8938 -0.0821 -0.5272
0.8938 -0.0241 -0.4938
0.8938 0.0094 -0.6187
0.8938 -0.0241 -0.4938
-0.7688 0.1729 0.6962
-0.8938 0.1729 0.6962
-0.8938 0.0429 -0.7437
-0.8938 -0.0241 -0.7437
0.7688 0.0719 -0.3353
0.7688 0.0719 -0.4022
-0.7688 0.1442 -0.6982
-0.8938 0.1442 -0.6982
-0.8938 0.1703 0.7009
-0.7688 0.1703 0.7009
0.7688 -0.0866 0.2562
0.7688 -0.1446 0.2897
-0.8938 -0.0531 -0.1187
-0.8938 -0.1781 -0.1522
0.8938 0.1009 0.7228
0.7688 0.1009 0.7228
-0.8938 -0.0531 -0.3688
-0.8938 0.0384 -0.2772
0.8938 -0.0531 -0.1187
0.8938 -0.0196 0.0063
-0.8938 -0.1446 0.0397
-0.8938 -0.1781 0.0978
-0.8938 -0.0531 -0.3688
-0.8938 -0.1446 -0.2772
0.8938 -0.1781 0.3478
0.7688 -0.1781 0.3478
-0.8938 -0.0531 0.1312
-0.8938 0.0384 0.0397
0.8938 -0.0531 -0.1187
0.8938 -0.1781 -0.0853
0.8938 -0.0531 -0.3688
0.8938 0.0719 -0.3353
-0.8938 -0.1781 -0.7063
-0.8938 -0.1969 -0.7063
-0.8938 0.1009 -0.5272
-0.8938 0.1344 -0.5853
0.7688 0.1969 -0.7437
0.7688 -0.1281 -0.7437
0.7688 0.0429 -0.4938
0.7688 -0.0241 -0.4938
-0.7688 0.0901 0.4596
-0.8938 0.0901 0.4596
0.8938 0.1703 -0.7009
0.8938 0.1615 -0.6843
0.8938 -0.0531 -0.3688
0.8938 -0.0866 -0.2438
0.8938 -0.0531 0.1312
0.8938 -0.0196 0.0063
-0.8938 -0.0196 -0.4938
-0.8938 -0.0866 -0.4938
0.7688 0.0719 0.4147
0.7688 0.0719 0.3478
-0.8938 -0.0531 0.3812
-0.8938 0.0384 0.4728
-0.8938 0.1094 -0.4563
-0.8938 0.0906 -0.4563
-0.8938 -0.0821 0.5397
-0.8938 -0.1156 0.5978
0.8938 -0.0196 0.0063
0.7688 -0.0196 0.0063
-0.8938 -0.0531 0.3812
-0.8938 -0.1446 0.4728
0.8938 -0.1781 -0.1522
0.7688 -0.1781 -0.1522
-0.8938 0.0094 0.6313
-0.8938 0.1009 0.5397
0.8938 -0.0531 0.3812
0.8938 0.0719 0.4147
-0.8938 0.0094 -0.6187
-0.8938 0.1344 -0.6522
-0.7688 -0.1156 -0.5853
-0.7688 -0.0821 -0.5272
-0.8938 0.0384 -0.2772
-0.8938 0.0719 -0.3353
0.8938 -0.0531 0.3812
0.8938 -0.0866 0.5063
0.8938 0.0094 -0.6187
0.8938 0.1009 -0.7103
0.8938 0.0094 0.6313
0.8938 0.0429 0.5063
-0.8938 -0.0196 0.2562
-0.8938 -0.0866 0.2562
-0.8938 -0.1875 -0.6966
-0.8938 -0.1939 -0.7142
-0.7688 0.0429 0.7563
-0.8938 0.0429 0.7563
-0.8938 -0.0531 -0.1187
-0.8938 0.0384 -0.0272
-0.7688 -0.1446 0.2897
-0.8938 -0.1446 0.2897
-0.7688 0.0429 -0.7437
-0.7688 -0.0241 -0.7437
0.8938 0.0429 0.5063
0.7688 0.0429 0.5063
-0.8938 -0.0531 -0.1187
-0.8938 -0.1446 -0.0272
0.8938 -0.1781 0.0978
0.7688 -0.1781 0.0978
-0.8938 -0.0531 -0.3688
-0.8938 0.0719 -0.4022
0.8938 -0.0531 -0.1187
0.8938 0.0719 -0.0853
-0.7688 -0.1781 -0.3353
-0.7688 -0.1446 -0.2772
-0.8938 0.0901 0.4596
-0.8938 0.1548 0.7011
-0.8938 0.0384 0.4728
-0.8938 0.0719 0.4147
-0.8938 -0.0531 0.1312
-0.8938 -0.0866 0.0063
0.8938 -0.0531 -0.1187
0.8938 -0.0866 0.0063
0.8938 -0.0531 -0.3688
0.8938 0.0384 -0.4603
-0.8938 -0.0196 -0.2438
-0.8938 -0.0866 -0.2438
0.8938 -0.1875 -0.6966
0.8938 0.0122 -0.7693
0.8938 0.1084 -0.4500
0.7688 0.1084 -0.4500
0.8938 0.0906 -0.4563
0.7688 0.0906 -0.4563
0.8938 -0.0531 0.1312
0.8938 -0.1446 0.0397
-0.8938 0.0122 0.7693
-0.8938 0.0057 0.7869
-0.7688 -0.1446 -0.2103
-0.8938 -0.1446 -0.2103
-0.7688 -0.0196 -0.4938
-0.7688 -0.0866 -0.4938
0.7688 0.1729 0.6962
0.7688 0.1548 0.7011
-0.8938 -0.0531 0.3812
-0.8938 0.0719 0.3478
0.8938 -0.1156 0.5978
0.7688 -0.1156 0.5978
-0.7688 0.0122 0.7693
-0.7688 -0.1875 0.6966
-0.8938 0.0048 -0.7889
-0.8938 -0.0040 -0.7723
-0.8938 0.0384 -0.0272
-0.8938 0.0719 -0.0853
-0.8938 0.0094 -0.6187
-0.8938 0.0429 -0.7437
-0.8938 0.0094 0.6313
-0.8938 -0.0241 0.5063
0.8938 -0.0531 0.3812
0.8938 0.0384 0.2897
0.7688 0.0057 0.7869
0.8938 0.0057 0.7869
-0.8938 -0.1156 -0.6522
-0.8938 -0.1156 -0.5853
0.7688 0.0906 -0.4563
0.7688 0.0906 0.4563
0.8938 0.0094 -0.6187
0.8938 -0.0241 -0.7437
-0.8938 0.1703 -0.7009
-0.8938 0.1615 -0.6843
0.8938 0.0094 0.6313
0.8938 -0.0821 0.5397
-0.7688 0.1009 0.5397
-0.8938 0.1009 0.5397
-0.7688 -0.1446 0.0397
-0.8938 -0.1446 0.0397
-0.7688 -0.0866 0.5063
-0.8938 -0.0866 0.5063
-0.8938 -0.0531 -0.1187
-0.8938 0.0719 -0.1522
-0.7688 0.1009 -0.5272
-0.8938 0.1009 -0.5272
0.7688 -0.0196 0.0063
0.7688 -0.0866 0.0063
0.8938 -0.1446 -0.2772
0.8938 -0.0866 -0.2438
-0.8938 0.1442 -0.6982
-0.8938 0.0901 -0.4541
-0.8938 -0.0531 -0.3688
-0.8938 -0.0196 -0.4938
0.8938 -0.0531 -0.1187
0.8938 0.0384 -0.2103
0.8938 -0.0241 -0.7437
0.7688 -0.0241 -0.7437
0.7688 -0.0866 -0.2438
0.7688 -0.1446 -0.2103
-0.8938 -0.0531 0.1312
-0.8938 -0.1781 0.0978
0.8938 -0.0531 -0.3688
0.8938 -0.0866 -0.4938
0.8938 -0.0531 0.1312
0.8938 -0.0196 0.2562
0.8938 0.1703 -0.7009
0.8938 0.0048 -0.7889
0.8938 -0.1875 -0.6966
0.7688 -0.1875 -0.6966
-0.7688 -0.0821 0.5397
-0.8938 -0.0821 0.5397
0.8938 -0.0040 -0.7723
0.7688 -0.0040 -0.7723
0.8938 -0.0531 0.1312
0.8938 -0.1781 0.1647
-0.7688 -0.0866 0.0063
-0.8938 -0.0866 0.0063
-0.7688 0.0384 -0.2772
-0.8938 0.0384 -0.2772
0.7688 -0.0196 0.2562
0.7688 -0.0866 0.2562
0.8938 -0.1446 0.4728
0.8938 -0.0866 0.5063
-0.8938 0.1094 -0.4563
-0.8938 0.1094 0.4563
-0.7688 0.0048 0.7889
-0.7688 -0.0040 0.7723
-0.8938 -0.0531 0.3812
-0.8938 -0.0196 0.2562
0.7688 0.0719 -0.0853
0.7688 0.0719 -0.1522
-0.8938 0.0122 -0.7693
-0.8938 -0.1875 -0.6966
0.8938 -0.0866 -0.4938
0.7688 -0.0866 -0.4938
0.7688 -0.1156 -0.5853
0.7688 -0.0821 -0.5272
-0.8938 0.0094 0.6313
-0.8938 -0.1156 0.5978
0.8938 0.0057 -0.7869
0.7688 0.0057 -0.7869
-0.7688 0.0094 -0.6187
-0.7688 0.0429 -0.7437
0.8938 0.0094 0.6313
0.8938 0.0429 0.7563
0.7688 -0.1969 -0.7063
0.7688 -0.1969 0.7063
0.7688 -0.0040 -0.7723
0.7688 0.1615 -0.6843
-0.8938 -0.0821 0.7228
-0.8938 -0.0241 0.7563
0.8938 0.1082 0.4547
0.7688 0.1082 0.4547
0.8938 0.0094 0.6313
0.8938 -0.1156 0.6647
0.8938 -0.0866 0.2562
0.8938 -0.1446 0.2897
-0.7688 -0.0866 0.2562
-0.8938 -0.0866 0.2562
-0.7688 0.0384 0.4728
-0.8938 0.0384 0.4728
0.7688 0.0429 0.7563
0.7688 -0.0241 0.7563
0.8938 -0.1446 -0.0272
0.8938 -0.0866 0.0063
0.7688 0.1082 0.4547
0.7688 0.0901 0.4596
-0.7688 0.0429 -0.7437
-0.8938 0.0429 -0.7437
-0.8938 -0.0531 -0.1187
-0.8938 -0.0196 -0.2438
0.7688 0.0719 0.1647
0.7688 0.0719 0.0978
-0.7688 -0.1969 0.7063
-0.7688 -0.1969 -0.7063
0.7688 -0.1781 -0.3353
0.7688 -0.1446 -0.2772
-0.8938 -0.0531 0.1312
-0.8938 0.0384 0.2228
0.8938 -0.1781 -0.7063
0.7688 -0.1781 -0.7063
-0.7688 -0.0531 -0.3688
-0.7688 -0.0196 -0.4938
0.7688 -0.0196 -0.2438
0.7688 0.0384 -0.2772
0.8938 0.1703 0.7009
0.8938 0.1615 0.6843
-0.8938 -0.0531 0.1312
-0.8938 -0.1446 0.2228
0.8938 -0.0531 0.1312
0.8938 0.0719 0.1647
0.8938 -0.0866 -0.2438
0.8938 -0.1446 -0.2103
-0.7688 -0.0241 0.7563
-0.8938 -0.0241 0.7563
0.8938 -0.1446 0.2228
0.8938 -0.0866 0.2562
-0.7688 -0.0196 -0.4938
-0.8938 -0.0196 -0.4938
0.7688 0.1344 0.6647
0.7688 0.1344 0.5978
-0.7688 0.0122 -0.7693
-0.8938 0.0122 -0.7693
-0.8938 0.0048 -0.7889
-0.8938 0.1703 -0.7009
0.7688 -0.1781 0.4147
0.7688 -0.1446 0.4728
-0.8938 0.0094 0.6313
-0.8938 0.1009 0.7228
-0.7688 -0.0531 0.3812
-0.7688 -0.0196 0.2562
-0.7688 -0.0196 0.2562
-0.7688 -0.0866 0.2562
0.7688 -0.0196 0.5063
0.7688 0.0384 0.4728
-0.8938 0.0094 0.6313
-0.8938 -0.0821 0.7228
0.7688 0.1969 0.7563
0.7688 0.1969 -0.7437
-0.7688 0.0094 -0.6187
-0.7688 -0.0821 -0.7103
0.8938 0.0094 0.6313
0.8938 0.1344 0.6647
0.8938 -0.0866 0.0063
0.8938 -0.1446 0.0397
-0.8938 0.0384 0.2228
-0.8938 0.0719 0.1647
0.8938 0.0719 0.4147
0.7688 0.0719 0.4147
0.8938 -0.0821 0.7228
0.8938 -0.0241 0.7563
0.8938 0.0429 -0.4938
0.8938 0.1009 -0.5272
-0.7688 -0.0531 -0.1187
-0.7688 -0.1446 -0.0272
-0.8938 -0.1781 -0.4022
-0.8938 -0.1781 -0.3353
0.7688 0.1625 -0.6941
0.7688 0.1442 -0.6982
0.7688 -0.1781 -0.7063
0.7688 -0.1781 0.7063
-0.7688 0.1548 0.7011
-0.7688 0.0901 0.4596
-0.7688 -0.1969 0.7063
-0.8938 -0.1969 0.7063
0.7688 -0.1781 -0.0853
0.7688 -0.1446 -0.0272
-0.7688 -0.0196 -0.2438
-0.7688 -0.0866 -0.2438
0.7688 0.0429 -0.4938
0.7688 0.1009 -0.5272
0.8938 0.1094 -0.4563
0.8938 0.0906 -0.4563
-0.8938 -0.0531 0.1312
-0.8938 0.0719 0.0978
-0.7688 -0.0531 -0.3688
-0.7688 -0.1446 -0.4603
0.8938 -0.0241 0.5063
0.8938 -0.0821 0.5397
-0.8938 -0.1875 0.6966
-0.8938 -0.1939 0.7142
-0.8938 0.1009 0.7228
-0.8938 0.1344 0.6647
0.8938 0.0719 -0.0853
0.7688 0.0719 -0.0853
0.8938 -0.0531 0.1312
0.8938 0.0384 0.0397
0.8938 -0.0196 -0.2438
0.8938 0.0384 -0.2772
-0.7688 -0.0531 0.1312
-0.7688 -0.1446 0.2228
-0.8938 -0.1781 0.3478
-0.8938 -0.1781 0.4147
0.8938 -0.1156 -0.5853
0.7688 -0.1156 -0.5853
-0.7688 0.1625 -0.6941
-0.7688 0.1442 -0.6982
