-0.3733 -0.6616 -0.2500
-0.8733 -0.6616 -0.2500
-0.4608 -0.1991 -0.2500
-0.4608 -0.4241 -0.2500
-0.4608 -0.1991 0.2500
-0.4608 -0.4241 0.2500
-1.0809 -0.6616 -0.4575
-1.2483 -0.6616 -0.1675
1.2483 0.5461 -0.0625
1.2005 0.6616 -0.0625
-0.6233 -0.6616 0.0000
-0.1658 -0.6616 -0.4575
-0.3733 -0.4116 0.2500
-0.8733 -0.4116 0.2500
-0.8733 -0.0616 0.2500
-0.8733 -0.0616 0.0500
-0.4608 -0.1991 0.2500
-0.4608 -0.1991 -0.2500
-1.2483 -0.6616 -0.1675
-1.2483 -0.6616 0.1675
-0.6233 -0.6616 0.0000
-0.7908 -0.6616 -0.6250
-0.5994 -0.2193 0.0625
-0.6473 -0.1038 0.0625
-0.3733 -0.6616 0.2500
-0.3733 -0.6616 -0.2500
-0.5358 -0.4241 0.2500
-0.4608 -0.4241 0.2500
-0.5994 -0.2193 -0.0625
-0.6473 -0.1038 -0.0625
1.2005 0.6616 0.0625
-0.6473 -0.1038 0.0625
-0.6233 -0.6616 0.0000
-1.2483 -0.6616 -0.1675
0.3268 0.1903 -0.1125
0.2981 0.2596 -0.1125
1.2483 0.5461 0.0625
1.2005 0.6616 0.0625
-0.6233 -0.6616 0.0000
-0.1658 -0.6616 0.4575
-0.5970 -0.1924 -0.0375
-0.6257 -0.1231 -0.0375
-0.5358 -0.1991 -0.2500
-0.4608 -0.1991 -0.2500
-0.4559 -0.6616 0.6250
-0.7908 -0.6616 0.6250
-0.3733 -0.4116 0.2500
-0.3733 -0.4116 -0.2500
-0.5358 -0.1991 0.2500
-0.4608 -0.1991 0.2500
0.2981 0.2596 -0.0375
-0.6257 -0.1231 -0.0375
-0.5358 -0.4241 -0.2500
-0.4608 -0.4241 -0.2500
0.3268 0.1903 -0.0375
-0.5970 -0.1924 -0.0375
-0.5994 -0.2193 0.0625
-0.5994 -0.2193 -0.0625
-0.8733 -0.6616 0.2500
-0.8733 -0.6616 -0.2500
0.3268 0.1903 -0.0375
0.2981 0.2596 -0.0375
1.2005 0.6616 0.0625
1.2005 0.6616 -0.0625
1.2483 0.5461 0.0625
1.2483 0.5461 -0.0625
-0.3733 -0.4116 -0.2500
-0.3733 -0.6616 -0.2500
-0.5970 -0.1924 -0.0375
-0.5970 -0.1924 -0.1125
-0.3733 -0.4116 0.0500
-0.8733 -0.4116 0.0500
-0.8733 -0.4116 0.2500
-0.8733 -0.4116 -0.2500
-0.6473 -0.1038 0.0625
-0.6473 -0.1038 -0.0625
-0.6233 -0.6616 0.0000
-1.0809 -0.6616 0.4575
-0.3733 -0.0616 0.2500
-0.3733 -0.4116 0.2500
-0.5970 -0.1924 -0.1125
-0.6257 -0.1231 -0.1125
-0.1658 -0.6616 -0.4575
-0.4559 -0.6616 -0.6250
-0.3733 -0.0616 0.0500
-0.3733 -0.4116 0.0500
-0.3733 -0.4116 -0.2500
-0.8733 -0.4116 -0.2500
-0.4559 -0.6616 0.6250
-0.1658 -0.6616 0.4575
-0.6233 -0.6616 0.0000
0.0017 -0.6616 -0.1675
0.2981 0.2596 -0.1125
-0.6257 -0.1231 -0.1125
-0.3733 -0.0616 0.2500
-0.8733 -0.0616 0.2500
-0.5358 -0.4241 0.2500
-0.5358 -0.4241 -0.2500
0.3268 0.1903 -0.0375
0.3268 0.1903 -0.1125
-0.3733 -0.0616 0.0500
-0.8733 -0.0616 0.0500
-0.3733 -0.4116 0.2500
-0.8733 -0.4116 0.2500
-0.6233 -0.6616 0.0000
-0.4559 -0.6616 -0.6250
-0.1658 -0.6616 0.4575
0.0017 -0.6616 0.1675
-0.5358 -0.1991 0.2500
-0.5358 -0.4241 0.2500
-0.8733 -0.0616 0.2500
-0.8733 -0.4116 0.2500
0.0017 -0.6616 0.1675
0.0017 -0.6616 -0.1675
-0.8733 -0.4116 -0.2500
-0.8733 -0.6616 -0.2500
-0.6257 -0.1231 -0.0375
-0.6257 -0.1231 -0.1125
-0.6233 -0.6616 0.0000
-1.0809 -0.6616 -0.4575
-0.5358 -0.1991 0.2500
-0.5358 -0.1991 -0.2500
-0.8733 -0.0616 0.0500
-0.8733 -0.4116 0.0500
0.0017 -0.6616 -0.1675
-0.1658 -0.6616 -0.4575
-0.6233 -0.6616 0.0000
-0.4559 -0.6616 0.6250
-1.2483 -0.6616 0.1675
-1.0809 -0.6616 0.4575
-0.6233 -0.6616 0.0000
-1.2483 -0.6616 0.1675
-0.3733 -0.0616 0.2500
-0.3733 -0.0616 0.0500
0.3268 0.1903 -0.1125
-0.5970 -0.1924 -0.1125
-0.4559 -0.6616 -0.6250
-0.7908 -0.6616 -0.6250
-0.3733 -0.6616 0.2500
-0.8733 -0.6616 0.2500
0.2981 0.2596 -0.0375
0.2981 0.2596 -0.1125
1.2005 0.6616 -0.0625
-0.6473 -0.1038 -0.0625
-0.8733 -0.4116 0.2500
-0.8733 -0.4116 0.0500
1.2483 0.5461 0.0625
-0.5994 -0.2193 0.0625
1.2483 0.5461 -0.0625
-0.5994 -0.2193 -0.0625
-0.3733 -0.4116 0.2500
-0.3733 -0.4116 0.0500
-0.6233 -0.6616 0.0000
0.0017 -0.6616 0.1675
-0.8733 -0.4116 0.2500
-0.8733 -0.6616 0.2500
-0.4608 -0.4241 0.2500
-0.4608 -0.4241 -0.2500
-0.5358 -0.1991 -0.2500
-0.5358 -0.4241 -0.2500
-1.0809 -0.6616 0.4575
-0.7908 -0.6616 0.6250
-0.6233 -0.6616 0.0000
-0.7908 -0.6616 0.6250
-0.3733 -0.4116 0.2500
-0.3733 -0.6616 0.2500
-0.7908 -0.6616 -0.6250
-1.0809 -0.6616 -0.4575
