1.2969 -0.0852 0.6645
1.2969 -0.1271 0.7370
-1.2969 -0.2415 -0.0024
-1.2969 -0.1996 0.1539
-1.2031 -0.2833 0.7789
-1.2031 -0.3559 0.7370
-1.3125 -0.0702 -0.6826
-1.3125 0.1633 -0.9761
1.2969 -0.3977 -0.6693
1.2969 -0.3559 -0.7418
-1.2031 -0.1271 -0.4293
-1.2031 -0.0852 -0.3568
1.3125 -0.3821 -0.7836
1.3125 -0.4134 -0.7836
-1.3125 -0.4134 -0.7836
-1.1875 -0.4134 -0.7836
1.2031 -0.3977 0.6645
1.2969 -0.3977 0.6645
1.2969 -0.2415 -0.6274
1.2969 -0.1996 -0.4711
1.2031 -0.2415 0.9351
1.2031 -0.3559 0.8207
-1.2969 -0.3977 0.2682
-1.2969 -0.3559 0.1957
-1.2969 -0.2415 -0.6274
-1.2969 -0.0852 -0.6693
1.2031 -0.1996 -0.1586
1.2969 -0.1996 -0.1586
-1.2969 -0.2415 0.9351
-1.2969 -0.0852 0.9770
1.2031 -0.3559 -0.7418
1.2031 -0.2833 -0.7836
1.2031 -0.0852 -0.2730
1.2969 -0.0852 -0.2730
-1.2969 -0.2415 0.3101
-1.2969 -0.3977 0.3520
-1.3125 -0.0696 -0.7211
-1.1875 -0.0696 -0.7211
-1.2969 -0.1271 -0.5130
-1.2969 -0.1996 -0.4711
1.3125 -0.1009 1.1539
1.3125 -0.1009 -0.7211
-1.2969 -0.2415 0.3101
-1.2969 -0.1996 0.4664
-1.2031 -0.2833 1.0914
-1.2031 -0.3559 1.0495
-1.2969 -0.2415 -0.3149
-1.2969 -0.3559 -0.4293
-1.2031 -0.0852 0.6645
-1.2969 -0.0852 0.6645
-1.2031 -0.1271 -0.1168
-1.2031 -0.0852 -0.0443
-1.3125 0.1281 -0.9500
-1.1875 0.1281 -0.9500
1.2969 0.0292 -1.0543
1.2969 0.0710 -0.9818
-1.2031 -0.3977 -0.6693
-1.2969 -0.3977 -0.6693
1.2031 -0.3977 0.9770
1.2969 -0.3977 0.9770
1.2969 -0.0852 -0.9399
1.2969 -0.1996 -1.0543
-1.1875 -0.0696 1.1539
-1.1875 -0.1009 1.1539
-1.2969 -0.3977 0.5807
-1.2969 -0.3559 0.5082
-1.2969 -0.0852 -0.9399
-1.2969 -0.1996 -0.8255
1.2031 -0.1996 0.1539
1.2969 -0.1996 0.1539
-1.2969 -0.2415 0.6226
-1.2969 -0.3977 0.6645
1.2031 -0.3559 -0.4293
1.2031 -0.2833 -0.4711
1.2031 -0.0852 0.0395
1.2969 -0.0852 0.0395
-0.3958 0.4148 0.2242
0.3958 0.4148 0.2242
-1.2969 -0.1271 -0.2005
-1.2969 -0.1996 -0.1586
1.2031 -0.1271 -0.7836
1.2969 -0.1271 -0.7836
-1.2969 -0.2415 0.6226
-1.2969 -0.1996 0.7789
1.3125 -0.0702 -0.6826
1.3125 -0.0946 -0.7021
-1.2969 -0.2415 -0.0024
-1.2969 -0.3559 -0.1168
-1.2031 -0.0852 -0.9399
-1.2031 0.0710 -0.9818
-1.1875 -0.0696 -0.7211
-1.1875 -0.1009 -0.7211
-1.3125 -0.0946 -0.7021
-1.1875 -0.0946 -0.7021
1.1875 0.1476 -0.9744
1.1875 -0.0970 -1.1690
-1.1875 -0.0970 -1.1690
-1.1875 -0.1165 -1.1445
-1.2031 -0.0852 0.9770
-1.2969 -0.0852 0.9770
-1.2031 -0.1271 0.1957
-1.2031 -0.0852 0.2682
-1.3125 -0.4134 1.1695
-1.1875 -0.4134 1.1695
-1.1875 0.1648 -0.9868
-1.1875 -0.0852 -0.6352
-1.2031 -0.2833 0.1539
-1.2969 -0.2833 0.1539
-1.2031 -0.3977 -0.3568
-1.2969 -0.3977 -0.3568
-1.1875 0.1648 -0.9868
-0.3958 0.1648 -0.9868
1.2969 -0.2415 -0.6274
1.2969 -0.3559 -0.7418
-1.2031 -0.1996 -0.8255
-1.2031 -0.2415 -0.8980
-1.2969 -0.2415 -0.6274
-1.2969 -0.3559 -0.5130
1.2031 -0.1996 0.4664
1.2969 -0.1996 0.4664
-1.2969 -0.2415 0.9351
-1.2969 -0.3977 0.9770
-1.1875 -0.4134 1.1539
-1.1875 -0.4134 -0.7836
1.2031 -0.0852 0.3520
1.2969 -0.0852 0.3520
-0.3958 0.1648 -0.9868
-0.3958 -0.1009 -1.1586
-1.2969 -0.1271 0.1120
-1.2969 -0.1996 0.1539
1.2031 -0.2833 -0.4711
1.2969 -0.2833 -0.4711
-1.2969 -0.2415 0.9351
-1.2969 -0.1996 1.0914
-1.2969 -0.2415 0.3101
-1.2969 -0.3559 0.1957
-1.3125 -0.0696 1.1539
-1.1875 -0.0696 1.1539
-1.2969 -0.1996 -0.8255
-1.2969 -0.2415 -0.8980
1.2969 -0.2415 -0.3149
1.2969 -0.0852 -0.2730
-1.3125 -0.4148 -0.7782
-1.3125 -0.1035 -1.1695
-1.2969 -0.2415 -0.3149
-1.2969 -0.1996 -0.4711
-1.1875 -0.3040 -0.4399
-1.1875 -0.3040 -0.8227
0.3958 0.1648 -0.9868
0.3958 -0.1009 -1.1586
-1.2031 -0.2833 0.4664
-1.2969 -0.2833 0.4664
-1.2031 -0.3977 -0.0443
-1.2969 -0.3977 -0.0443
-1.2031 -0.1271 -0.7418
-1.2969 -0.1271 -0.7418
1.2031 -0.1996 0.7789
1.2969 -0.1996 0.7789
-1.1875 -0.4134 1.1695
-1.1875 -0.4134 1.1382
-1.2031 0.0292 -0.8255
-1.2969 0.0292 -0.8255
1.2969 -0.0852 -0.9399
1.2969 -0.0434 -1.0961
-1.1875 -0.0852 0.2242
-1.1875 -0.3040 0.2242
1.2031 -0.2833 -0.1586
1.2969 -0.2833 -0.1586
-1.2969 -0.2415 0.6226
-1.2969 -0.3559 0.5082
-1.2031 -0.0852 -0.9399
-1.2031 -0.1996 -0.8255
-1.2969 -0.3559 -0.5130
-1.2969 -0.3977 -0.5855
1.2969 -0.2415 -0.0024
1.2969 -0.0852 0.0395
1.3125 -0.3821 1.1539
1.3125 -0.3821 -0.7836
-1.2969 -0.2415 -0.0024
-1.2969 -0.1996 -0.1586
-1.2031 -0.0852 -0.9399
-1.2031 0.0292 -0.8255
-1.1875 0.1648 -0.9868
-1.1875 -0.1009 -1.1586
1.2031 -0.2833 0.1539
1.2031 -0.3559 0.1120
-1.2031 -0.2833 0.7789
-1.2969 -0.2833 0.7789
-1.2031 -0.3977 0.2682
-1.2969 -0.3977 0.2682
-1.2031 -0.2415 -0.6274
-1.2031 -0.1996 -0.7836
1.2031 0.0292 -1.0543
1.2031 0.0710 -0.9818
-1.2031 -0.1271 -0.4293
-1.2969 -0.1271 -0.4293
-1.2031 -0.1271 -1.0961
-1.2031 -0.0434 -1.0961
-1.2031 -0.1271 -0.5130
-1.2969 -0.1271 -0.5130
1.2969 -0.0852 0.9770
1.2969 -0.1271 1.0495
1.2969 -0.2415 -0.6274
1.2969 -0.1996 -0.7836
-1.2031 -0.3977 0.5807
-1.2031 -0.3559 0.5082
-1.1875 -0.0946 -0.7021
-1.1875 0.1388 -0.9956
-1.2969 -0.2415 0.9351
-1.2969 -0.3559 0.8207
-0.3958 -0.3040 0.2242
-0.3958 -0.3040 0.8882
1.2969 -0.3977 -0.3568
1.2969 -0.3559 -0.4293
1.2969 -0.2415 0.3101
1.2969 -0.0852 0.3520
1.2969 -0.2415 -0.3149
1.2969 -0.3977 -0.2730
-1.2969 -0.2415 0.3101
-1.2969 -0.1996 0.1539
1.1875 -0.3040 0.8882
0.3958 -0.3040 0.8882
1.2969 -0.2415 -0.3149
1.2969 -0.1996 -0.1586
1.2031 -0.2833 0.4664
1.2031 -0.3559 0.4245
-1.2031 -0.2833 1.0914
-1.2969 -0.2833 1.0914
-1.2969 -0.1996 0.1539
-1.2969 -0.1271 0.1957
-1.2031 -0.2415 -0.3149
-1.2031 -0.1996 -0.4711
1.2031 -0.1271 -0.7418
1.2031 -0.0852 -0.6693
-1.2031 -0.1271 -0.1168
-1.2969 -0.1271 -0.1168
-1.2031 -0.1271 -0.2005
-1.2969 -0.1271 -0.2005
-1.2031 -0.3977 0.8932
-1.2031 -0.3559 0.8207
-1.1875 -0.0696 1.1539
-1.1875 -0.0696 -0.7211
1.2969 -0.3977 -0.0443
1.2969 -0.3559 -0.1168
1.2969 -0.0852 -0.9399
1.2969 0.0710 -0.9818
1.3125 0.1388 -0.9956
1.1875 0.1388 -0.9956
1.2969 -0.2415 0.6226
1.2969 -0.0852 0.6645
1.2969 -0.2415 -0.0024
1.2969 -0.3977 0.0395
-1.2031 -0.1271 0.1120
-1.2031 -0.1996 0.1539
1.2969 -0.1271 -0.7418
1.2969 -0.0852 -0.6693
-1.2969 -0.2415 0.6226
-1.2969 -0.1996 0.4664
1.2969 0.0292 -0.8255
1.2969 -0.0434 -0.7836
-1.2031 -0.0852 -0.9399
-1.2031 -0.2415 -0.9818
1.2969 -0.2415 -0.0024
1.2969 -0.1996 0.1539
1.2031 -0.2833 0.7789
1.2031 -0.3559 0.7370
1.3125 -0.0702 -0.6826
1.3125 0.1633 -0.9761
-1.2969 -0.3977 0.8932
-1.2969 -0.3559 0.8207
-1.2969 -0.1996 0.4664
-1.2969 -0.1271 0.5082
1.2031 -0.3559 -0.1168
1.2031 -0.2833 -0.1586
-1.2031 -0.2415 -0.0024
-1.2031 -0.1996 -0.1586
1.2031 -0.1271 -0.4293
1.2031 -0.0852 -0.3568
-1.2031 -0.1271 0.1957
-1.2969 -0.1271 0.1957
1.1875 -0.3040 0.2242
0.3958 -0.3040 0.2242
-1.2031 -0.2415 -0.6274
-1.2031 -0.0852 -0.6693
-1.2031 -0.1996 -0.8255
-1.2969 -0.1996 -0.8255
1.2969 -0.3977 0.2682
1.2969 -0.3559 0.1957
1.2969 -0.2415 -0.6274
1.2969 -0.0852 -0.6693
1.3125 -0.0696 -0.7211
1.1875 -0.0696 -0.7211
1.2969 -0.2415 0.3101
1.2969 -0.3977 0.3520
-1.2031 -0.1271 0.5082
-1.2031 -0.0852 0.5807
1.1875 -0.3040 0.8882
1.1875 -0.3040 0.2242
-1.2031 -0.1271 0.4245
-1.2031 -0.1996 0.4664
1.2969 -0.1271 -0.4293
1.2969 -0.0852 -0.3568
-1.2969 -0.2415 0.9351
-1.2969 -0.1996 0.7789
-0.3958 0.1648 -0.9868
0.3958 0.1648 -0.9868
1.2969 -0.1271 -0.5130
1.2969 -0.1996 -0.4711
1.2969 -0.2415 0.3101
1.2969 -0.1996 0.4664
1.2031 -0.2833 1.0914
1.2031 -0.3559 1.0495
1.2969 -0.2415 -0.3149
1.2969 -0.3559 -0.4293
-1.2031 -0.3559 -0.5130
-1.2031 -0.3977 -0.5855
1.1875 -0.0852 1.1695
0.3958 -0.0852 1.1695
-1.2969 -0.1996 0.7789
-1.2969 -0.1271 0.8207
1.2031 -0.0852 0.6645
1.2969 -0.0852 0.6645
-1.2031 -0.2415 0.3101
-1.2031 -0.1996 0.1539
1.2031 -0.1271 -0.1168
1.2031 -0.0852 -0.0443
1.3125 0.1281 -0.9500
1.1875 0.1281 -0.9500
-1.1875 -0.0852 1.1695
-1.1875 -0.3040 1.1695
-1.2969 -0.1271 0.4245
-1.2969 -0.1996 0.4664
1.2031 -0.3977 -0.6693
1.2969 -0.3977 -0.6693
-1.2031 -0.2415 -0.3149
-1.2031 -0.0852 -0.3568
1.1875 -0.0696 1.1539
1.1875 -0.1009 1.1539
-1.2969 -0.1996 -1.0543
-1.2969 -0.1271 -1.0961
1.2969 -0.3977 0.5807
1.2969 -0.3559 0.5082
1.2969 -0.0852 -0.9399
1.2969 -0.1996 -0.8255
1.2969 -0.2415 0.6226
1.2969 -0.3977 0.6645
-1.2031 -0.1271 0.8207
-1.2031 -0.0852 0.8932
-1.2031 -0.1271 0.7370
-1.2031 -0.1996 0.7789
1.2969 -0.1271 -0.1168
1.2969 -0.0852 -0.0443
0.3958 -0.3040 -0.4399
0.3958 -0.3040 0.2242
1.2969 -0.1271 -0.2005
1.2969 -0.1996 -0.1586
1.2969 -0.2415 0.6226
1.2969 -0.1996 0.7789
1.2969 -0.2415 -0.0024
1.2969 -0.3559 -0.1168
1.2031 -0.0852 -0.9399
1.2031 0.0710 -0.9818
-1.2031 -0.3559 -0.2005
-1.2031 -0.3977 -0.2730
1.1875 -0.0696 -0.7211
1.1875 -0.1009 -0.7211
-1.1875 -0.3040 1.1695
-0.3958 -0.3040 1.1695
1.1875 -0.0970 -1.1690
1.1875 -0.1165 -1.1445
-1.2031 -0.0852 -0.9399
-1.2031 -0.1271 -1.0961
1.2031 -0.0852 0.9770
1.2969 -0.0852 0.9770
-1.2031 -0.2415 0.6226
-1.2031 -0.1996 0.4664
1.2031 -0.1271 0.1957
1.2031 -0.0852 0.2682
1.2969 -0.2415 0.9351
1.2969 -0.1271 0.8207
1.3125 -0.4134 1.1695
1.1875 -0.4134 1.1695
-1.2969 -0.1271 0.7370
-1.2969 -0.1996 0.7789
1.2031 -0.2833 0.1539
1.2969 -0.2833 0.1539
1.2031 -0.3977 -0.3568
1.2969 -0.3977 -0.3568
-1.2031 -0.2415 -0.0024
-1.2031 -0.0852 -0.0443
1.2031 -0.1996 -0.8255
1.2031 -0.2415 -0.8980
-1.2031 -0.2415 -0.6274
-1.2031 -0.3559 -0.5130
0.3958 0.4148 0.2242
0.3958 0.4148 0.8882
-1.2969 -0.3559 -0.7418
-1.2969 -0.2833 -0.7836
1.2969 -0.2415 -0.6274
1.2969 -0.3559 -0.5130
1.2031 0.0292 -1.0543
1.2969 0.0292 -1.0543
-1.2031 -0.2415 -0.6274
-1.2031 -0.1271 -0.5130
-1.2031 -0.1271 1.0495
-1.2031 -0.1996 1.0914
1.2969 -0.1271 0.1957
1.2969 -0.0852 0.2682
-1.2031 -0.2415 0.9351
-1.2031 -0.1996 1.0914
-1.2031 -0.3977 0.5807
-1.2969 -0.3977 0.5807
1.1875 -0.0852 0.2242
0.3958 0.4148 0.2242
1.2969 -0.2415 0.3101
1.2969 -0.3559 0.1957
-1.2031 -0.3559 0.1120
-1.2031 -0.3977 0.0395
1.2969 -0.1996 -0.8255
1.2969 -0.2415 -0.8980
-1.2031 -0.2833 -0.7836
-1.2031 -0.1996 -0.7836
1.3125 -0.4148 -0.7782
1.3125 -0.1035 -1.1695
1.2969 -0.2415 -0.3149
1.2969 -0.1996 -0.4711
-1.2031 0.0710 -0.9818
-1.2031 0.0710 -0.8980
-1.2969 -0.1271 1.0495
-1.2969 -0.1996 1.0914
1.2031 -0.2833 0.4664
1.2969 -0.2833 0.4664
1.2031 -0.3977 -0.0443
1.2969 -0.3977 -0.0443
-1.2031 -0.2415 0.3101
-1.2031 -0.0852 0.2682
-1.2031 -0.2415 -0.3149
-1.2031 -0.3559 -0.2005
-0.3958 -0.0852 1.1695
-0.3958 0.4148 0.8882
-1.2969 -0.3559 -0.4293
-1.2969 -0.2833 -0.4711
1.2031 -0.1271 -0.7418
1.2969 -0.1271 -0.7418
1.1875 -0.4134 1.1695
1.1875 -0.4134 1.1382
-1.2031 -0.2415 -0.3149
-1.2031 -0.1271 -0.2005
-1.2969 0.0710 -0.9818
-1.2969 0.0710 -0.8980
1.2969 -0.1271 0.5082
1.2969 -0.0852 0.5807
-1.3125 0.1633 -0.9761
-1.3125 0.1388 -0.9956
1.1875 -0.1009 -1.1586
1.1875 -0.3040 -0.8227
-1.2031 -0.3977 0.8932
-1.2969 -0.3977 0.8932
1.2969 -0.2415 0.6226
1.2969 -0.3559 0.5082
-1.2031 -0.3559 0.4245
-1.2031 -0.3977 0.3520
0.3958 -0.0852 1.1695
0.3958 0.4148 0.8882
1.2969 -0.3559 -0.5130
1.2969 -0.3977 -0.5855
-1.2031 -0.2833 -0.4711
-1.2031 -0.1996 -0.4711
-1.2031 -0.1271 0.1120
-1.2969 -0.1271 0.1120
1.2969 -0.2415 -0.0024
1.2969 -0.1996 -0.1586
-1.2031 -0.0852 -0.6693
-1.2031 -0.0852 -0.5855
1.2969 -0.2415 0.9351
1.2969 -0.2833 1.0914
1.2031 -0.0852 -0.9399
1.2031 0.0292 -0.8255
-1.1875 -0.0791 -1.1500
-1.1875 -0.1035 -1.1695
1.2031 -0.2833 0.7789
1.2969 -0.2833 0.7789
-1.2031 -0.0852 -0.9399
-1.2031 0.0292 -1.0543
-1.3125 -0.4134 1.1382
-1.3125 -0.0696 1.1382
1.2031 -0.3977 0.2682
1.2969 -0.3977 0.2682
-1.2031 -0.2415 0.6226
-1.2031 -0.0852 0.5807
-1.2031 -0.2415 -0.0024
-1.2031 -0.3559 0.1120
1.2969 -0.2415 0.9351
1.2969 -0.0852 0.9770
-1.1875 -0.1009 -1.1586
-1.1875 -0.3040 -0.8227
-1.2969 -0.3559 -0.1168
-1.2969 -0.2833 -0.1586
1.2031 -0.1271 -0.4293
1.2969 -0.1271 -0.4293
1.2031 -0.1271 -0.5130
1.2969 -0.1271 -0.5130
-1.2031 -0.2415 -0.0024
-1.2031 -0.1271 0.1120
-1.2031 -0.2415 0.9351
-1.2031 -0.3559 0.8207
-1.2031 -0.2415 -0.6274
-1.2031 -0.3977 -0.6693
-1.2969 -0.0852 -0.6693
-1.2969 -0.0852 -0.5855
1.2031 -0.3977 0.5807
1.2031 -0.3559 0.5082
1.1875 -0.0946 -0.7021
1.1875 0.1388 -0.9956
-1.2031 -0.3559 0.7370
-1.2031 -0.3977 0.6645
1.1875 -0.0852 1.1695
1.1875 -0.0852 0.8882
-1.2031 -0.2833 -0.1586
-1.2031 -0.1996 -0.1586
-1.2031 -0.1271 0.4245
-1.2969 -0.1271 0.4245
1.2969 -0.2415 0.3101
1.2969 -0.1996 0.1539
-1.2031 -0.0852 -0.3568
-1.2031 -0.0852 -0.2730
-1.2031 -0.3559 -0.5130
-1.2969 -0.3559 -0.5130
1.2031 -0.2833 1.0914
1.2969 -0.2833 1.0914
-1.3125 -0.0696 1.1539
-1.3125 -0.1009 1.1539
-1.2031 -0.1996 -1.0543
-1.2969 -0.1996 -1.0543
-1.2031 -0.2415 0.3101
-1.2031 -0.3559 0.4245
-1.3125 0.1476 -0.9744
-1.3125 0.1281 -0.9500
-0.3958 0.4148 -0.4399
-0.3958 0.4148 -0.6352
-1.3125 -0.1009 -0.7211
-1.1875 -0.1009 -0.7211
1.2031 -0.1271 -0.1168
1.2969 -0.1271 -0.1168
-1.2031 -0.2415 0.3101
-1.2031 -0.1271 0.4245
-1.2031 -0.2415 -0.3149
-1.2031 -0.3977 -0.3568
-1.2969 -0.0852 -0.3568
-1.2969 -0.0852 -0.2730
-1.3125 -0.0791 -1.1500
-1.1875 -0.0791 -1.1500
1.2031 -0.3977 0.8932
1.2031 -0.3559 0.8207
1.1875 -0.0696 1.1539
1.1875 -0.0696 -0.7211
-1.3125 -0.0970 -1.1690
-1.3125 -0.1165 -1.1445
1.1875 -0.0852 -0.4399
0.3958 0.4148 -0.4399
-1.2031 -0.2833 0.1539
-1.2031 -0.1996 0.1539
-1.2031 -0.1271 0.7370
-1.2969 -0.1271 0.7370
1.2969 -0.2415 0.6226
1.2969 -0.1996 0.4664
1.2031 -0.0852 -0.9399
1.2031 -0.2415 -0.9818
-1.2031 -0.3559 -0.2005
-1.2969 -0.3559 -0.2005
-1.2031 -0.0852 -0.9399
-1.2031 -0.1271 -0.7836
-1.2031 -0.3559 -0.7418
-1.2969 -0.3559 -0.7418
1.2969 -0.3977 0.8932
1.2969 -0.3559 0.8207
-1.2031 -0.2415 0.6226
-1.2031 -0.3559 0.7370
1.2969 -0.2415 0.9351
1.2969 -0.3977 0.9770
1.2969 -0.1996 0.4664
1.2969 -0.1271 0.5082
1.2031 -0.2415 -0.0024
1.2031 -0.1996 -0.1586
-1.3125 -0.4134 1.1539
-1.3125 -0.4134 -0.7836
1.2031 -0.1271 0.1957
1.2969 -0.1271 0.1957
1.2969 -0.1271 0.1120
1.2969 -0.1996 0.1539
-1.2031 -0.2415 0.6226
-1.2031 -0.1271 0.7370
-1.2031 -0.2415 -0.0024
-1.2031 -0.3977 -0.0443
1.2969 -0.2415 0.9351
1.2969 -0.1996 1.0914
-1.2969 -0.0852 -0.0443
-1.2969 -0.0852 0.0395
1.2031 -0.2415 -0.6274
1.2031 -0.0852 -0.6693
1.2031 -0.1996 -0.8255
1.2969 -0.1996 -0.8255
-1.2031 -0.2415 -0.6274
-1.2031 -0.2833 -0.7836
-1.2031 -0.2415 0.9351
-1.2031 -0.1996 0.7789
1.2031 -0.1271 0.5082
1.2031 -0.0852 0.5807
-1.2031 -0.1271 1.0495
-1.2969 -0.1271 1.0495
1.2031 -0.3559 -0.5130
1.2031 -0.3977 -0.5855
-1.2031 -0.3559 0.1120
-1.2969 -0.3559 0.1120
-1.2031 -0.3559 -0.4293
-1.2969 -0.3559 -0.4293
1.2969 -0.2415 -0.3149
1.2969 -0.3559 -0.2005
1.2969 -0.1996 0.7789
1.2969 -0.1271 0.8207
1.2031 -0.2415 0.3101
1.2031 -0.1996 0.1539
-1.1875 -0.3903 -0.7587
-1.1875 -0.4148 -0.7782
-1.2031 0.0710 -0.9818
-1.2969 0.0710 -0.9818
1.2969 -0.1271 0.4245
1.2969 -0.1996 0.4664
-1.2031 -0.2415 0.3101
-1.2031 -0.3977 0.2682
1.2031 -0.2415 -0.3149
1.2031 -0.0852 -0.3568
-1.2031 -0.3559 -0.1168
-1.2031 -0.2833 -0.1586
-0.3958 -0.0852 1.1695
0.3958 -0.0852 1.1695
1.2969 -0.1996 -1.0543
1.2969 -0.1271 -1.0961
-1.2031 -0.2415 -0.3149
-1.2031 -0.2833 -0.4711
1.2031 -0.1271 0.8207
1.2031 -0.0852 0.8932
1.2031 -0.2415 0.6226
1.2031 -0.1996 0.7789
-1.2969 -0.2833 0.7789
-1.2969 -0.3559 0.7370
1.1875 -0.0852 -0.4399
1.1875 -0.0852 -0.6352
1.2031 -0.3559 -0.2005
1.2031 -0.3977 -0.2730
-1.2031 -0.3559 0.4245
-1.2969 -0.3559 0.4245
1.2969 -0.2415 -0.0024
1.2969 -0.3559 0.1120
-1.2969 -0.1271 -0.4293
-1.2969 -0.0852 -0.3568
1.2031 -0.0852 -0.9399
1.2031 -0.1271 -1.0961
1.2031 -0.1271 -1.0961
1.2031 -0.0434 -1.0961
-1.2031 -0.0852 -0.6693
-1.2969 -0.0852 -0.6693
1.2969 -0.1271 0.7370
1.2969 -0.1996 0.7789
-1.2031 -0.2415 0.6226
-1.2031 -0.3977 0.5807
1.2969 -0.2415 0.9351
1.2969 -0.3559 0.8207
1.2031 -0.2415 -0.0024
1.2031 -0.0852 -0.0443
1.2031 -0.2415 -0.6274
1.2031 -0.3559 -0.5130
1.2969 -0.3559 -0.2005
1.2969 -0.3977 -0.2730
-1.2031 -0.3559 0.1957
-1.2031 -0.2833 0.1539
1.1875 -0.3040 0.2242
1.1875 -0.0852 0.2242
1.2969 -0.3559 -0.7418
1.2969 -0.2833 -0.7836
-1.2031 -0.2415 -0.0024
-1.2031 -0.2833 -0.1586
1.2031 -0.2415 -0.6274
1.2031 -0.1271 -0.5130
-1.3125 -0.3903 -0.7587
-1.1875 -0.3903 -0.7587
1.2031 -0.2415 0.9351
1.2031 -0.1996 1.0914
-1.2969 -0.2833 1.0914
-1.2969 -0.3559 1.0495
1.2031 -0.3977 0.5807
1.2969 -0.3977 0.5807
-1.2031 -0.2415 0.9351
-1.2031 -0.0852 0.8932
1.2031 -0.3559 0.1120
1.2031 -0.3977 0.0395
-1.2031 -0.3559 0.7370
-1.2969 -0.3559 0.7370
-1.2969 -0.3559 0.1957
-1.2969 -0.2833 0.1539
-1.2969 -0.1271 -0.1168
-1.2969 -0.0852 -0.0443
1.2031 -0.2833 -0.7836
1.2031 -0.1996 -0.7836
1.2031 -0.1271 -0.2005
1.2969 -0.1271 -0.2005
-1.1875 -0.0852 0.8882
-0.3958 0.4148 0.8882
1.2031 0.0710 -0.9818
1.2031 0.0710 -0.8980
-1.2031 -0.0852 -0.3568
-1.2969 -0.0852 -0.3568
1.2969 -0.1271 1.0495
1.2969 -0.1996 1.0914
-1.2031 -0.3559 1.0495
-1.2031 -0.3977 0.9770
1.2031 -0.2415 0.3101
1.2031 -0.0852 0.2682
1.2031 -0.2415 -0.3149
1.2031 -0.3559 -0.2005
1.2969 -0.3559 0.1120
1.2969 -0.3977 0.0395
-1.2031 -0.3559 0.5082
-1.2031 -0.2833 0.4664
-1.3125 0.1476 -0.9744
-1.3125 -0.0970 -1.1690
1.2969 -0.3559 -0.4293
1.2969 -0.2833 -0.4711
-1.2031 -0.2415 0.3101
-1.2031 -0.2833 0.1539
-1.1875 -0.0852 -0.4399
-0.3958 0.4148 -0.4399
-1.2031 -0.0852 -0.0443
-1.2031 -0.0852 0.0395
-0.3958 0.4148 -0.4399
0.3958 0.4148 -0.4399
1.2031 -0.2415 -0.3149
1.2031 -0.1271 -0.2005
1.2969 0.0710 -0.9818
1.2969 0.0710 -0.8980
1.1875 -0.3040 1.1695
0.3958 -0.3040 1.1695
1.3125 0.1633 -0.9761
1.3125 0.1388 -0.9956
1.2031 -0.3977 0.8932
1.2969 -0.3977 0.8932
1.2031 -0.3559 0.4245
1.2031 -0.3977 0.3520
-1.2969 -0.3559 0.5082
-1.2969 -0.2833 0.4664
-1.2969 -0.1271 0.1957
-1.2969 -0.0852 0.2682
1.2031 -0.2833 -0.4711
1.2031 -0.1996 -0.4711
1.2031 -0.1271 0.1120
1.2969 -0.1271 0.1120
1.2031 -0.0852 -0.6693
1.2031 -0.0852 -0.5855
1.1875 -0.0791 -1.1500
1.1875 -0.1035 -1.1695
1.2031 -0.0852 -0.9399
1.2031 0.0292 -1.0543
1.2031 -0.2415 -0.0024
1.2031 -0.3559 0.1120
-1.2031 -0.3559 0.8207
-1.2031 -0.2833 0.7789
1.2969 -0.3559 0.4245
1.2969 -0.3977 0.3520
1.2969 -0.3559 -0.1168
1.2969 -0.2833 -0.1586
-1.2031 -0.2415 0.6226
-1.2031 -0.2833 0.4664
-1.2031 -0.0852 0.2682
-1.2031 -0.0852 0.3520
1.2031 -0.2415 -0.0024
1.2031 -0.1271 0.1120
1.2031 -0.2415 -0.6274
1.2031 -0.3977 -0.6693
1.2969 -0.0852 -0.6693
1.2969 -0.0852 -0.5855
-1.2031 -0.2415 0.9351
-1.2031 -0.3559 1.0495
-1.2031 -0.2415 -0.8980
-1.2031 -0.2415 -0.9818
-1.2969 -0.3559 0.8207
-1.2969 -0.2833 0.7789
1.2031 -0.1271 0.5082
1.2969 -0.1271 0.5082
-1.2969 -0.1271 0.5082
-1.2969 -0.0852 0.5807
1.2031 -0.2833 -0.1586
1.2031 -0.1996 -0.1586
1.2031 -0.1271 0.4245
1.2969 -0.1271 0.4245
-1.2031 -0.2415 0.9351
-1.2031 -0.1271 1.0495
-0.3958 -0.1009 -1.1586
-0.3958 -0.3040 -0.8227
1.2031 -0.3559 -0.5130
1.2969 -0.3559 -0.5130
1.3125 -0.0696 1.1539
1.3125 -0.1009 1.1539
-1.3125 -0.1009 1.1539
-1.1875 -0.1009 1.1539
1.2031 -0.2415 0.3101
1.2031 -0.3559 0.4245
1.3125 0.1476 -0.9744
1.3125 0.1281 -0.9500
1.2969 -0.3559 0.7370
1.2969 -0.3977 0.6645
-1.1875 -0.0696 1.1695
-1.1875 -0.0696 1.1382
1.1875 -0.3040 1.1695
1.1875 -0.3040 0.8882
-1.1875 -0.3903 -0.7587
-1.1875 -0.0791 -1.1500
-1.2031 -0.0852 0.5807
-1.2031 -0.0852 0.6645
1.2031 -0.2415 0.3101
1.2031 -0.1271 0.4245
1.2031 -0.2415 -0.3149
1.2031 -0.3977 -0.3568
1.2969 -0.0852 -0.3568
1.2969 -0.0852 -0.2730
0.3958 -0.1009 -1.1586
0.3958 -0.3040 -0.8227
1.3125 -0.0791 -1.1500
1.1875 -0.0791 -1.1500
-1.2031 -0.3559 -0.1168
-1.2969 -0.3559 -0.1168
-1.2031 -0.3977 -0.5855
-1.2031 -0.3977 -0.6693
1.2031 -0.2415 0.6226
1.2031 -0.1996 0.4664
1.3125 -0.0970 -1.1690
1.3125 -0.1165 -1.1445
1.2031 -0.1271 0.8207
1.2969 -0.1271 0.8207
-1.3125 -0.1165 -1.1445
-1.1875 -0.1165 -1.1445
1.2031 -0.2833 0.1539
1.2031 -0.1996 0.1539
1.2031 -0.1271 0.7370
1.2969 -0.1271 0.7370
-1.2969 -0.0852 -0.9399
-1.2969 0.0292 -0.8255
1.2031 -0.3559 -0.2005
1.2969 -0.3559 -0.2005
1.2031 -0.0852 -0.9399
1.2031 -0.1271 -0.7836
-1.2969 -0.1271 -1.0961
-1.2969 -0.0434 -1.0961
1.3125 -0.4134 1.1539
1.3125 -0.4134 -0.7836
-1.2031 -0.0852 0.8932
-1.2031 -0.0852 0.9770
-1.2031 -0.1271 -0.7836
-1.2031 -0.0434 -0.7836
1.2031 -0.2415 -0.0024
1.2031 -0.3977 -0.0443
0.3958 -0.3040 0.2242
0.3958 -0.3040 0.8882
-1.2031 -0.3559 0.1957
-1.2969 -0.3559 0.1957
-1.2031 -0.3977 -0.2730
-1.2031 -0.3977 -0.3568
1.2031 -0.2415 -0.6274
1.2031 -0.2833 -0.7836
1.2031 -0.2415 0.9351
1.2031 -0.1996 0.7789
-1.3125 -0.0696 1.1695
-1.1875 -0.0696 1.1695
-1.2969 -0.2415 -0.6274
-1.2969 -0.1271 -0.5130
1.2031 -0.1271 1.0495
1.2969 -0.1271 1.0495
-1.2031 -0.2415 0.9351
-1.2031 -0.3977 0.8932
-1.1875 -0.3821 1.1539
-1.1875 -0.4134 1.1539
1.2969 -0.2833 0.4664
1.2969 -0.3559 0.4245
1.2031 -0.3559 0.1120
1.2969 -0.3559 0.1120
1.3125 -0.4134 1.1382
1.3125 -0.0696 1.1382
-0.3958 -0.3040 0.8882
-0.3958 -0.3040 1.1695
-1.2969 -0.2833 -0.7836
-1.2969 -0.1996 -0.7836
1.1875 -0.3903 -0.7587
1.1875 -0.4148 -0.7782
1.2031 0.0710 -0.9818
1.2969 0.0710 -0.9818
-1.2031 -0.2833 -0.4711
-1.2031 -0.1996 -0.4711
1.2031 -0.2415 0.3101
1.2031 -0.3977 0.2682
-1.1875 -0.3821 -0.7836
-1.1875 -0.4134 -0.7836
-1.2031 -0.3559 0.5082
-1.2969 -0.3559 0.5082
-1.1875 -0.0852 -0.6352
-0.3958 0.4148 -0.6352
1.2031 -0.2415 -0.3149
1.2031 -0.2833 -0.4711
-1.2969 -0.0852 -0.9399
-1.2969 -0.2415 -0.9818
1.2969 -0.2833 0.7789
1.2969 -0.3559 0.7370
1.2031 -0.2415 0.6226
1.2031 -0.0852 0.5807
-1.1875 -0.1009 1.1539
-1.1875 -0.1009 -0.7211
1.2031 -0.3559 0.4245
1.2969 -0.3559 0.4245
1.2031 -0.1996 -1.0543
1.2969 -0.1996 -1.0543
1.3125 -0.1009 -0.7211
1.1875 -0.1009 -0.7211
1.2031 -0.0852 -0.6693
1.2969 -0.0852 -0.6693
-1.2031 -0.2833 -0.1586
-1.2031 -0.1996 -0.1586
-1.3125 -0.3821 1.1539
-1.1875 -0.3821 1.1539
-1.2969 0.0710 -0.8980
-1.2969 0.0292 -0.8255
1.2031 -0.3559 0.7370
1.2031 -0.3977 0.6645
1.2031 -0.3559 0.1957
1.2031 -0.2833 0.1539
-1.2031 -0.3559 0.8207
-1.2969 -0.3559 0.8207
1.2031 -0.2415 -0.0024
1.2031 -0.2833 -0.1586
1.2031 -0.0852 -0.3568
1.2031 -0.0852 -0.2730
-1.2031 -0.0434 -0.7836
-1.2969 -0.0434 -0.7836
1.3125 -0.3903 -0.7587
1.1875 -0.3903 -0.7587
-1.2031 -0.1996 0.1539
-1.2969 -0.1996 0.1539
-1.2969 -0.2415 -0.6274
-1.2969 -0.3977 -0.6693
1.2969 -0.2833 1.0914
1.2969 -0.3559 1.0495
-1.3125 -0.3821 -0.7836
-1.1875 -0.3821 -0.7836
1.2031 -0.2415 0.9351
1.2031 -0.0852 0.8932
-1.2031 -0.2415 -0.8980
-1.2969 -0.2415 -0.8980
1.2031 -0.3559 -0.7418
1.2969 -0.3559 -0.7418
-1.1875 -0.0702 -0.6826
-1.1875 -0.0946 -0.7021
1.2969 -0.3559 0.1957
1.2969 -0.2833 0.1539
-0.3958 -0.1009 -1.1586
0.3958 -0.1009 -1.1586
-1.2969 -0.2415 -0.3149
-1.2969 -0.0852 -0.3568
1.2031 -0.3559 1.0495
1.2031 -0.3977 0.9770
1.2031 -0.3559 0.5082
1.2031 -0.2833 0.4664
1.3125 0.1476 -0.9744
1.3125 -0.0970 -1.1690
-1.2969 -0.1271 0.8207
-1.2969 -0.0852 0.8932
1.2031 -0.2415 0.3101
1.2031 -0.2833 0.1539
1.2031 -0.0852 -0.0443
1.2031 -0.0852 0.0395
-1.2031 -0.1996 -0.4711
-1.2969 -0.1996 -0.4711
-1.2031 -0.1996 0.4664
-1.2969 -0.1996 0.4664
1.2031 -0.2415 0.6226
1.2031 -0.3559 0.7370
-1.2031 -0.3977 -0.5855
-1.2969 -0.3977 -0.5855
1.2031 -0.3559 -0.4293
1.2969 -0.3559 -0.4293
-0.3958 0.4148 0.2242
-0.3958 0.4148 -0.4399
-1.2969 -0.0852 -0.9399
-1.2969 -0.1271 -1.0961
1.2969 -0.3559 0.5082
1.2969 -0.2833 0.4664
1.2031 -0.2415 0.6226
1.2031 -0.1271 0.7370
-1.2969 -0.2415 -0.0024
-1.2969 -0.0852 -0.0443
1.2031 -0.3559 0.8207
1.2031 -0.2833 0.7789
-1.3125 -0.0702 -0.6826
-1.1875 -0.0702 -0.6826
1.2031 -0.0852 0.2682
1.2031 -0.0852 0.3520
-1.2031 -0.1996 -0.1586
-1.2969 -0.1996 -0.1586
1.2031 -0.2415 0.9351
1.2031 -0.3559 1.0495
1.2031 -0.2415 -0.8980
1.2031 -0.2415 -0.9818
-1.2969 -0.2415 -0.0024
-1.2969 -0.3977 0.0395
-1.2031 -0.3977 -0.2730
-1.2969 -0.3977 -0.2730
-1.2969 -0.2415 -0.6274
-1.2969 -0.2833 -0.7836
1.2969 -0.3559 0.8207
1.2969 -0.2833 0.7789
-1.1875 0.1281 -0.9500
-1.1875 -0.1165 -1.1445
-1.3125 -0.3903 -0.7587
-1.3125 -0.4148 -0.7782
1.2031 -0.2415 0.9351
1.2031 -0.1271 1.0495
-1.1875 -0.3821 1.1539
-1.1875 -0.3821 -0.7836
-1.2969 -0.2415 0.3101
-1.2969 -0.0852 0.2682
-1.2969 -0.2415 -0.3149
-1.2969 -0.3559 -0.2005
-1.2031 -0.3977 0.0395
-1.2031 -0.3977 -0.0443
1.1875 0.1648 -0.9868
1.1875 -0.0852 -0.6352
1.3125 -0.1009 1.1539
1.1875 -0.1009 1.1539
1.2969 -0.2415 -0.8980
1.2969 -0.2415 -0.9818
1.1875 0.1648 -0.9868
0.3958 0.1648 -0.9868
1.1875 -0.0696 1.1695
1.1875 -0.0696 1.1382
-1.2969 -0.2415 -0.3149
-1.2969 -0.1271 -0.2005
1.1875 -0.3903 -0.7587
1.1875 -0.0791 -1.1500
-1.2031 0.0710 -0.8980
-1.2031 0.0292 -0.8255
1.2031 -0.0852 0.5807
1.2031 -0.0852 0.6645
-1.2969 -0.3559 0.4245
-1.2969 -0.3977 0.3520
1.2031 -0.3977 -0.5855
1.2031 -0.3977 -0.6693
-1.1875 -0.4134 1.1695
-1.1875 -0.0696 1.1695
-1.2969 -0.2833 -0.4711
-1.2969 -0.1996 -0.4711
1.3125 -0.1165 -1.1445
1.1875 -0.1165 -1.1445
1.2969 -0.0852 -0.9399
1.2969 0.0292 -0.8255
1.2031 -0.2415 0.6226
1.2031 -0.3977 0.5807
-1.2969 -0.0852 -0.9399
-1.2969 0.0292 -1.0543
-1.2969 -0.2415 0.6226
-1.2969 -0.0852 0.5807
-1.2969 -0.2415 -0.0024
-1.2969 -0.3559 0.1120
-1.2031 -0.3977 0.3520
-1.2031 -0.3977 0.2682
-0.3958 0.4148 0.8882
0.3958 0.4148 0.8882
1.2969 -0.1271 -1.0961
1.2969 -0.0434 -1.0961
-1.2969 -0.2415 -0.0024
-1.2969 -0.1271 0.1120
-1.2031 -0.0852 -0.5855
-1.2031 -0.1271 -0.5130
1.2031 -0.0852 0.8932
1.2031 -0.0852 0.9770
1.2031 -0.1271 -0.7836
1.2031 -0.0434 -0.7836
-1.2969 -0.3559 -0.2005
-1.2969 -0.3977 -0.2730
-1.2969 -0.3559 0.7370
-1.2969 -0.3977 0.6645
1.2031 -0.3559 0.1957
1.2969 -0.3559 0.1957
1.2031 -0.3977 -0.2730
1.2031 -0.3977 -0.3568
-1.2031 -0.1271 -1.0961
-1.2969 -0.1271 -1.0961
-1.2969 -0.2833 -0.1586
-1.2969 -0.1996 -0.1586
1.2031 -0.0852 -0.3568
1.2969 -0.0852 -0.3568
1.3125 -0.0696 1.1695
1.1875 -0.0696 1.1695
1.2031 -0.0434 -1.0961
1.2031 0.0292 -1.0543
1.2969 -0.2415 -0.6274
1.2969 -0.1271 -0.5130
1.2031 -0.2415 0.9351
1.2031 -0.3977 0.8932
1.1875 -0.3821 1.1539
1.1875 -0.4134 1.1539
-0.3958 -0.3040 0.2242
0.3958 -0.3040 0.2242
-1.2969 -0.2415 -0.6274
-1.2969 -0.1271 -0.7418
-1.3125 -0.0696 -0.7211
-1.3125 -0.1009 -0.7211
-1.2969 -0.2415 0.9351
-1.2969 -0.0852 0.8932
-1.2969 -0.2415 0.3101
-1.2969 -0.3559 0.4245
-1.2031 -0.3977 0.6645
-1.2031 -0.3977 0.5807
1.2969 -0.2833 -0.7836
1.2969 -0.1996 -0.7836
-1.2969 -0.2415 0.3101
-1.2969 -0.1271 0.4245
1.3125 -0.4134 1.1382
1.1875 -0.4134 1.1382
-1.2969 -0.2415 -0.3149
-1.2969 -0.3977 -0.3568
-1.2031 -0.0852 -0.2730
-1.2031 -0.1271 -0.2005
1.2031 -0.2833 -0.4711
1.2031 -0.1996 -0.4711
-1.3125 -0.4148 -0.7782
-1.1875 -0.4148 -0.7782
1.1875 -0.3821 -0.7836
1.1875 -0.4134 -0.7836
-1.2969 -0.3559 0.1120
-1.2969 -0.3977 0.0395
-1.2969 -0.3559 1.0495
-1.2969 -0.3977 0.9770
1.2031 -0.3559 0.5082
1.2969 -0.3559 0.5082
-1.2969 -0.2833 0.1539
-1.2969 -0.1996 0.1539
1.2031 -0.1996 -0.7836
1.2031 -0.1271 -0.7418
1.2969 -0.0852 -0.9399
1.2969 -0.2415 -0.9818
1.1875 -0.3040 -0.4399
0.3958 -0.3040 -0.4399
-1.3125 -0.1035 -1.1695
-1.1875 -0.1035 -1.1695
-1.2969 -0.0852 -0.9399
-1.2969 -0.1271 -0.7836
1.1875 -0.1009 1.1539
1.1875 -0.1009 -0.7211
-1.2969 -0.2415 0.6226
-1.2969 -0.3559 0.7370
-1.2031 -0.3977 0.9770
-1.2031 -0.3977 0.8932
0.3958 0.4148 -0.4399
0.3958 0.4148 -0.6352
-1.2969 -0.2415 0.6226
-1.2969 -0.1271 0.7370
-1.2031 -0.1996 0.7789
-1.2969 -0.1996 0.7789
-1.2969 -0.2415 -0.0024
-1.2969 -0.3977 -0.0443
-1.2031 -0.0852 0.0395
-1.2031 -0.1271 0.1120
1.2031 -0.2833 -0.1586
1.2031 -0.1996 -0.1586
1.3125 -0.3821 1.1539
1.1875 -0.3821 1.1539
1.2969 0.0710 -0.8980
1.2969 0.0292 -0.8255
1.2031 -0.3559 -0.1168
1.2969 -0.3559 -0.1168
1.2031 -0.3559 0.8207
1.2969 -0.3559 0.8207
-1.3125 -0.4134 1.1695
-1.3125 -0.4134 1.1382
-1.2969 -0.2833 0.4664
-1.2969 -0.1996 0.4664
1.2031 -0.0434 -0.7836
1.2969 -0.0434 -0.7836
1.2031 -0.1996 -0.4711
1.2031 -0.1271 -0.4293
1.2969 -0.2415 -0.6274
1.2969 -0.3977 -0.6693
1.3125 -0.3821 -0.7836
1.1875 -0.3821 -0.7836
-1.2969 -0.2415 -0.6274
-1.2969 -0.2833 -0.4711
1.2031 -0.2415 -0.8980
1.2969 -0.2415 -0.8980
-1.2969 -0.2415 0.9351
-1.2969 -0.3559 1.0495
1.1875 -0.0702 -0.6826
1.1875 -0.0946 -0.7021
-1.2031 -0.1271 0.5082
-1.2969 -0.1271 0.5082
1.1875 0.1648 -0.9868
1.1875 -0.1009 -1.1586
-1.2969 -0.2415 0.9351
-1.2969 -0.1271 1.0495
-1.2031 -0.1996 1.0914
-1.2969 -0.1996 1.0914
-1.2969 -0.2415 0.3101
-1.2969 -0.3977 0.2682
-1.2031 -0.0852 0.3520
-1.2031 -0.1271 0.4245
-1.1875 -0.0852 0.8882
-1.1875 -0.0852 0.2242
1.2969 -0.2415 -0.3149
1.2969 -0.0852 -0.3568
-1.2969 -0.2415 -0.3149
-1.2969 -0.2833 -0.4711
-1.2031 -0.2415 -0.9818
-1.2031 -0.1996 -1.0543
1.2969 -0.1271 0.8207
1.2969 -0.0852 0.8932
1.2031 -0.1996 -0.4711
1.2969 -0.1996 -0.4711
1.1875 -0.3040 -0.4399
1.1875 -0.3040 -0.8227
-0.3958 -0.3040 -0.8227
-0.3958 -0.3040 -0.4399
-1.1875 -0.3040 -0.4399
-0.3958 -0.3040 -0.4399
1.2031 -0.3977 -0.5855
1.2969 -0.3977 -0.5855
-1.2031 -0.1271 0.8207
-1.2969 -0.1271 0.8207
1.2969 -0.0852 -0.9399
1.2969 -0.1271 -1.0961
-1.2969 -0.0852 -0.9399
-1.2969 -0.2415 -0.8980
-1.1875 -0.4148 -0.7782
-1.1875 -0.1035 -1.1695
-1.2969 -0.2415 0.6226
-1.2969 -0.3977 0.5807
1.1875 -0.0852 0.8882
1.1875 -0.3040 0.8882
-1.1875 -0.0852 0.2242
-0.3958 0.4148 0.2242
1.2969 -0.2415 -0.0024
1.2969 -0.0852 -0.0443
-1.2969 -0.2415 -0.0024
-1.2969 -0.2833 -0.1586
1.3125 -0.0702 -0.6826
1.1875 -0.0702 -0.6826
-1.2031 -0.0852 -0.9399
-1.2031 0.0710 -0.8980
1.2031 -0.1996 -0.1586
1.2969 -0.1996 -0.1586
1.2031 -0.3977 -0.2730
1.2969 -0.3977 -0.2730
1.1875 0.1281 -0.9500
1.1875 -0.1165 -1.1445
1.2969 -0.2415 -0.6274
1.2969 -0.2833 -0.7836
1.3125 -0.3903 -0.7587
1.3125 -0.4148 -0.7782
-1.2969 -0.2415 -0.6274
-1.2969 -0.3977 -0.5855
1.1875 -0.3821 1.1539
1.1875 -0.3821 -0.7836
-1.2969 -0.2415 0.9351
-1.2969 -0.3977 0.8932
1.2969 -0.2415 0.3101
1.2969 -0.0852 0.2682
1.2031 -0.3977 0.0395
1.2031 -0.3977 -0.0443
-1.2031 -0.2833 -0.7836
-1.2969 -0.2833 -0.7836
-1.2969 -0.2415 0.3101
-1.2969 -0.2833 0.1539
1.2969 -0.2415 -0.3149
1.2969 -0.1271 -0.2005
1.2031 0.0710 -0.8980
1.2031 0.0292 -0.8255
1.2031 -0.1996 0.1539
1.2969 -0.1996 0.1539
-1.3125 -0.0696 1.1382
-1.1875 -0.0696 1.1382
-1.1875 -0.3040 -0.4399
-1.1875 -0.0852 -0.4399
-1.1875 -0.0852 1.1695
-1.1875 -0.0852 0.8882
1.1875 -0.3040 -0.4399
1.1875 -0.3040 0.2242
1.1875 -0.4134 1.1695
1.1875 -0.0696 1.1695
-0.3958 -0.3040 1.1695
-0.3958 -0.0852 1.1695
1.2969 -0.2833 -0.4711
1.2969 -0.1996 -0.4711
1.2969 -0.0852 -0.9399
1.2969 0.0292 -1.0543
1.2969 -0.2415 0.6226
1.2969 -0.0852 0.5807
1.2031 -0.3977 0.3520
1.2031 -0.3977 0.2682
-1.2031 -0.2833 -0.4711
-1.2969 -0.2833 -0.4711
-1.2969 -0.2415 0.6226
-1.2969 -0.2833 0.4664
-1.2031 -0.0852 -0.9399
-1.2031 -0.2415 -0.8980
1.2969 -0.2415 -0.0024
1.2969 -0.1271 0.1120
1.2031 -0.0852 -0.5855
1.2031 -0.1271 -0.5130
-1.3125 -0.0946 -0.7021
-1.3125 0.1388 -0.9956
-1.2031 -0.0852 -0.9399
-1.2031 -0.0434 -0.7836
-1.2031 -0.2833 0.7789
-1.2031 -0.1996 0.7789
1.2969 -0.2833 -0.1586
1.2969 -0.1996 -0.1586
-1.2031 -0.2415 -0.6274
-1.2031 -0.1271 -0.7418
1.2031 -0.2833 0.1539
1.2031 -0.1996 0.1539
1.2969 -0.2415 -0.6274
1.2969 -0.1271 -0.7418
1.3125 -0.0696 -0.7211
1.3125 -0.1009 -0.7211
1.2969 -0.2415 0.3101
1.2969 -0.3559 0.4245
1.2031 -0.3977 0.6645
1.2031 -0.3977 0.5807
-1.2031 -0.2833 -0.1586
-1.2969 -0.2833 -0.1586
-1.2969 -0.2415 0.9351
-1.2969 -0.2833 0.7789
1.2969 -0.2415 0.3101
1.2969 -0.1271 0.4245
1.2969 -0.2415 -0.3149
1.2969 -0.3977 -0.3568
1.2031 -0.0852 -0.2730
1.2031 -0.1271 -0.2005
-1.3125 -0.0696 1.1539
-1.3125 -0.0696 -0.7211
1.3125 -0.4148 -0.7782
1.1875 -0.4148 -0.7782
-1.2969 -0.2415 -0.3149
-1.2969 -0.2833 -0.1586
-1.1875 -0.3040 -0.4399
-1.1875 -0.3040 0.2242
1.2969 -0.2833 0.1539
1.2969 -0.1996 0.1539
-1.2031 -0.0852 0.6645
-1.2031 -0.1271 0.7370
-1.2031 -0.2415 -0.3149
-1.2031 -0.1271 -0.4293
1.2031 -0.2833 0.4664
1.2031 -0.1996 0.4664
1.1875 -0.3040 -0.8227
0.3958 -0.3040 -0.8227
-0.3958 -0.3040 -0.8227
0.3958 -0.3040 -0.8227
1.3125 -0.1035 -1.1695
1.1875 -0.1035 -1.1695
1.2969 -0.0852 -0.9399
1.2969 -0.1271 -0.7836
1.2969 -0.2415 0.6226
1.2969 -0.3559 0.7370
-1.2031 -0.3977 -0.6693
-1.2031 -0.3559 -0.7418
1.2031 -0.3977 0.9770
1.2031 -0.3977 0.8932
-1.2031 -0.2833 0.1539
-1.2969 -0.2833 0.1539
1.2969 -0.0852 -0.9399
1.2969 0.0710 -0.8980
-1.2969 -0.1271 -0.7836
-1.2969 -0.0434 -0.7836
1.2969 -0.2415 0.6226
1.2969 -0.1271 0.7370
1.2969 -0.2415 -0.0024
1.2969 -0.3977 -0.0443
1.2031 -0.0852 0.0395
1.2031 -0.1271 0.1120
-1.2969 -0.2415 -0.0024
-1.2969 -0.2833 0.1539
1.1875 -0.0852 0.8882
1.1875 -0.0852 0.2242
-1.2031 -0.0852 -0.9399
-1.2031 -0.1996 -1.0543
-1.2031 -0.2833 0.4664
-1.2031 -0.1996 0.4664
1.2969 -0.2415 0.9351
1.2969 -0.1996 0.7789
1.3125 -0.4134 1.1695
1.3125 -0.4134 1.1382
-1.3125 -0.4134 1.1382
-1.1875 -0.4134 1.1382
-1.2969 -0.0434 -1.0961
-1.2969 0.0292 -1.0543
1.2969 -0.2833 0.4664
1.2969 -0.1996 0.4664
0.3958 0.4148 0.2242
0.3958 0.4148 -0.4399
-1.2031 -0.0852 0.9770
-1.2031 -0.1271 1.0495
-1.2031 -0.2415 -0.0024
-1.2031 -0.1271 -0.1168
1.2031 -0.2833 0.7789
1.2031 -0.1996 0.7789
-1.2031 -0.2415 -0.6274
-1.2031 -0.2833 -0.4711
-1.1875 -0.1009 -1.1586
-0.3958 -0.1009 -1.1586
1.2969 -0.2415 -0.6274
1.2969 -0.2833 -0.4711
-1.2031 -0.3977 -0.3568
-1.2031 -0.3559 -0.4293
-1.2031 -0.2415 -0.6274
-1.2031 -0.0852 -0.5855
1.1875 -0.0852 1.1695
1.1875 -0.3040 1.1695
-1.2969 -0.0852 0.2682
-1.2969 -0.0852 0.3520
1.2969 -0.2415 -0.6274
1.2969 -0.0852 -0.5855
-1.2969 -0.2833 -0.4711
-1.2969 -0.1996 -0.4711
1.2969 -0.2415 0.3101
1.2969 -0.3977 0.2682
1.2031 -0.0852 0.3520
1.2031 -0.1271 0.4245
-1.2969 -0.2415 0.3101
-1.2969 -0.2833 0.4664
-1.2969 -0.2415 -0.8980
-1.2969 -0.2415 -0.9818
1.2969 -0.2415 -0.3149
1.2969 -0.2833 -0.4711
1.2031 -0.2415 -0.9818
1.2031 -0.1996 -1.0543
-1.2969 -0.1996 -0.7836
-1.2969 -0.1271 -0.7418
-1.2031 -0.2415 0.3101
-1.2031 -0.1271 0.1957
-1.2031 -0.2415 -0.3149
-1.2031 -0.2833 -0.1586
1.2031 -0.2833 1.0914
1.2031 -0.1996 1.0914
-1.2031 -0.3977 -0.0443
-1.2031 -0.3559 -0.1168
-1.2031 -0.2415 -0.3149
-1.2031 -0.0852 -0.2730
-1.2969 -0.0852 0.5807
-1.2969 -0.0852 0.6645
1.2031 -0.1996 0.4664
1.2969 -0.1996 0.4664
1.2969 -0.0852 -0.9399
1.2969 -0.2415 -0.8980
-1.2969 -0.2833 -0.1586
-1.2969 -0.1996 -0.1586
1.2969 -0.2415 0.6226
1.2969 -0.3977 0.5807
-1.2031 0.0292 -0.8255
-1.2031 -0.0434 -0.7836
-1.2969 -0.2415 0.6226
-1.2969 -0.2833 0.7789
-1.2969 -0.3977 -0.5855
-1.2969 -0.3977 -0.6693
1.2031 -0.1271 -1.0961
1.2969 -0.1271 -1.0961
1.2969 -0.2415 -0.0024
1.2969 -0.2833 -0.1586
1.2031 -0.0852 -0.9399
1.2031 0.0710 -0.8980
-1.2969 -0.1996 -0.4711
-1.2969 -0.1271 -0.4293
-1.2031 -0.0852 -0.9399
-1.2031 -0.0434 -1.0961
1.3125 -0.3821 1.1539
1.3125 -0.4134 1.1539
-1.2031 -0.2415 0.6226
-1.2031 -0.1271 0.5082
-1.2031 -0.2415 -0.0024
-1.2031 -0.2833 0.1539
1.2969 -0.2415 0.9351
1.2969 -0.0852 0.8932
-1.3125 -0.4134 1.1539
-1.1875 -0.4134 1.1539
-1.1875 0.1633 -0.9761
-1.1875 0.1388 -0.9956
-1.2031 -0.2833 0.7789
-1.2969 -0.2833 0.7789
-1.2031 -0.3977 0.2682
-1.2031 -0.3559 0.1957
-1.2031 -0.2415 -0.0024
-1.2031 -0.0852 0.0395
-1.2031 -0.2415 -0.6274
-1.2031 -0.3977 -0.5855
-1.2031 -0.0434 -1.0961
-1.2031 0.0292 -1.0543
-1.2969 -0.0852 0.8932
-1.2969 -0.0852 0.9770
1.2031 -0.1996 0.7789
1.2969 -0.1996 0.7789
1.2969 -0.2415 -0.6274
1.2969 -0.3977 -0.5855
-1.2969 -0.2833 0.1539
-1.2969 -0.1996 0.1539
-1.2031 -0.1271 -0.5130
-1.2031 -0.1996 -0.4711
-1.2031 -0.2415 -0.6274
-1.2031 -0.1996 -0.4711
-1.2969 -0.2415 0.9351
-1.2969 -0.2833 1.0914
-1.2969 -0.3977 -0.2730
-1.2969 -0.3977 -0.3568
1.2031 -0.2833 -0.7836
1.2969 -0.2833 -0.7836
1.2969 -0.2415 0.3101
1.2969 -0.2833 0.1539
-1.2969 -0.1996 -0.1586
-1.2969 -0.1271 -0.1168
-1.2031 -0.3559 1.0495
-1.2969 -0.3559 1.0495
-1.2031 -0.2415 0.3101
-1.2031 -0.2833 0.4664
1.2969 -0.2415 -0.3149
1.2969 -0.1271 -0.4293
0.3958 -0.3040 0.8882
0.3958 -0.3040 1.1695
1.3125 0.1281 -0.9500
1.3125 -0.1165 -1.1445
-1.2031 -0.0852 -0.0443
-1.2969 -0.0852 -0.0443
-1.2031 -0.2415 0.3101
-1.2031 -0.0852 0.3520
-1.2031 -0.2415 -0.3149
-1.2031 -0.3977 -0.2730
-1.2031 -0.1996 -0.7836
-1.2031 -0.1271 -0.7418
-1.3125 -0.0791 -1.1500
-1.3125 -0.1035 -1.1695
1.2031 -0.1996 1.0914
1.2969 -0.1996 1.0914
-1.2969 -0.2833 0.4664
-1.2969 -0.1996 0.4664
-1.2031 -0.1271 -0.2005
-1.2031 -0.1996 -0.1586
-1.2031 -0.2415 -0.3149
-1.2031 -0.1996 -0.1586
1.1875 -0.0852 -0.6352
0.3958 0.4148 -0.6352
-1.2969 -0.3977 0.0395
-1.2969 -0.3977 -0.0443
-1.3125 0.1633 -0.9761
-1.1875 0.1633 -0.9761
1.2031 -0.2833 -0.4711
1.2969 -0.2833 -0.4711
1.2969 -0.2415 0.6226
1.2969 -0.2833 0.4664
1.2031 -0.0852 -0.9399
1.2031 -0.2415 -0.8980
1.3125 -0.0946 -0.7021
1.3125 0.1388 -0.9956
-1.2031 -0.2415 0.6226
-1.2031 -0.2833 0.7789
1.2969 -0.2415 -0.0024
1.2969 -0.1271 -0.1168
1.2969 -0.2415 0.9351
1.2969 -0.3559 1.0495
1.2031 -0.0852 -0.9399
1.2031 -0.0434 -0.7836
-1.2031 -0.2833 0.4664
-1.2969 -0.2833 0.4664
1.3125 -0.4134 1.1695
1.3125 -0.0696 1.1695
-1.2031 -0.0852 0.2682
-1.2969 -0.0852 0.2682
-1.2031 -0.2415 0.6226
-1.2031 -0.0852 0.6645
-1.2031 -0.2415 -0.0024
-1.2031 -0.3977 0.0395
-1.2031 -0.1996 -0.4711
-1.2031 -0.1271 -0.4293
1.2969 -0.2415 0.9351
1.2969 -0.1271 1.0495
1.2031 -0.2415 -0.6274
1.2031 -0.1271 -0.7418
1.1875 -0.4148 -0.7782
1.1875 -0.1035 -1.1695
-1.2031 -0.2415 -0.0024
-1.2031 -0.1996 0.1539
-1.2031 -0.2415 -0.6274
-1.2031 -0.3559 -0.7418
-1.2031 -0.2415 0.9351
-1.2031 -0.2833 0.7789
1.2031 -0.2833 -0.1586
1.2969 -0.2833 -0.1586
1.2969 -0.2833 0.7789
1.2969 -0.1996 0.7789
1.3125 -0.0696 1.1539
1.3125 -0.0696 -0.7211
1.2969 -0.2415 0.3101
1.2969 -0.1271 0.1957
1.2969 -0.2415 -0.3149
1.2969 -0.2833 -0.1586
1.2031 -0.2415 -0.9818
1.2969 -0.2415 -0.9818
-1.2031 -0.0852 0.5807
-1.2969 -0.0852 0.5807
-1.2031 -0.2415 0.3101
-1.2031 -0.3977 0.3520
-1.3125 0.1476 -0.9744
-1.1875 0.1476 -0.9744
1.2031 -0.0852 0.6645
1.2031 -0.1271 0.7370
1.2031 -0.2415 -0.3149
1.2031 -0.1271 -0.4293
1.2969 -0.3559 1.0495
1.2969 -0.3977 0.9770
-1.2031 -0.2415 0.3101
-1.2031 -0.1996 0.4664
-1.2031 -0.2415 -0.3149
-1.2031 -0.3559 -0.4293
1.2031 -0.3977 -0.6693
1.2031 -0.3559 -0.7418
1.2031 -0.2833 0.1539
1.2969 -0.2833 0.1539
-1.1875 -0.4134 1.1382
-1.1875 -0.0696 1.1382
1.2969 -0.0852 -0.0443
1.2969 -0.0852 0.0395
-1.3125 -0.0970 -1.1690
-1.1875 -0.0970 -1.1690
1.2969 -0.2415 0.6226
1.2969 -0.1271 0.5082
1.2969 -0.2415 -0.0024
1.2969 -0.2833 0.1539
1.2031 -0.0852 -0.9399
1.2031 -0.1996 -1.0543
1.2031 -0.2833 0.4664
1.2031 -0.1996 0.4664
-1.2031 -0.0852 0.8932
-1.2969 -0.0852 0.8932
-1.2031 -0.2415 0.6226
-1.2031 -0.3977 0.6645
1.2969 -0.0434 -1.0961
1.2969 0.0292 -1.0543
1.2969 -0.2415 0.9351
1.2969 -0.3977 0.8932
1.2031 -0.0852 0.9770
1.2031 -0.1271 1.0495
1.2031 -0.2415 -0.0024
1.2031 -0.1271 -0.1168
1.2031 -0.2415 -0.6274
1.2031 -0.2833 -0.4711
-1.2031 -0.2415 0.6226
-1.2031 -0.1996 0.7789
-1.2031 -0.2415 -0.0024
-1.2031 -0.3559 -0.1168
1.2031 -0.3977 -0.3568
1.2031 -0.3559 -0.4293
1.2031 -0.2415 -0.6274
1.2031 -0.0852 -0.5855
-1.2031 -0.0434 -1.0961
-1.2969 -0.0434 -1.0961
-1.1875 0.1476 -0.9744
-1.1875 0.1281 -0.9500
1.2969 -0.0852 0.2682
1.2969 -0.0852 0.3520
1.3125 -0.0696 1.1382
1.1875 -0.0696 1.1382
-1.2031 -0.2415 0.9351
-1.2031 -0.1271 0.8207
-0.3958 -0.3040 0.8882
0.3958 -0.3040 0.8882
1.2969 -0.2415 0.3101
1.2969 -0.2833 0.4664
1.2031 -0.2833 0.7789
1.2031 -0.1996 0.7789
1.2969 -0.1996 -0.7836
1.2969 -0.1271 -0.7418
1.2031 -0.2415 0.3101
1.2031 -0.1271 0.1957
1.2031 -0.2415 -0.3149
1.2031 -0.2833 -0.1586
-1.2031 -0.2415 0.3101
-1.2031 -0.3559 0.1957
1.2031 -0.3977 -0.0443
1.2031 -0.3559 -0.1168
1.2031 -0.2415 -0.3149
1.2031 -0.0852 -0.2730
-1.2031 -0.1996 -0.7836
-1.2969 -0.1996 -0.7836
1.2969 -0.0852 0.5807
1.2969 -0.0852 0.6645
1.2969 -0.2833 -0.1586
1.2969 -0.1996 -0.1586
1.1875 -0.0852 -0.4399
1.1875 -0.3040 -0.4399
-1.2969 -0.1271 -0.7836
-1.2969 -0.1996 -0.8255
1.2969 -0.2415 0.6226
1.2969 -0.2833 0.7789
1.2969 -0.3977 -0.5855
1.2969 -0.3977 -0.6693
1.1875 -0.1009 -1.1586
0.3958 -0.1009 -1.1586
1.2969 -0.1996 -0.4711
1.2969 -0.1271 -0.4293
-1.2969 -0.2833 0.7789
-1.2969 -0.1996 0.7789
1.2031 -0.3559 0.7370
1.2969 -0.3559 0.7370
1.2031 -0.0852 -0.9399
1.2031 -0.0434 -1.0961
1.2031 -0.2415 -0.0024
1.2031 -0.2833 0.1539
1.3125 -0.4134 1.1539
1.1875 -0.4134 1.1539
-1.2969 -0.3977 0.3520
-1.2969 -0.3977 0.2682
-1.2031 -0.2415 0.6226
-1.2031 -0.3559 0.5082
1.2969 -0.2415 0.9351
1.2969 -0.2833 0.7789
1.2031 -0.3977 0.2682
1.2031 -0.3559 0.1957
1.2031 -0.2415 -0.0024
1.2031 -0.0852 0.0395
1.2031 -0.2415 -0.6274
1.2031 -0.3977 -0.5855
-1.2031 -0.2833 0.1539
-1.2031 -0.1996 0.1539
1.2969 -0.0852 0.8932
1.2969 -0.0852 0.9770
1.2969 -0.1271 -0.7836
1.2969 -0.0434 -0.7836
-1.2031 -0.1996 -0.4711
-1.2969 -0.1996 -0.4711
-1.2031 -0.2415 0.9351
-1.2031 -0.2833 1.0914
1.2969 -0.2833 0.1539
1.2969 -0.1996 0.1539
-1.2969 -0.0852 -0.5855
-1.2969 -0.1271 -0.5130
1.2031 -0.1271 -0.5130
1.2031 -0.1996 -0.4711
1.2031 -0.2415 -0.6274
1.2031 -0.1996 -0.4711
1.3125 -0.4134 -0.7836
1.1875 -0.4134 -0.7836
-1.2969 -0.2833 -0.4711
-1.2969 -0.3559 -0.5130
1.2969 -0.3977 -0.2730
1.2969 -0.3977 -0.3568
-1.1875 -0.0702 -0.6826
-1.1875 0.1633 -0.9761
-1.2031 -0.2415 0.9351
-1.2031 -0.0852 0.9770
-1.2031 -0.1996 -0.1586
-1.2031 -0.1271 -0.1168
1.2969 -0.1996 -0.1586
1.2969 -0.1271 -0.1168
-1.2969 -0.2833 1.0914
-1.2969 -0.1996 1.0914
1.2031 -0.3559 1.0495
1.2969 -0.3559 1.0495
1.2031 -0.2415 0.3101
1.2031 -0.2833 0.4664
-1.2969 -0.3977 0.6645
-1.2969 -0.3977 0.5807
1.2031 -0.0852 -0.0443
1.2969 -0.0852 -0.0443
-1.2031 -0.1996 -1.0543
-1.2031 -0.1271 -1.0961
1.2031 -0.2415 0.3101
1.2031 -0.0852 0.3520
1.2031 -0.2415 -0.3149
1.2031 -0.3977 -0.2730
-1.2031 -0.2833 0.4664
-1.2031 -0.1996 0.4664
-1.2969 -0.0852 -0.2730
-1.2969 -0.1271 -0.2005
1.3125 -0.0791 -1.1500
1.3125 -0.1035 -1.1695
1.2969 -0.2833 -0.4711
1.2969 -0.1996 -0.4711
-1.1875 -0.3040 0.8882
-0.3958 -0.3040 0.8882
1.2031 -0.2415 -0.3149
1.2031 -0.1996 -0.1586
1.2031 -0.2415 0.6226
1.2031 -0.2833 0.4664
-1.2969 -0.2833 -0.1586
-1.2969 -0.3559 -0.2005
1.2969 -0.3977 0.0395
1.2969 -0.3977 -0.0443
1.3125 0.1633 -0.9761
1.1875 0.1633 -0.9761
-1.2969 -0.0852 -0.9399
-1.2969 0.0710 -0.8980
-1.2031 -0.1996 0.1539
-1.2031 -0.1271 0.1957
1.1875 -0.0852 -0.6352
1.1875 -0.3040 -0.8227
1.1875 -0.0852 -0.4399
1.1875 -0.0852 0.2242
-1.2031 -0.1271 -0.7836
-1.2031 -0.1996 -0.8255
-1.2969 -0.3977 0.9770
-1.2969 -0.3977 0.8932
1.2031 -0.2833 0.4664
1.2969 -0.2833 0.4664
1.2031 -0.0852 0.2682
1.2969 -0.0852 0.2682
1.3125 -0.0946 -0.7021
1.1875 -0.0946 -0.7021
1.2031 -0.2415 -0.0024
1.2031 -0.3977 0.0395
-1.2031 -0.2833 0.7789
-1.2031 -0.1996 0.7789
-1.2031 -0.3559 -0.7418
-1.2031 -0.2833 -0.7836
-1.2969 -0.0852 0.0395
-1.2969 -0.1271 0.1120
-0.3958 0.4148 -0.6352
-0.3958 0.1648 -0.9868
1.2031 0.0292 -0.8255
1.2031 -0.0434 -0.7836
1.2031 -0.2415 -0.0024
1.2031 -0.1996 0.1539
1.2031 -0.2415 -0.6274
1.2031 -0.3559 -0.7418
1.2031 -0.2415 0.9351
1.2031 -0.2833 0.7789
-1.2969 -0.2833 0.1539
-1.2969 -0.3559 0.1120
-1.3125 -0.0696 1.1695
-1.3125 -0.0696 1.1382
-1.3125 -0.3903 -0.7587
-1.3125 -0.0791 -1.1500
-1.2969 -0.2415 -0.6274
-1.2969 -0.0852 -0.5855
-1.2031 -0.2415 0.9351
-1.2031 -0.3977 0.9770
-1.2031 -0.1996 0.4664
-1.2031 -0.1271 0.5082
-1.1875 0.1476 -0.9744
-1.1875 -0.0970 -1.1690
0.3958 0.4148 -0.6352
0.3958 0.1648 -0.9868
-1.2031 -0.3977 0.0395
-1.2969 -0.3977 0.0395
-1.1875 -0.3040 0.2242
-0.3958 -0.3040 0.2242
-1.2031 -0.2833 -0.4711
-1.2031 -0.3559 -0.5130
1.1875 0.1633 -0.9761
1.1875 0.1388 -0.9956
1.2031 -0.2833 0.7789
1.2969 -0.2833 0.7789
-1.2031 0.0710 -0.8980
-1.2969 0.0710 -0.8980
1.2031 -0.0852 0.5807
1.2969 -0.0852 0.5807
1.3125 -0.0696 1.1539
1.1875 -0.0696 1.1539
1.2031 -0.2415 0.3101
1.2031 -0.3977 0.3520
1.3125 0.1476 -0.9744
1.1875 0.1476 -0.9744
-1.2031 -0.2833 1.0914
-1.2031 -0.1996 1.0914
-1.2969 -0.0852 0.3520
-1.2969 -0.1271 0.4245
-1.2031 -0.3559 -0.4293
-1.2031 -0.2833 -0.4711
-1.1875 -0.3040 0.8882
-1.1875 -0.3040 0.2242
1.2031 -0.2415 0.3101
1.2031 -0.1996 0.4664
1.2031 -0.2415 -0.3149
1.2031 -0.3559 -0.4293
-1.2969 -0.2833 0.4664
-1.2969 -0.3559 0.4245
-1.2969 -0.2415 -0.9818
-1.2969 -0.1996 -1.0543
1.1875 -0.4134 1.1382
1.1875 -0.0696 1.1382
-1.2031 -0.1996 0.7789
-1.2031 -0.1271 0.8207
1.2031 -0.2415 0.6226
1.2031 -0.1271 0.5082
1.3125 -0.0970 -1.1690
1.1875 -0.0970 -1.1690
-1.2969 -0.1271 -0.7418
-1.2969 -0.0852 -0.6693
-1.2031 -0.3977 0.3520
-1.2969 -0.3977 0.3520
-1.2969 -0.0852 -0.9399
-1.2969 -0.0434 -0.7836
-1.2031 -0.2833 -0.1586
-1.2031 -0.3559 -0.2005
-1.1875 -0.3040 1.1695
-1.1875 -0.3040 0.8882
0.3958 -0.3040 -0.8227
0.3958 -0.3040 -0.4399
-0.3958 0.4148 0.2242
-0.3958 0.4148 0.8882
-1.2031 -0.0852 -0.5855
-1.2969 -0.0852 -0.5855
1.2031 -0.0852 0.8932
1.2969 -0.0852 0.8932
1.2031 -0.0852 -0.9399
1.2031 -0.1996 -0.8255
-1.3125 -0.3821 1.1539
-1.3125 -0.4134 1.1539
1.1875 -0.0852 0.8882
0.3958 0.4148 0.8882
-1.2969 -0.0852 0.6645
-1.2969 -0.1271 0.7370
-0.3958 -0.3040 -0.4399
-0.3958 -0.3040 0.2242
-1.1875 -0.3040 -0.8227
-1.1875 -0.0852 -0.6352
1.2031 -0.2415 -0.0024
1.2031 -0.3559 -0.1168
-1.2969 -0.3977 -0.6693
-1.2969 -0.3559 -0.7418
1.2031 -0.0434 -1.0961
1.2969 -0.0434 -1.0961
1.2031 -0.2415 -0.6274
1.2031 -0.1996 -0.7836
-1.3125 -0.3821 -0.7836
-1.3125 -0.4134 -0.7836
1.2031 -0.2415 0.9351
1.2031 -0.1271 0.8207
-1.2031 -0.3977 0.6645
-1.2969 -0.3977 0.6645
-1.2969 -0.2415 -0.6274
-1.2969 -0.1996 -0.4711
-1.2031 -0.1996 -0.1586
-1.2969 -0.1996 -0.1586
-1.2031 -0.0852 -0.2730
-1.2969 -0.0852 -0.2730
-1.2031 0.0292 -1.0543
-1.2031 0.0710 -0.9818
-1.2969 -0.2415 -0.3149
-1.2969 -0.1271 -0.4293
1.2969 -0.2833 0.4664
1.2969 -0.1996 0.4664
1.2031 -0.1271 -0.2005
1.2031 -0.1996 -0.1586
-1.3125 -0.1009 1.1539
-1.3125 -0.1009 -0.7211
-1.3125 0.1281 -0.9500
-1.3125 -0.1165 -1.1445
1.2031 -0.2415 0.3101
1.2031 -0.3559 0.1957
1.2031 -0.1996 -0.7836
1.2969 -0.1996 -0.7836
1.2969 -0.1996 0.1539
1.2969 -0.1271 0.1957
1.2031 -0.2415 -0.3149
1.2031 -0.1996 -0.4711
-1.2969 0.0292 -1.0543
-1.2969 0.0710 -0.9818
1.2031 -0.2415 0.6226
1.2031 -0.2833 0.7789
1.1875 -0.4134 1.1539
1.1875 -0.4134 -0.7836
-1.2031 -0.3977 0.9770
-1.2969 -0.3977 0.9770
-1.2969 -0.0852 -0.9399
-1.2969 -0.1996 -1.0543
0.3958 -0.3040 1.1695
0.3958 -0.0852 1.1695
1.2031 -0.2415 0.6226
1.2031 -0.0852 0.6645
-1.2031 -0.1996 0.1539
-1.2969 -0.1996 0.1539
-1.2031 -0.0852 0.0395
-1.2969 -0.0852 0.0395
-1.2969 -0.2415 -0.0024
-1.2969 -0.1271 -0.1168
1.2969 -0.2833 0.7789
1.2969 -0.1996 0.7789
1.2031 -0.1271 0.1120
1.2031 -0.1996 0.1539
-1.2031 -0.1271 -0.7836
-1.2969 -0.1271 -0.7836
-1.3125 -0.0702 -0.6826
-1.3125 -0.0946 -0.7021
-1.3125 -0.4134 1.1695
-1.3125 -0.0696 1.1695
1.2969 -0.3977 0.3520
1.2969 -0.3977 0.2682
-0.3958 0.4148 -0.6352
0.3958 0.4148 -0.6352
1.2031 -0.1996 -0.4711
1.2969 -0.1996 -0.4711
1.2969 -0.0852 -0.5855
1.2969 -0.1271 -0.5130
1.2031 -0.2415 0.9351
1.2031 -0.2833 1.0914
1.2031 0.0292 -0.8255
1.2969 0.0292 -0.8255
-1.1875 -0.3040 -0.8227
-0.3958 -0.3040 -0.8227
1.1875 -0.0702 -0.6826
1.1875 0.1633 -0.9761
-1.2969 -0.2415 -0.6274
-1.2969 -0.3559 -0.7418
-1.2969 -0.2833 0.7789
-1.2969 -0.1996 0.7789
1.2031 -0.2415 0.9351
1.2031 -0.0852 0.9770
1.2031 -0.1996 -0.1586
1.2031 -0.1271 -0.1168
-1.2031 -0.1996 0.4664
-1.2969 -0.1996 0.4664
-1.2031 -0.0852 0.3520
-1.2969 -0.0852 0.3520
-1.2969 -0.2415 0.3101
-1.2969 -0.1271 0.1957
1.2969 -0.2833 1.0914
1.2969 -0.1996 1.0914
1.2031 -0.1271 0.4245
1.2031 -0.1996 0.4664
-1.2031 -0.2833 -0.4711
-1.2969 -0.2833 -0.4711
-1.2031 -0.2415 -0.9818
-1.2969 -0.2415 -0.9818
1.2969 -0.3977 0.6645
1.2969 -0.3977 0.5807
-1.2969 -0.2415 -0.3149
-1.2969 -0.0852 -0.2730
1.2969 -0.0852 -0.2730
1.2969 -0.1271 -0.2005
-1.1875 -0.0852 -0.4399
-1.1875 -0.0852 -0.6352
1.2969 -0.2833 -0.1586
1.2969 -0.3559 -0.2005
1.2031 -0.2415 0.6226
1.2031 -0.3977 0.6645
1.2031 -0.1996 0.1539
1.2031 -0.1271 0.1957
-1.2031 -0.1996 0.7789
-1.2969 -0.1996 0.7789
-1.2969 -0.0852 -0.9399
-1.2969 -0.0434 -1.0961
-1.2969 -0.2415 0.6226
-1.2969 -0.1271 0.5082
1.2031 -0.1271 0.7370
1.2031 -0.1996 0.7789
1.2031 -0.1271 -0.7836
1.2031 -0.1996 -0.8255
-1.2031 -0.2833 -0.1586
-1.2969 -0.2833 -0.1586
1.2969 -0.3977 0.9770
1.2969 -0.3977 0.8932
-1.2969 -0.2415 -0.0024
-1.2969 -0.0852 0.0395
1.1875 0.1476 -0.9744
1.1875 0.1281 -0.9500
-1.3125 -0.3821 1.1539
-1.3125 -0.3821 -0.7836
1.2969 -0.0852 0.0395
1.2969 -0.1271 0.1120
-1.2031 -0.2833 0.1539
-1.2031 -0.3559 0.1120
-0.3958 -0.3040 -0.4399
0.3958 -0.3040 -0.4399
1.2969 -0.1271 -0.7836
1.2969 -0.1996 -0.8255
1.2969 -0.2833 0.1539
1.2969 -0.3559 0.1120
1.3125 -0.0696 1.1695
1.3125 -0.0696 1.1382
1.3125 -0.3903 -0.7587
1.3125 -0.0791 -1.1500
1.2031 -0.2415 0.9351
1.2031 -0.3977 0.9770
1.2031 -0.1996 0.4664
1.2031 -0.1271 0.5082
-1.2969 -0.0852 0.9770
-1.2969 -0.1271 1.0495
-1.2969 -0.2415 -0.6274
-1.2969 -0.1996 -0.7836
-1.2969 -0.2415 0.9351
-1.2969 -0.1271 0.8207
-1.1875 -0.0852 0.8882
-1.1875 -0.3040 0.8882
1.2031 -0.3977 0.0395
1.2969 -0.3977 0.0395
1.2031 -0.1271 1.0495
1.2031 -0.1996 1.0914
1.2031 -0.2833 -0.4711
1.2031 -0.3559 -0.5130
-1.2969 -0.3977 -0.3568
-1.2969 -0.3559 -0.4293
-1.2969 -0.2415 0.3101
-1.2969 -0.0852 0.3520
-1.2969 -0.2415 -0.3149
-1.2969 -0.3977 -0.2730
1.2031 0.0710 -0.8980
1.2969 0.0710 -0.8980
-1.2031 0.0292 -1.0543
-1.2969 0.0292 -1.0543
1.2969 -0.0852 0.3520
1.2969 -0.1271 0.4245
-1.2969 -0.2415 -0.3149
-1.2969 -0.1996 -0.1586
-1.2031 -0.2833 0.4664
-1.2031 -0.3559 0.4245
-0.3958 -0.3040 1.1695
0.3958 -0.3040 1.1695
1.2969 -0.2833 -0.4711
1.2969 -0.3559 -0.5130
1.2969 -0.2415 -0.9818
1.2969 -0.1996 -1.0543
-1.1875 -0.0852 -0.4399
-1.1875 -0.0852 0.2242
-1.2031 -0.1271 -0.7418
-1.2031 -0.0852 -0.6693
1.2031 -0.1996 0.7789
1.2031 -0.1271 0.8207
-1.1875 -0.0852 1.1695
-0.3958 -0.0852 1.1695
1.2031 -0.3977 0.3520
1.2969 -0.3977 0.3520
1.2969 -0.0852 -0.9399
1.2969 -0.0434 -0.7836
1.2031 -0.2415 0.6226
1.2031 -0.3559 0.5082
1.2031 -0.2833 -0.1586
1.2031 -0.3559 -0.2005
-1.2969 -0.3977 -0.0443
-1.2969 -0.3559 -0.1168
-1.2969 -0.0852 -0.9399
-1.2969 0.0710 -0.9818
-1.3125 0.1388 -0.9956
-1.1875 0.1388 -0.9956
-1.2969 -0.2415 0.6226
-1.2969 -0.0852 0.6645
1.2031 -0.1996 -1.0543
1.2031 -0.1271 -1.0961
1.2031 -0.0852 -0.5855
1.2969 -0.0852 -0.5855
-1.2969 0.0292 -0.8255
-1.2969 -0.0434 -0.7836
