-1.6875 0.3000 -1.7500
-1.6875 -0.2000 -1.7500
1.8125 -0.2000 -1.6250
1.8125 -0.2000 -1.7500
-0.0625 0.5531 0.7500
-0.0625 0.7500 1.0179
1.8125 -0.2000 1.6250
-1.8125 -0.2000 1.6250
0.0625 0.7500 0.4821
0.0625 0.5490 0.0179
-0.0625 0.5531 1.4750
-0.0625 0.5531 0.0250
-1.5625 0.7500 0.4821
-1.5625 0.5490 0.0179
1.8125 -0.2000 1.7500
-1.8125 -0.2000 1.7500
-1.5625 0.5531 0.7500
-1.5625 0.7500 1.0179
-1.8125 0.3000 1.6250
-1.8125 -0.2000 1.6250
1.8125 0.3000 1.6250
1.8125 -0.2000 1.6250
1.5625 0.5490 1.4821
0.0625 0.5490 1.4821
-1.6875 0.3000 -1.7500
-1.8125 0.3000 -1.7500
-0.0625 0.5531 0.7500
-0.0625 0.7500 0.4821
-0.0625 0.5490 1.4821
-1.5625 0.5490 1.4821
1.8125 -0.2000 -1.7500
-1.8125 -0.2000 -1.7500
-0.0625 0.7500 1.0179
-0.0625 0.7500 0.4821
-1.5625 -0.1969 1.4750
-1.5625 -0.1969 0.0250
-1.5625 0.5531 0.7500
-1.5625 0.7500 0.4821
-1.8125 0.3000 -1.6250
-1.8125 0.3000 -1.7500
1.5625 0.5531 0.7500
1.5625 0.7204 0.7539
1.5625 0.5490 0.0179
0.0625 0.5490 0.0179
1.8125 0.3000 1.6250
-1.8125 0.3000 1.6250
-0.0625 0.5531 0.7500
-0.0625 0.5490 0.0179
-1.6875 -0.2000 1.7500
-1.8125 -0.2000 1.7500
0.0625 0.5531 1.4750
0.0625 -0.1969 1.4750
1.5625 0.5531 1.4750
1.5625 -0.1969 1.4750
-0.0625 0.7500 0.4821
-0.0625 0.7204 0.7539
1.8125 -0.2000 1.7500
1.8125 -0.2000 1.6250
-1.6875 -0.2000 -1.7500
-1.8125 -0.2000 -1.7500
1.5625 0.7500 0.4821
1.5625 0.7204 0.7539
-1.8125 0.3000 -1.7500
-1.8125 -0.2000 -1.7500
-1.5625 0.5531 1.4750
-1.5625 0.5531 0.0250
-1.8125 -0.2000 1.7500
-1.8125 -0.2000 1.7500
-0.0625 0.7500 0.4821
-1.5625 0.7500 0.4821
1.8125 -0.2000 1.7500
1.8125 -0.2000 1.7500
1.5625 0.5531 1.4750
0.0625 0.5531 1.4750
1.8125 -0.2000 -1.7500
1.8125 -0.2000 -1.7500
1.5625 0.7500 0.4821
0.0625 0.7500 0.4821
-1.6875 0.3000 1.7500
-1.8125 0.3000 1.7500
1.8125 -0.2000 1.7500
1.6875 -0.2000 1.7500
-1.8125 0.3000 1.7500
-1.8125 0.3000 1.6250
1.5625 0.5531 0.7500
1.5625 0.5490 1.4821
1.8125 0.3000 1.7500
1.8125 0.3000 1.6250
1.6875 0.3000 1.7500
1.6875 -0.2000 1.7500
1.8125 0.3000 1.7500
1.8125 -0.2000 1.7500
-0.0625 0.5490 0.0179
-1.5625 0.5490 0.0179
-1.6875 -0.2000 1.7500
-1.6875 -0.2000 -1.7500
1.5625 -0.1969 1.4750
0.0625 -0.1969 1.4750
-0.0625 0.5531 0.7500
-0.0625 0.7204 0.7539
-1.8125 0.3000 1.7500
-1.8125 -0.2000 1.7500
-0.0625 0.7500 1.0179
-1.5625 0.7500 1.0179
-0.0625 0.7500 1.0179
-0.0625 0.7204 0.7539
0.0625 0.5531 0.7500
0.0625 0.5490 1.4821
-1.5625 0.5531 0.7500
-1.5625 0.5490 0.0179
0.0625 0.5531 0.0250
0.0625 -0.1969 0.0250
1.8125 0.3000 1.7500
1.6875 0.3000 1.7500
1.8125 0.3000 -1.7500
1.8125 -0.2000 -1.7500
1.5625 0.5531 0.0250
1.5625 -0.1969 0.0250
-1.8125 -0.2000 -1.7500
-1.8125 -0.2000 -1.7500
1.5625 0.5531 1.4750
1.5625 0.5531 0.0250
0.0625 0.5531 0.7500
0.0625 0.7500 1.0179
-1.6875 0.3000 1.7500
-1.6875 0.3000 -1.7500
1.8125 -0.2000 1.7500
1.8125 -0.2000 -1.7500
1.8125 0.3000 -1.7500
1.6875 0.3000 -1.7500
1.8125 -0.2000 -1.7500
-1.8125 -0.2000 -1.7500
1.5625 0.5531 0.0250
0.0625 0.5531 0.0250
1.5625 0.7500 1.0179
1.5625 0.7500 0.4821
-1.8125 -0.2000 1.7500
-1.8125 -0.2000 -1.7500
1.8125 0.3000 -1.6250
1.8125 -0.2000 -1.6250
-1.8125 0.3000 -1.7500
-1.8125 -0.2000 -1.7500
-0.0625 -0.1969 1.4750
-1.5625 -0.1969 1.4750
1.8125 -0.2000 -1.7500
1.6875 -0.2000 -1.7500
1.8125 0.3000 -1.7500
1.8125 -0.2000 -1.7500
-1.5625 0.5531 1.4750
-1.5625 -0.1969 1.4750
1.6875 0.3000 -1.7500
1.6875 -0.2000 -1.7500
-1.8125 -0.2000 1.7500
-1.8125 -0.2000 1.6250
0.0625 0.7500 1.0179
0.0625 0.7500 0.4821
1.8125 0.3000 -1.6250
-1.8125 0.3000 -1.6250
1.8125 -0.2000 1.7500
-1.8125 -0.2000 1.7500
-0.0625 0.5531 1.4750
-0.0625 -0.1969 1.4750
1.5625 0.5531 0.7500
1.5625 0.7500 1.0179
1.8125 -0.2000 -1.7500
-1.8125 -0.2000 -1.7500
1.8125 -0.2000 1.7500
1.8125 -0.2000 -1.7500
1.5625 -0.1969 0.0250
0.0625 -0.1969 0.0250
-0.0625 -0.1969 0.0250
-1.5625 -0.1969 0.0250
1.5625 0.7500 0.4821
1.5625 0.5490 0.0179
1.8125 0.3000 1.7500
1.8125 0.3000 -1.7500
1.8125 0.3000 -1.7500
-1.8125 0.3000 -1.7500
-1.8125 0.3000 1.7500
-1.8125 -0.2000 1.7500
1.5625 0.5490 1.4821
1.5625 0.7500 1.0179
-1.8125 0.3000 1.7500
-1.8125 0.3000 -1.7500
1.8125 -0.2000 -1.6250
-1.8125 -0.2000 -1.6250
-0.0625 0.5490 1.4821
-0.0625 0.7500 1.0179
0.0625 0.5531 1.4750
0.0625 0.5531 0.0250
1.8125 0.3000 1.7500
1.8125 -0.2000 1.7500
-0.0625 0.5531 1.4750
-1.5625 0.5531 1.4750
1.5625 0.5531 0.7500
1.5625 0.7500 0.4821
-0.0625 0.5531 0.0250
-0.0625 -0.1969 0.0250
-1.5625 0.5490 1.4821
-1.5625 0.7500 1.0179
-1.8125 0.3000 -1.6250
-1.8125 -0.2000 -1.6250
1.6875 -0.2000 1.7500
1.6875 -0.2000 -1.7500
0.0625 0.5490 1.4821
0.0625 0.7500 1.0179
-1.8125 -0.2000 -1.7500
-1.8125 -0.2000 1.7500
1.8125 0.3000 1.7500
-1.8125 0.3000 1.7500
1.8125 -0.2000 1.7500
1.8125 -0.2000 -1.7500
-0.0625 -0.1969 1.4750
-0.0625 -0.1969 0.0250
-0.0625 0.5531 0.0250
-1.5625 0.5531 0.0250
0.0625 0.5531 0.7500
0.0625 0.7500 0.4821
1.8125 -0.2000 1.7500
-1.8125 -0.2000 1.7500
1.5625 0.5531 0.7500
1.5625 0.5490 0.0179
0.0625 -0.1969 1.4750
0.0625 -0.1969 0.0250
-1.8125 -0.2000 -1.7500
-1.8125 -0.2000 1.7500
-0.0625 0.5531 0.7500
-0.0625 0.5490 1.4821
1.5625 -0.1969 1.4750
1.5625 -0.1969 0.0250
1.5625 0.7500 1.0179
0.0625 0.7500 1.0179
-1.5625 0.7500 1.0179
-1.5625 0.7500 0.4821
1.5625 0.7500 1.0179
1.5625 0.7204 0.7539
1.8125 0.3000 -1.6250
1.8125 0.3000 -1.7500
-0.0625 0.7500 0.4821
-0.0625 0.5490 0.0179
-1.5625 0.5531 0.7500
-1.5625 0.5490 1.4821
0.0625 0.5531 0.7500
0.0625 0.5490 0.0179
1.6875 0.3000 1.7500
1.6875 0.3000 -1.7500
-1.8125 -0.2000 -1.6250
-1.8125 -0.2000 -1.7500
-1.6875 0.3000 1.7500
-1.6875 -0.2000 1.7500
-1.5625 0.5531 0.0250
-1.5625 -0.1969 0.0250
