0.0000 -0.2906 -1.5844
0.0285 -0.1844 -1.5844
1.1257 -0.3150 -0.2469
1.1625 -0.3788 -0.2469
0.1688 -0.1906 1.3344
0.1688 -0.1906 1.4000
-0.0134 0.5531 1.4269
-0.0134 0.1631 1.5300
0.0000 -0.2906 -1.5844
-0.1063 -0.3191 -1.5844
-0.1688 -0.1656 1.0156
-0.1688 -0.1906 1.0719
0.0250 -0.0536 -0.9031
0.0250 -0.0632 -0.9031
0.0134 0.0731 0.9594
0.0437 -0.0469 0.9594
0.1625 -0.1172 1.5844
0.2500 -0.2236 -1.4156
0.0000 -0.2906 -1.4156
0.2500 -0.2236 -1.4156
-1.0250 -0.4156 -0.2469
-1.1257 -0.3150 -0.2469
-0.0134 0.0731 0.9594
-0.0134 0.1931 1.0625
-2.0507 -0.5163 -0.6219
-1.9868 -0.5531 -0.6219
0.7688 -0.1603 1.2513
0.1688 -0.1906 1.2687
-0.2062 -0.3156 -0.1583
-1.1075 -0.2853 -0.0922
-1.0250 -0.4156 -0.2469
-0.9243 -0.3150 -0.2469
1.0250 -0.4156 -0.2469
1.1625 -0.4525 -0.2469
2.0507 -0.3150 -0.1219
2.0875 -0.3788 -0.1219
-0.0000 -0.0426 -1.2906
0.0167 0.0344 -1.2906
0.9243 -0.3150 -0.2469
0.9243 -0.3150 -0.7469
-1.1075 -0.2853 -0.0922
-1.1075 -0.2585 -0.0922
0.1688 -0.1603 1.4656
0.3787 -0.1603 1.4350
-0.0134 0.1931 1.0625
-0.0437 -0.0469 1.0625
1.1257 -0.5163 -0.7469
1.0618 -0.5531 -0.7469
-0.2562 -0.3593 -1.4219
-0.1063 -0.3191 -1.5844
0.3787 -0.1335 1.4350
0.1688 -0.1031 1.4000
0.2062 -0.2281 -0.2823
0.2062 -0.2281 -0.4062
1.9500 -0.4156 -0.1219
2.0875 -0.4525 -0.1219
-0.1688 -0.1281 1.0281
-0.1688 -0.1656 1.0156
-0.0067 -0.0406 -0.9031
0.0067 -0.0406 -0.9031
-1.1257 -0.3150 -0.2469
-1.1625 -0.3788 -0.2469
-0.9243 -0.5163 -0.2469
-0.9243 -0.5163 -0.7469
0.0000 -0.2906 -1.5844
0.1063 -0.2622 -1.5844
0.1688 -0.1906 1.3344
0.1688 -0.1031 1.3344
1.8493 -0.3150 -0.1219
1.8493 -0.3150 -0.6219
-1.8125 -0.4525 -0.1219
-1.8125 -0.3788 -0.1219
0.0000 -0.2906 -1.5844
-0.0285 -0.3969 -1.5844
-0.1688 -0.1906 1.4000
-0.1688 -0.1031 1.4000
0.2062 -0.2585 -0.0344
1.1075 -0.2585 -0.0922
-0.0435 -0.2281 1.5844
-0.0670 -0.5406 -1.4156
0.0000 -0.2906 -1.4156
0.1830 -0.4736 -1.4156
0.1688 -0.1335 1.4656
0.1688 -0.1603 1.4656
-1.0250 -0.4156 -0.2469
-1.1625 -0.4525 -0.2469
2.0087 -0.2853 -0.5302
0.2062 -0.3156 -0.5302
-0.9243 -0.3150 -0.2469
-0.9243 -0.3150 -0.7469
-0.2062 -0.2531 -0.8608
-0.2062 -0.2281 -0.7781
-2.0507 -0.3150 -0.1219
-2.0507 -0.3150 -0.6219
0.0000 -0.2906 -1.4219
-0.2562 -0.3593 -1.4219
-0.1688 -0.1906 1.0719
-0.1688 -0.1031 1.0719
-0.0437 -0.0469 1.2687
-0.0134 0.5531 1.2413
0.5888 -0.1603 1.2031
0.4087 -0.1603 1.1375
-0.1688 -0.1603 1.4656
-0.1688 -0.1906 1.4000
-0.2062 -0.2281 -0.5538
-2.0087 -0.2585 -0.5538
0.0625 -0.0219 -1.2906
0.0250 -0.0536 -0.9031
1.1257 -0.3150 -0.2469
1.1257 -0.3150 -0.7469
0.0000 -0.2906 -1.5844
0.0778 -0.3684 -1.5844
0.0000 -0.1406 1.5844
-0.0435 -0.2281 1.5844
-2.0507 -0.5163 -0.1219
-2.0507 -0.5163 -0.6219
0.2062 -0.2906 -0.8844
0.7212 -0.2853 -0.7781
0.0000 -0.2906 -1.4156
-0.2500 -0.2236 -1.4156
1.1257 -0.5163 -0.2469
1.0618 -0.5531 -0.2469
0.0000 -0.2906 -1.4156
-0.0670 -0.5406 -1.4156
-0.2887 -0.1603 1.0719
-0.4087 -0.1603 1.1375
-1.0618 -0.2781 -0.7469
-1.1257 -0.3150 -0.7469
0.2562 -0.3593 -1.4219
0.1876 -0.4782 -1.4219
2.0507 -0.3150 -0.1219
2.0507 -0.3150 -0.6219
0.0000 -0.2906 -1.4219
0.2562 -0.2220 -1.4219
-1.8493 -0.5163 -0.6219
-1.8125 -0.4525 -0.6219
0.0000 -0.2906 -1.4219
-0.0687 -0.5469 -1.4219
-0.7688 -0.1603 1.3694
-0.7688 -0.1335 1.3694
2.0507 -0.5163 -0.1219
1.9868 -0.5531 -0.1219
0.0134 0.5531 1.4269
0.0134 0.1631 1.5300
0.0435 -0.0531 1.5844
0.1190 -0.0766 1.5844
-1.1257 -0.3150 -0.2469
-1.1257 -0.3150 -0.7469
0.0000 -0.1406 1.5844
-0.0435 -0.0531 1.5844
2.0507 -0.5163 -0.6219
1.9868 -0.5531 -0.6219
0.9243 -0.5163 -0.7469
0.8875 -0.4525 -0.7469
-1.8125 -0.4525 -0.1219
-1.8125 -0.4525 -0.6219
0.0000 -0.1406 1.5844
-0.1625 -0.1641 1.5844
-0.0437 -0.0469 1.1656
-0.0437 -0.0469 1.0625
-0.5888 -0.1603 1.2031
-0.7688 -0.1603 1.2513
-1.1257 -0.5163 -0.2469
-1.0618 -0.5531 -0.2469
0.0437 -0.0469 1.2687
-0.0437 -0.0469 1.2687
0.0000 -0.2906 -1.4156
-0.0670 -0.0406 -1.4156
-0.0285 -0.1844 -1.5844
-0.0778 -0.2128 -1.5844
0.8875 -0.4525 -0.2469
0.8875 -0.3788 -0.2469
-0.2062 -0.3156 -0.5302
-0.2062 -0.2281 -0.5538
-0.1688 -0.1906 1.2031
-0.1688 -0.1906 1.1375
-0.1688 -0.1906 1.2031
-0.1688 -0.1906 1.2687
-1.1257 -0.5163 -0.7469
-1.0618 -0.5531 -0.7469
1.8493 -0.5163 -0.6219
1.8125 -0.4525 -0.6219
-0.2500 -0.2236 -1.4156
-0.2500 -0.3576 -1.4156
0.0000 -0.2906 -1.4219
0.1876 -0.4782 -1.4219
0.2062 -0.2281 -0.7781
0.7212 -0.2585 -0.7781
-0.0167 0.0344 -1.2906
-0.0458 0.0138 -1.2906
0.0188 -0.0469 0.7531
0.0437 -0.0469 0.9594
0.2500 -0.3576 -1.4156
0.1830 -0.4736 -1.4156
1.8125 -0.4525 -0.1219
1.8125 -0.3788 -0.1219
2.0087 -0.2585 -0.5538
1.2363 -0.2585 -0.6542
0.0134 0.5531 1.4269
0.0134 0.5531 1.2413
2.0087 -0.2585 -0.5538
2.7812 -0.2585 -0.4393
-0.0067 -0.0406 -0.9031
-0.0183 -0.0454 -0.9031
-0.1688 -0.1335 1.4656
-0.1688 -0.1031 1.4000
-0.9243 -0.5163 -0.7469
-0.8875 -0.4525 -0.7469
-0.1876 -0.4782 -1.4219
-0.0687 -0.5469 -1.4219
0.0000 -0.1406 1.5844
0.1190 -0.0766 1.5844
0.2887 -0.1603 1.0719
0.1688 -0.1906 1.0719
-0.2062 -0.3156 -0.6542
-1.2363 -0.2853 -0.6542
-0.1688 -0.1906 1.3344
-0.7688 -0.1603 1.3694
-0.8875 -0.4525 -0.2469
-0.8875 -0.3788 -0.2469
-0.0778 -0.3684 -1.5844
-0.0285 -0.3969 -1.5844
1.1257 -0.5163 -0.2469
1.1257 -0.5163 -0.7469
-1.2363 -0.2853 -0.6542
-1.2363 -0.2585 -0.6542
2.7812 -0.2853 -0.2162
2.7812 -0.2585 -0.2162
-0.0188 -0.0469 0.7531
0.0188 -0.0469 0.7531
0.2562 -0.3593 -1.4219
0.1063 -0.3191 -1.5844
0.4087 -0.1335 1.1375
0.1688 -0.1031 1.1375
0.0000 -0.2906 -1.4219
-0.0687 -0.0344 -1.4219
2.7812 -0.2585 -0.2162
0.2062 -0.2281 -0.2823
-0.1688 -0.1031 1.3344
-0.1688 -0.1031 1.4000
0.0437 -0.0469 1.4750
-0.0437 -0.0469 1.4750
0.2062 -0.2281 -0.7781
0.2062 -0.2281 -0.6542
0.0167 0.0344 -1.2906
0.0458 0.0138 -1.2906
-0.1830 -0.4736 -1.4156
-0.2500 -0.3576 -1.4156
0.5888 -0.1603 1.2031
0.5888 -0.1335 1.1906
2.0507 -0.5163 -0.1219
2.0507 -0.5163 -0.6219
-0.7212 -0.2853 -0.7781
-0.7212 -0.2585 -0.7781
-2.0875 -0.3788 -0.1219
-2.0875 -0.4525 -0.1219
-0.2062 -0.3156 -0.2823
-0.2062 -0.3156 -0.1583
-0.1688 -0.1906 1.1375
-0.1688 -0.1031 1.1375
0.0435 -0.0531 1.5844
0.0670 -0.0406 -1.4156
0.0285 -0.1844 -1.5844
-0.0285 -0.1844 -1.5844
-0.0687 -0.0344 -1.4219
-0.0285 -0.1844 -1.5844
-0.2062 -0.3156 -0.7781
-0.2062 -0.3156 -0.6542
0.0000 -0.1406 1.5844
0.1625 -0.1641 1.5844
-2.7812 -0.2853 -0.4393
-0.2062 -0.3156 -0.4062
0.2062 -0.3156 -0.1583
1.1075 -0.2853 -0.0922
0.1625 -0.1641 1.5844
0.1190 -0.2047 1.5844
-0.1688 -0.1906 1.3344
-0.1688 -0.1906 1.2687
-1.1257 -0.5163 -0.2469
-1.1257 -0.5163 -0.7469
1.1625 -0.3788 -0.2469
1.1625 -0.4525 -0.2469
0.7688 -0.1335 1.3694
0.3787 -0.1335 1.4350
0.1688 -0.1906 1.2687
0.1688 -0.1031 1.2687
-1.9500 -0.4156 -0.6219
-1.8493 -0.3150 -0.6219
-1.9132 -0.2781 -0.1219
-1.9132 -0.2781 -0.6219
1.1075 -0.2853 -0.0922
1.1075 -0.2585 -0.0922
0.2062 -0.2281 -0.5538
0.2062 -0.2281 -0.4062
-0.0437 -0.0469 0.9594
-0.0134 0.0731 0.9594
0.2887 -0.1335 1.0719
0.4087 -0.1335 1.1375
0.1688 -0.1031 1.2687
0.7688 -0.1335 1.2513
-1.9868 -0.2781 -0.1219
-1.9132 -0.2781 -0.1219
-0.1688 -0.1031 1.3344
-0.1688 -0.1031 1.2687
2.7812 -0.2585 -0.2162
2.7812 -0.2585 -0.4393
-0.0167 0.0344 -1.2906
-0.0067 -0.0406 -0.9031
-0.2062 -0.3156 -0.2823
-0.2062 -0.2281 -0.2823
0.9882 -0.2781 -0.2469
0.9882 -0.2781 -0.7469
-1.9132 -0.5531 -0.1219
-1.8493 -0.5163 -0.1219
-0.0670 -0.5406 -1.4156
-0.1830 -0.4736 -1.4156
-0.1688 -0.1335 1.4656
-0.3787 -0.1335 1.4350
-0.1876 -0.4782 -1.4219
-0.0778 -0.3684 -1.5844
0.2062 -0.2531 -0.8608
0.7212 -0.2585 -0.7781
1.0618 -0.2781 -0.2469
0.9882 -0.2781 -0.2469
-0.5888 -0.1603 1.2031
-0.1688 -0.1906 1.2031
-0.1190 -0.2047 1.5844
-0.1625 -0.1641 1.5844
1.9132 -0.2781 -0.1219
1.9132 -0.2781 -0.6219
-1.9500 -0.4156 -0.6219
-2.0875 -0.4525 -0.6219
-0.0188 -0.0469 0.7531
-0.0134 0.0731 0.9594
-2.0087 -0.2853 -0.5302
-1.2363 -0.2853 -0.6542
1.0250 -0.4156 -0.7469
0.8875 -0.4525 -0.7469
0.0134 -0.0469 1.5781
0.0437 -0.0469 1.4750
1.1257 -0.3150 -0.7469
1.1625 -0.3788 -0.7469
-2.0875 -0.3788 -0.1219
-2.0875 -0.3788 -0.6219
-0.0000 -0.0584 -0.9031
0.0067 -0.0406 -0.9031
0.0437 -0.0469 1.1656
0.0437 -0.0469 1.0625
0.0437 -0.0469 0.9594
-0.0437 -0.0469 0.9594
0.0437 -0.0469 1.1656
0.0437 -0.0469 1.2687
0.0285 -0.1844 -1.5844
0.0778 -0.2128 -1.5844
0.1688 -0.1031 1.1906
0.1688 -0.1031 1.1375
1.9500 -0.4156 -0.6219
1.8125 -0.4525 -0.6219
-1.9868 -0.5531 -0.1219
-1.9132 -0.5531 -0.1219
2.0507 -0.3150 -0.6219
2.0875 -0.3788 -0.6219
0.1625 -0.1641 1.5844
0.2500 -0.3576 -1.4156
1.1625 -0.3788 -0.2469
1.1625 -0.3788 -0.7469
-1.9500 -0.4156 -0.6219
-1.9868 -0.5531 -0.6219
-1.9868 -0.5531 -0.6219
-1.9132 -0.5531 -0.6219
-1.1075 -0.2585 -0.0922
-0.2062 -0.2281 -0.1583
-0.2500 -0.2236 -1.4156
-0.1830 -0.1076 -1.4156
-1.0250 -0.4156 -0.7469
-0.8875 -0.4525 -0.7469
1.0250 -0.4156 -0.7469
1.1257 -0.3150 -0.7469
2.0875 -0.3788 -0.1219
2.0875 -0.4525 -0.1219
1.0618 -0.5531 -0.2469
0.9882 -0.5531 -0.2469
0.1688 -0.1656 1.0156
0.1688 -0.1906 1.0719
1.0250 -0.4156 -0.7469
0.9243 -0.3150 -0.7469
-1.1257 -0.3150 -0.7469
-1.1625 -0.3788 -0.7469
0.0437 -0.0469 1.3719
0.0134 0.5531 1.4269
0.1876 -0.4782 -1.4219
0.0687 -0.5469 -1.4219
1.0618 -0.5531 -0.7469
0.9882 -0.5531 -0.7469
-1.8125 -0.4525 -0.6219
-1.8125 -0.3788 -0.6219
-0.2062 -0.2585 -0.0344
-0.2062 -0.2853 -0.0344
-0.0000 -0.0584 -0.9031
0.0250 -0.0536 -0.9031
1.9500 -0.4156 -0.6219
2.0507 -0.3150 -0.6219
-1.1625 -0.3788 -0.2469
-1.1625 -0.4525 -0.2469
1.9868 -0.5531 -0.1219
1.9132 -0.5531 -0.1219
0.0778 -0.3684 -1.5844
0.0285 -0.3969 -1.5844
1.9500 -0.4156 -0.6219
1.8493 -0.3150 -0.6219
-1.8125 -0.3788 -0.1219
-1.8493 -0.3150 -0.1219
0.2062 -0.2531 -0.8608
0.2062 -0.2281 -0.7781
-0.0437 -0.0469 1.3719
-0.0437 -0.0469 1.4750
1.9868 -0.5531 -0.6219
1.9132 -0.5531 -0.6219
-0.1190 -0.2047 1.5844
-0.1830 -0.4736 -1.4156
0.8875 -0.4525 -0.7469
0.8875 -0.3788 -0.7469
0.1688 -0.1281 1.0281
0.1688 -0.1656 1.0156
1.9868 -0.2781 -0.1219
1.9132 -0.2781 -0.1219
-1.9500 -0.4156 -0.6219
-1.8493 -0.5163 -0.6219
0.2062 -0.2281 -0.5538
2.0087 -0.2585 -0.5538
-1.0250 -0.4156 -0.7469
-1.1257 -0.3150 -0.7469
0.0437 -0.0469 1.0625
-0.0437 -0.0469 1.0625
-1.0618 -0.5531 -0.2469
-0.9882 -0.5531 -0.2469
0.1830 -0.1076 -1.4156
0.2500 -0.2236 -1.4156
0.0134 0.3731 1.1656
0.0134 0.5531 1.2413
-1.0250 -0.4156 -0.7469
-0.9243 -0.3150 -0.7469
0.1688 -0.1906 1.4000
0.1688 -0.1031 1.4000
-0.9882 -0.2781 -0.2469
-0.9882 -0.2781 -0.7469
1.0250 -0.4156 -0.7469
1.1625 -0.4525 -0.7469
0.8875 -0.3788 -0.2469
0.9243 -0.3150 -0.2469
-1.0618 -0.5531 -0.7469
-0.9882 -0.5531 -0.7469
0.0437 -0.0469 1.4750
0.0134 0.1631 1.5300
-0.2562 -0.2220 -1.4219
-0.2562 -0.3593 -1.4219
0.0437 -0.0469 1.3719
0.0437 -0.0469 1.2687
0.0687 -0.0344 -1.4219
0.0285 -0.1844 -1.5844
-1.0618 -0.2781 -0.2469
-0.9882 -0.2781 -0.2469
-1.9500 -0.4156 -0.1219
-1.9868 -0.5531 -0.1219
-0.7212 -0.2853 -0.7781
-0.2062 -0.3156 -0.7781
0.0625 -0.0632 -1.2906
0.0250 -0.0632 -0.9031
1.9500 -0.4156 -0.6219
2.0875 -0.4525 -0.6219
1.8125 -0.3788 -0.1219
1.8493 -0.3150 -0.1219
0.1688 -0.1906 1.0719
0.1688 -0.1031 1.0719
-1.9868 -0.5531 -0.1219
-1.9868 -0.5531 -0.6219
0.0134 0.0731 0.9594
0.0134 0.1931 1.0625
1.2363 -0.2853 -0.6542
1.2363 -0.2585 -0.6542
-0.0437 -0.0469 1.3719
-0.0437 -0.0469 1.2687
-0.0183 -0.0454 -0.9031
-0.0250 -0.0536 -0.9031
-0.1625 -0.1172 1.5844
-0.2500 -0.2236 -1.4156
-0.0134 -0.0469 1.5781
-0.0437 -0.0469 1.4750
0.1063 -0.3191 -1.5844
0.0778 -0.3684 -1.5844
-1.9500 -0.4156 -0.6219
-1.9868 -0.2781 -0.6219
1.0250 -0.4156 -0.2469
1.0618 -0.5531 -0.2469
0.1688 -0.1031 1.0719
0.2887 -0.1335 1.0719
-0.0625 -0.0632 -1.2906
-0.0250 -0.0632 -0.9031
-0.0000 -0.0426 -1.2906
0.0625 -0.0219 -1.2906
0.0134 0.5531 1.2413
-0.0134 0.5531 1.2413
-0.7688 -0.1335 1.3694
-0.1688 -0.1031 1.3344
-1.0250 -0.4156 -0.7469
-1.1625 -0.4525 -0.7469
0.2062 -0.3156 -0.5302
0.2062 -0.2281 -0.5538
-2.0087 -0.2853 -0.5302
-2.0087 -0.2585 -0.5538
1.0618 -0.5531 -0.2469
1.0618 -0.5531 -0.7469
1.0250 -0.4156 -0.7469
1.0618 -0.5531 -0.7469
0.7212 -0.2853 -0.7781
0.7212 -0.2585 -0.7781
0.2062 -0.3156 -0.2823
0.2062 -0.3156 -0.1583
0.0670 -0.0406 -1.4156
0.1830 -0.1076 -1.4156
1.9500 -0.4156 -0.1219
1.9868 -0.5531 -0.1219
0.1876 -0.4782 -1.4219
0.0778 -0.3684 -1.5844
-0.1688 -0.1031 1.0719
-0.2887 -0.1335 1.0719
0.2062 -0.3156 -0.7781
0.2062 -0.3156 -0.6542
-0.0000 -0.0584 -0.9031
-0.0183 -0.0454 -0.9031
-1.9500 -0.4156 -0.1219
-1.8493 -0.5163 -0.1219
2.7812 -0.2853 -0.4393
0.2062 -0.3156 -0.4062
0.0437 -0.0469 1.1656
-0.0437 -0.0469 1.1656
0.1190 -0.0766 1.5844
0.1625 -0.1172 1.5844
-0.1876 -0.1030 -1.4219
-0.2562 -0.2220 -1.4219
1.9868 -0.5531 -0.1219
1.9868 -0.5531 -0.6219
1.9500 -0.4156 -0.6219
1.9868 -0.5531 -0.6219
0.7688 -0.1603 1.3694
0.7688 -0.1335 1.3694
-2.7812 -0.2585 -0.2162
-1.1075 -0.2585 -0.0922
-0.1688 -0.1656 1.0156
-0.2887 -0.1603 1.0719
-0.3787 -0.1603 1.4350
-0.3787 -0.1335 1.4350
-0.1688 -0.1031 1.1906
-0.1688 -0.1031 1.2687
0.2062 -0.3156 -0.6542
1.2363 -0.2853 -0.6542
-1.0250 -0.4156 -0.2469
-1.0618 -0.5531 -0.2469
-0.0778 -0.2128 -1.5844
-0.1063 -0.2622 -1.5844
-0.7212 -0.2585 -0.7781
-1.2363 -0.2585 -0.6542
-1.9500 -0.4156 -0.6219
-2.0875 -0.3788 -0.6219
1.0250 -0.4156 -0.2469
0.9243 -0.5163 -0.2469
0.1688 -0.1281 1.0281
0.2887 -0.1335 1.0719
-0.5888 -0.1335 1.1906
-0.4087 -0.1335 1.1375
0.1190 -0.2047 1.5844
0.0435 -0.2281 1.5844
-1.0618 -0.5531 -0.2469
-1.0618 -0.5531 -0.7469
-1.0250 -0.4156 -0.7469
-1.0618 -0.5531 -0.7469
1.8125 -0.4525 -0.6219
1.8125 -0.3788 -0.6219
0.1688 -0.1603 1.4656
0.1688 -0.1906 1.4000
0.2062 -0.3156 -0.2823
0.2062 -0.2281 -0.2823
1.0250 -0.4156 -0.7469
0.9243 -0.5163 -0.7469
-0.0458 0.0138 -1.2906
-0.0625 -0.0219 -1.2906
-1.2363 -0.2585 -0.6542
-0.2062 -0.2281 -0.6542
0.1830 -0.4736 -1.4156
0.0670 -0.5406 -1.4156
0.1688 -0.1906 1.2031
0.1688 -0.1906 1.1375
1.9500 -0.4156 -0.1219
1.8493 -0.5163 -0.1219
-0.1688 -0.1031 1.0719
-0.1688 -0.1031 1.1375
-1.9500 -0.4156 -0.1219
-1.9868 -0.2781 -0.1219
0.1688 -0.1906 1.2031
0.1688 -0.1906 1.2687
-0.1688 -0.1281 1.0281
-0.2887 -0.1335 1.0719
-0.0000 -0.0584 -0.9031
-0.0250 -0.0632 -0.9031
-1.9500 -0.4156 -0.1219
-1.8125 -0.3788 -0.1219
0.0000 -0.2906 -1.5844
-0.0285 -0.1844 -1.5844
-0.8875 -0.4525 -0.7469
-0.8875 -0.3788 -0.7469
1.9500 -0.4156 -0.6219
1.8493 -0.5163 -0.6219
0.0000 -0.2906 -1.4156
-0.2500 -0.3576 -1.4156
-0.8875 -0.3788 -0.2469
-0.9243 -0.3150 -0.2469
-1.0250 -0.4156 -0.2469
-0.9243 -0.5163 -0.2469
1.0250 -0.4156 -0.2469
1.0618 -0.2781 -0.2469
-0.0134 -0.0469 1.5781
-0.0134 0.1631 1.5300
2.0087 -0.2853 -0.5302
1.2363 -0.2853 -0.6542
0.1688 -0.1335 1.4656
0.1688 -0.1031 1.4000
-0.0000 -0.0426 -1.2906
-0.0458 0.0138 -1.2906
1.0250 -0.4156 -0.2469
0.8875 -0.3788 -0.2469
0.0067 -0.0406 -0.9031
0.0183 -0.0454 -0.9031
0.0134 0.3731 1.1656
0.0437 -0.0469 1.1656
-1.0250 -0.4156 -0.7469
-0.9243 -0.5163 -0.7469
1.0250 -0.4156 -0.7469
1.0618 -0.2781 -0.7469
-2.0875 -0.3788 -0.6219
-2.0875 -0.4525 -0.6219
-2.7812 -0.2853 -0.2162
-1.1075 -0.2853 -0.0922
0.0458 0.0138 -1.2906
0.0625 -0.0219 -1.2906
1.9500 -0.4156 -0.1219
1.9868 -0.2781 -0.1219
-0.2062 -0.2281 -0.5538
-0.2062 -0.2281 -0.6542
-2.0875 -0.4525 -0.1219
-2.0507 -0.5163 -0.1219
1.9500 -0.4156 -0.1219
1.8125 -0.3788 -0.1219
-1.9500 -0.4156 -0.1219
-2.0875 -0.3788 -0.1219
1.9500 -0.4156 -0.6219
1.9868 -0.2781 -0.6219
0.0000 -0.2906 -1.5844
-0.1063 -0.2622 -1.5844
1.1625 -0.3788 -0.7469
1.1625 -0.4525 -0.7469
-0.1876 -0.1030 -1.4219
-0.0778 -0.2128 -1.5844
0.1688 -0.1031 1.3344
0.1688 -0.1031 1.4000
-0.2062 -0.2281 -0.4062
-2.7812 -0.2585 -0.4393
0.0000 -0.2906 -1.4156
0.1830 -0.1076 -1.4156
-1.0250 -0.4156 -0.2469
-1.0618 -0.2781 -0.2469
0.1688 -0.1906 1.1375
0.1688 -0.1031 1.1375
1.1625 -0.4525 -0.2469
1.1257 -0.5163 -0.2469
-1.0250 -0.4156 -0.2469
-0.8875 -0.3788 -0.2469
1.0250 -0.4156 -0.2469
1.1625 -0.3788 -0.2469
-0.2062 -0.2906 -0.8844
-0.2062 -0.3156 -0.7781
-1.9868 -0.2781 -0.6219
-1.9132 -0.2781 -0.6219
-0.7688 -0.1603 1.2513
-0.7688 -0.1335 1.2513
-0.0000 -0.0426 -1.2906
-0.0625 -0.0632 -1.2906
-1.0250 -0.4156 -0.7469
-1.0618 -0.2781 -0.7469
2.0875 -0.3788 -0.6219
2.0875 -0.4525 -0.6219
0.1190 -0.2047 1.5844
0.1830 -0.4736 -1.4156
-2.7812 -0.2853 -0.2162
-2.7812 -0.2853 -0.4393
-1.9132 -0.5531 -0.6219
-1.8493 -0.5163 -0.6219
-0.0458 0.0138 -1.2906
-0.0183 -0.0454 -0.9031
2.0875 -0.4525 -0.1219
2.0507 -0.5163 -0.1219
1.9500 -0.4156 -0.1219
2.0875 -0.3788 -0.1219
0.0687 -0.5469 -1.4219
-0.0687 -0.5469 -1.4219
1.0618 -0.2781 -0.7469
0.9882 -0.2781 -0.7469
-0.1688 -0.1281 1.0281
-0.1688 -0.1031 1.0719
-1.9500 -0.4156 -0.1219
-2.0507 -0.5163 -0.1219
0.0000 -0.2906 -1.5844
0.0778 -0.2128 -1.5844
0.1688 -0.1906 1.3344
0.7688 -0.1603 1.3694
-0.0134 0.5531 1.4269
-0.0437 -0.0469 1.3719
0.2887 -0.1603 1.0719
0.4087 -0.1603 1.1375
0.1688 -0.1031 1.3344
0.1688 -0.1031 1.2687
0.9882 -0.5531 -0.7469
0.9243 -0.5163 -0.7469
0.0000 -0.2906 -1.5844
-0.0778 -0.3684 -1.5844
-0.1688 -0.1906 1.4000
-0.3787 -0.1603 1.4350
0.0134 0.0731 0.9594
-0.0134 0.0731 0.9594
-0.1688 -0.1031 1.1906
-0.5888 -0.1335 1.1906
0.8875 -0.4525 -0.2469
0.8875 -0.4525 -0.7469
0.0000 -0.2906 -1.4156
0.2500 -0.3576 -1.4156
-1.1625 -0.4525 -0.2469
-1.1257 -0.5163 -0.2469
-0.2062 -0.3156 -0.4062
-0.2062 -0.2281 -0.4062
-1.0250 -0.4156 -0.2469
-1.1625 -0.3788 -0.2469
0.7688 -0.1603 1.2513
0.7688 -0.1335 1.2513
1.9868 -0.2781 -0.6219
1.9132 -0.2781 -0.6219
-0.2062 -0.3156 -0.1583
-0.2062 -0.2281 -0.1583
-1.8493 -0.3150 -0.1219
-1.9132 -0.2781 -0.1219
1.0250 -0.4156 -0.2469
1.1257 -0.5163 -0.2469
0.1688 -0.1335 1.4656
0.3787 -0.1335 1.4350
-0.0000 -0.0426 -1.2906
0.0458 0.0138 -1.2906
1.1075 -0.2585 -0.0922
0.2062 -0.2281 -0.1583
0.0000 -0.2906 -1.4219
-0.2562 -0.2220 -1.4219
0.0188 -0.0469 0.7531
0.0134 0.0731 0.9594
0.7212 -0.2853 -0.7781
0.2062 -0.3156 -0.7781
1.8125 -0.4525 -0.1219
1.8125 -0.4525 -0.6219
0.5888 -0.1603 1.2031
0.7688 -0.1603 1.2513
0.1688 -0.1906 1.2031
0.1688 -0.1031 1.1906
1.9500 -0.4156 -0.1219
2.0507 -0.5163 -0.1219
-0.4087 -0.1603 1.1375
-0.4087 -0.1335 1.1375
-0.0134 0.3731 1.1656
-0.0134 0.1931 1.0625
0.0000 -0.2906 -1.5844
0.1063 -0.3191 -1.5844
0.0000 -0.1406 1.5844
0.0435 -0.2281 1.5844
0.1688 -0.1906 1.3344
0.1688 -0.1906 1.2687
-0.0134 0.5531 1.4269
-0.0134 0.5531 1.2413
-0.0134 0.3731 1.1656
-0.0134 0.5531 1.2413
0.0778 -0.2128 -1.5844
0.1063 -0.2622 -1.5844
0.2062 -0.2585 -0.0344
0.2062 -0.2853 -0.0344
-0.2062 -0.2281 -0.7781
-0.7212 -0.2585 -0.7781
-0.8875 -0.4525 -0.2469
-0.8875 -0.4525 -0.7469
0.0000 -0.2906 -1.4156
0.0670 -0.5406 -1.4156
-0.1688 -0.1906 1.2031
-0.1688 -0.1031 1.1906
-1.0250 -0.4156 -0.2469
-1.1257 -0.5163 -0.2469
2.0087 -0.2853 -0.5302
2.0087 -0.2585 -0.5538
-0.0437 -0.0469 0.9594
-0.0437 -0.0469 1.0625
-0.2887 -0.1603 1.0719
-0.2887 -0.1335 1.0719
-0.2062 -0.2531 -0.8608
-0.2062 -0.2906 -0.8844
0.0000 -0.2906 -1.4219
0.1876 -0.1030 -1.4219
-0.1830 -0.1076 -1.4156
-0.0670 -0.0406 -1.4156
0.0167 0.0344 -1.2906
0.0067 -0.0406 -0.9031
0.0000 -0.2906 -1.4219
-0.1876 -0.4782 -1.4219
-1.9500 -0.4156 -0.1219
-2.0875 -0.4525 -0.1219
-0.1688 -0.1906 1.0719
-0.1688 -0.1906 1.1375
-1.1625 -0.3788 -0.7469
-1.1625 -0.4525 -0.7469
0.0000 -0.1406 1.5844
-0.1190 -0.0766 1.5844
1.9132 -0.5531 -0.1219
1.8493 -0.5163 -0.1219
0.0000 -0.2906 -1.5844
0.0285 -0.3969 -1.5844
0.0000 -0.1406 1.5844
-0.1190 -0.2047 1.5844
0.7212 -0.2585 -0.7781
1.2363 -0.2585 -0.6542
-0.2062 -0.2853 -0.0344
-1.1075 -0.2853 -0.0922
-0.0437 -0.0469 1.1656
-0.0437 -0.0469 1.2687
0.1876 -0.1030 -1.4219
0.2562 -0.2220 -1.4219
0.0000 -0.2906 -1.4156
-0.1830 -0.1076 -1.4156
0.1625 -0.1172 1.5844
0.1625 -0.1641 1.5844
0.0000 -0.2906 -1.4156
-0.1830 -0.4736 -1.4156
-0.9882 -0.5531 -0.2469
-0.9243 -0.5163 -0.2469
0.0134 0.1631 1.5300
-0.0134 0.1631 1.5300
0.0000 -0.2906 -1.4219
0.2562 -0.3593 -1.4219
-0.1063 -0.2622 -1.5844
-0.1063 -0.3191 -1.5844
-1.0618 -0.2781 -0.7469
-0.9882 -0.2781 -0.7469
0.9243 -0.3150 -0.2469
0.9882 -0.2781 -0.2469
-0.1190 -0.0766 1.5844
-0.0435 -0.0531 1.5844
-1.9132 -0.5531 -0.1219
-1.9132 -0.5531 -0.6219
0.0134 0.5531 1.4269
-0.0134 0.5531 1.4269
0.9882 -0.5531 -0.2469
0.9243 -0.5163 -0.2469
-0.0625 -0.0219 -1.2906
-0.0625 -0.0632 -1.2906
0.0000 -0.1406 1.5844
0.0435 -0.0531 1.5844
0.0670 -0.5406 -1.4156
-0.0670 -0.5406 -1.4156
1.8493 -0.3150 -0.1219
1.9132 -0.2781 -0.1219
-0.5888 -0.1603 1.2031
-0.4087 -0.1603 1.1375
-0.1688 -0.1906 1.3344
-0.1688 -0.1906 1.4000
-1.8125 -0.3788 -0.6219
-1.8493 -0.3150 -0.6219
0.0000 -0.2906 -1.4156
0.0670 -0.0406 -1.4156
-1.9868 -0.2781 -0.6219
-2.0507 -0.3150 -0.6219
2.7812 -0.2853 -0.2162
1.1075 -0.2853 -0.0922
-0.0188 -0.0469 0.7531
-0.0437 -0.0469 0.9594
-0.9243 -0.3150 -0.2469
-0.9882 -0.2781 -0.2469
-0.2062 -0.2531 -0.8608
-0.7212 -0.2585 -0.7781
0.0000 -0.2906 -1.4219
0.0687 -0.5469 -1.4219
2.7812 -0.2585 -0.2162
1.1075 -0.2585 -0.0922
0.8875 -0.3788 -0.7469
0.9243 -0.3150 -0.7469
0.5888 -0.1603 1.2031
0.1688 -0.1906 1.2031
1.0618 -0.2781 -0.7469
1.1257 -0.3150 -0.7469
-0.1688 -0.1906 1.1375
-0.4087 -0.1603 1.1375
-0.2062 -0.2281 -0.2823
-0.2062 -0.2281 -0.1583
0.0625 -0.0219 -1.2906
0.0625 -0.0632 -1.2906
-0.2062 -0.3156 -0.7781
-0.2062 -0.2281 -0.7781
0.0000 -0.1406 1.5844
0.1625 -0.1172 1.5844
0.2887 -0.1603 1.0719
0.2887 -0.1335 1.0719
1.9132 -0.5531 -0.1219
1.9132 -0.5531 -0.6219
-0.2062 -0.3156 -0.6542
-0.2062 -0.2281 -0.6542
-2.0507 -0.5163 -0.1219
-1.9868 -0.5531 -0.1219
1.8125 -0.3788 -0.6219
1.8493 -0.3150 -0.6219
-0.2062 -0.2853 -0.0344
-0.2062 -0.3156 -0.1583
0.1876 -0.1030 -1.4219
0.0778 -0.2128 -1.5844
0.2062 -0.2906 -0.8844
0.2062 -0.3156 -0.7781
-0.1688 -0.1906 1.3344
-0.1688 -0.1031 1.3344
1.9868 -0.2781 -0.6219
2.0507 -0.3150 -0.6219
1.2363 -0.2585 -0.6542
0.2062 -0.2281 -0.6542
-1.9500 -0.4156 -0.6219
-1.8125 -0.3788 -0.6219
-0.2062 -0.3156 -0.5302
-0.2062 -0.3156 -0.6542
2.7812 -0.2853 -0.2162
2.7812 -0.2853 -0.4393
2.0875 -0.3788 -0.1219
2.0875 -0.3788 -0.6219
-1.9868 -0.2781 -0.1219
-2.0507 -0.3150 -0.1219
-0.2062 -0.3156 -0.5302
-0.2062 -0.3156 -0.4062
0.1688 -0.1656 1.0156
0.2887 -0.1603 1.0719
-0.9882 -0.5531 -0.2469
-0.9882 -0.5531 -0.7469
-0.8875 -0.3788 -0.7469
-0.9243 -0.3150 -0.7469
0.0000 -0.2906 -1.4219
-0.1876 -0.1030 -1.4219
-0.1190 -0.0766 1.5844
-0.1830 -0.1076 -1.4156
-0.0167 0.0344 -1.2906
0.0167 0.0344 -1.2906
-0.2062 -0.3156 -0.2823
-2.7812 -0.2853 -0.2162
-0.7212 -0.2853 -0.7781
-1.2363 -0.2853 -0.6542
0.5888 -0.1335 1.1906
0.4087 -0.1335 1.1375
-0.2062 -0.2281 -0.2823
-0.2062 -0.2281 -0.4062
-1.1625 -0.3788 -0.2469
-1.1625 -0.3788 -0.7469
1.0618 -0.2781 -0.2469
1.1257 -0.3150 -0.2469
0.5888 -0.1335 1.1906
0.7688 -0.1335 1.2513
-0.2062 -0.2585 -0.0344
-0.2062 -0.2281 -0.1583
0.9882 -0.5531 -0.2469
0.9882 -0.5531 -0.7469
-0.0625 -0.0219 -1.2906
-0.0250 -0.0536 -0.9031
-1.8125 -0.3788 -0.1219
-1.8125 -0.3788 -0.6219
0.2062 -0.3156 -0.4062
0.2062 -0.2281 -0.4062
0.0000 -0.1406 1.5844
0.1190 -0.2047 1.5844
-0.0437 -0.0469 1.1656
-0.0134 0.3731 1.1656
-2.7812 -0.2853 -0.4393
-2.7812 -0.2585 -0.4393
0.2062 -0.3156 -0.1583
0.2062 -0.2281 -0.1583
0.7688 -0.1335 1.3694
0.1688 -0.1031 1.3344
0.1688 -0.1031 1.0719
0.1688 -0.1031 1.1375
-0.3787 -0.1335 1.4350
-0.1688 -0.1031 1.4000
-1.9500 -0.4156 -0.6219
-1.9132 -0.2781 -0.6219
0.2062 -0.2281 -0.5538
0.2062 -0.2281 -0.6542
-0.7688 -0.1335 1.3694
-0.7688 -0.1335 1.2513
-0.5888 -0.1335 1.1906
-0.7688 -0.1335 1.2513
-0.2887 -0.1603 1.0719
-0.1688 -0.1906 1.0719
0.8875 -0.3788 -0.2469
0.8875 -0.3788 -0.7469
0.0183 -0.0454 -0.9031
0.0250 -0.0536 -0.9031
0.0000 -0.2906 -1.4219
0.0687 -0.0344 -1.4219
-2.0087 -0.2853 -0.5302
-2.7812 -0.2853 -0.4393
-0.2562 -0.2220 -1.4219
-0.1063 -0.2622 -1.5844
-0.2062 -0.3156 -0.2823
-0.2062 -0.3156 -0.4062
-0.1688 -0.1335 1.4656
-0.1688 -0.1603 1.4656
0.0435 -0.2281 1.5844
-0.0435 -0.2281 1.5844
1.8125 -0.3788 -0.1219
1.8125 -0.3788 -0.6219
0.0000 -0.1406 1.5844
-0.1625 -0.1172 1.5844
0.1688 -0.1031 1.1906
0.1688 -0.1031 1.2687
-0.5888 -0.1603 1.2031
-0.5888 -0.1335 1.1906
0.7688 -0.1335 1.3694
0.7688 -0.1335 1.2513
-1.9500 -0.4156 -0.6219
-2.0507 -0.5163 -0.6219
0.1063 -0.2622 -1.5844
0.1063 -0.3191 -1.5844
-1.9868 -0.2781 -0.1219
-1.9868 -0.2781 -0.6219
1.0250 -0.4156 -0.7469
0.8875 -0.3788 -0.7469
0.0437 -0.0469 1.3719
0.0437 -0.0469 1.4750
-0.0670 -0.0406 -1.4156
0.0670 -0.0406 -1.4156
-0.0000 -0.0584 -0.9031
0.0183 -0.0454 -0.9031
-1.9500 -0.4156 -0.1219
-1.9132 -0.2781 -0.1219
0.1190 -0.0766 1.5844
0.1830 -0.1076 -1.4156
0.2062 -0.2853 -0.0344
1.1075 -0.2853 -0.0922
1.0618 -0.2781 -0.2469
1.0618 -0.2781 -0.7469
0.0437 -0.0469 0.9594
0.0437 -0.0469 1.0625
-0.2062 -0.2585 -0.0344
-1.1075 -0.2585 -0.0922
-2.0875 -0.4525 -0.6219
-2.0507 -0.5163 -0.6219
1.9500 -0.4156 -0.6219
1.8125 -0.3788 -0.6219
-0.0687 -0.0344 -1.4219
-0.1876 -0.1030 -1.4219
1.9868 -0.2781 -0.1219
2.0507 -0.3150 -0.1219
-0.1625 -0.1172 1.5844
-0.1625 -0.1641 1.5844
0.1688 -0.1281 1.0281
0.1688 -0.1031 1.0719
1.0250 -0.4156 -0.2469
0.9882 -0.2781 -0.2469
-1.9500 -0.4156 -0.6219
-1.9132 -0.5531 -0.6219
0.0437 -0.0469 1.0625
0.0134 0.1931 1.0625
0.2562 -0.2220 -1.4219
0.2562 -0.3593 -1.4219
1.1625 -0.4525 -0.7469
1.1257 -0.5163 -0.7469
-1.0250 -0.4156 -0.7469
-0.8875 -0.3788 -0.7469
1.0250 -0.4156 -0.7469
1.1625 -0.3788 -0.7469
0.1688 -0.1906 1.4000
0.3787 -0.1603 1.4350
1.0250 -0.4156 -0.7469
0.9882 -0.2781 -0.7469
-1.0618 -0.2781 -0.2469
-1.1257 -0.3150 -0.2469
0.0134 0.1931 1.0625
-0.0134 0.1931 1.0625
0.0437 -0.0469 1.3719
-0.0437 -0.0469 1.3719
-1.8493 -0.5163 -0.1219
-1.8125 -0.4525 -0.1219
0.3787 -0.1603 1.4350
0.3787 -0.1335 1.4350
1.9500 -0.4156 -0.1219
1.9132 -0.2781 -0.1219
-0.0000 -0.0584 -0.9031
0.0250 -0.0632 -0.9031
2.0875 -0.4525 -0.6219
2.0507 -0.5163 -0.6219
0.0435 -0.2281 1.5844
0.0670 -0.5406 -1.4156
1.9500 -0.4156 -0.6219
2.0875 -0.3788 -0.6219
-0.0687 -0.5469 -1.4219
-0.0285 -0.3969 -1.5844
0.0285 -0.3969 -1.5844
-0.0285 -0.3969 -1.5844
0.2062 -0.2531 -0.8608
0.2062 -0.2906 -0.8844
1.9500 -0.4156 -0.6219
1.9132 -0.2781 -0.6219
-0.8875 -0.3788 -0.2469
-0.8875 -0.3788 -0.7469
0.9243 -0.5163 -0.2469
0.8875 -0.4525 -0.2469
-1.0250 -0.4156 -0.2469
-0.9882 -0.2781 -0.2469
-1.1625 -0.4525 -0.7469
-1.1257 -0.5163 -0.7469
-1.9500 -0.4156 -0.6219
-1.8125 -0.4525 -0.6219
0.0134 0.5531 1.2413
0.0437 -0.0469 1.2687
-1.0250 -0.4156 -0.7469
-1.1625 -0.3788 -0.7469
-0.1625 -0.1641 1.5844
-0.2500 -0.3576 -1.4156
0.0134 0.3731 1.1656
0.0134 0.1931 1.0625
-0.7688 -0.1335 1.3694
-0.3787 -0.1335 1.4350
-1.8493 -0.3150 -0.6219
-1.9132 -0.2781 -0.6219
-2.0087 -0.2853 -0.5302
-0.2062 -0.3156 -0.5302
-1.0250 -0.4156 -0.7469
-0.9882 -0.2781 -0.7469
1.0250 -0.4156 -0.7469
1.1257 -0.5163 -0.7469
-2.0507 -0.3150 -0.6219
-2.0875 -0.3788 -0.6219
0.0458 0.0138 -1.2906
0.0183 -0.0454 -0.9031
1.8493 -0.5163 -0.1219
1.8125 -0.4525 -0.1219
-0.2887 -0.1335 1.0719
-0.4087 -0.1335 1.1375
0.0134 -0.0469 1.5781
0.0134 0.1631 1.5300
-2.0875 -0.4525 -0.1219
-2.0875 -0.4525 -0.6219
0.2062 -0.3156 -0.7781
0.2062 -0.2281 -0.7781
-0.0000 -0.0584 -0.9031
-0.0067 -0.0406 -0.9031
0.0687 -0.0344 -1.4219
-0.0687 -0.0344 -1.4219
-1.9500 -0.4156 -0.1219
-1.9132 -0.5531 -0.1219
-0.0134 0.1631 1.5300
-0.0437 -0.0469 1.4750
0.9243 -0.3150 -0.7469
0.9882 -0.2781 -0.7469
0.2062 -0.2853 -0.0344
0.2062 -0.3156 -0.1583
0.1688 -0.1031 1.1906
0.5888 -0.1335 1.1906
1.9500 -0.4156 -0.6219
2.0507 -0.5163 -0.6219
0.1688 -0.1906 1.0719
0.1688 -0.1906 1.1375
0.7688 -0.1603 1.3694
0.3787 -0.1603 1.4350
-0.4087 -0.1335 1.1375
-0.1688 -0.1031 1.1375
1.9868 -0.2781 -0.1219
1.9868 -0.2781 -0.6219
1.1625 -0.4525 -0.2469
1.1625 -0.4525 -0.7469
-0.2062 -0.2906 -0.8844
-0.7212 -0.2853 -0.7781
1.0250 -0.4156 -0.2469
0.9882 -0.5531 -0.2469
-1.9500 -0.4156 -0.6219
-2.0507 -0.3150 -0.6219
-0.0000 -0.0426 -1.2906
0.0625 -0.0632 -1.2906
0.2562 -0.2220 -1.4219
0.1063 -0.2622 -1.5844
-1.0250 -0.4156 -0.7469
-1.1257 -0.5163 -0.7469
0.2062 -0.3156 -0.2823
2.7812 -0.2853 -0.2162
-0.7688 -0.1603 1.3694
-0.3787 -0.1603 1.4350
1.0250 -0.4156 -0.7469
0.9882 -0.5531 -0.7469
-0.1063 -0.3191 -1.5844
-0.0778 -0.3684 -1.5844
0.7212 -0.2853 -0.7781
1.2363 -0.2853 -0.6542
-0.0435 -0.0531 1.5844
0.0435 -0.0531 1.5844
-2.0087 -0.2585 -0.5538
-1.2363 -0.2585 -0.6542
-1.0618 -0.2781 -0.2469
-1.0618 -0.2781 -0.7469
2.0875 -0.4525 -0.1219
2.0875 -0.4525 -0.6219
-2.0087 -0.2585 -0.5538
-2.7812 -0.2585 -0.4393
0.4087 -0.1603 1.1375
0.4087 -0.1335 1.1375
-1.8493 -0.5163 -0.1219
-1.8493 -0.5163 -0.6219
1.9500 -0.4156 -0.1219
1.9132 -0.5531 -0.1219
-0.1688 -0.1906 1.2687
-0.1688 -0.1031 1.2687
-0.0000 -0.0584 -0.9031
-0.0250 -0.0536 -0.9031
-1.9500 -0.4156 -0.1219
-1.8125 -0.4525 -0.1219
2.7812 -0.2853 -0.4393
2.7812 -0.2585 -0.4393
-2.7812 -0.2585 -0.2162
-0.2062 -0.2281 -0.2823
1.9500 -0.4156 -0.6219
1.9132 -0.5531 -0.6219
-0.2062 -0.2281 -0.7781
-0.2062 -0.2281 -0.6542
0.7688 -0.1603 1.3694
0.7688 -0.1603 1.2513
-0.1688 -0.1031 1.2687
-0.7688 -0.1335 1.2513
-1.1625 -0.4525 -0.2469
-1.1625 -0.4525 -0.7469
-0.1688 -0.1031 1.1906
-0.1688 -0.1031 1.1375
1.9132 -0.5531 -0.6219
1.8493 -0.5163 -0.6219
0.9243 -0.5163 -0.2469
0.9243 -0.5163 -0.7469
-1.0250 -0.4156 -0.2469
-0.9882 -0.5531 -0.2469
0.2062 -0.3156 -0.6542
0.2062 -0.2281 -0.6542
-1.8493 -0.3150 -0.1219
-1.8493 -0.3150 -0.6219
2.0087 -0.2853 -0.5302
2.7812 -0.2853 -0.4393
-0.0000 -0.0426 -1.2906
-0.0167 0.0344 -1.2906
1.0250 -0.4156 -0.2469
0.8875 -0.4525 -0.2469
0.2500 -0.2236 -1.4156
0.2500 -0.3576 -1.4156
-1.0250 -0.4156 -0.7469
-0.9882 -0.5531 -0.7469
0.2062 -0.3156 -0.5302
0.2062 -0.3156 -0.6542
-0.7688 -0.1603 1.3694
-0.7688 -0.1603 1.2513
0.2062 -0.3156 -0.2823
0.2062 -0.3156 -0.4062
0.2062 -0.3156 -0.5302
0.2062 -0.3156 -0.4062
-0.9882 -0.5531 -0.7469
-0.9243 -0.5163 -0.7469
-0.2562 -0.3593 -1.4219
-0.1876 -0.4782 -1.4219
1.8493 -0.5163 -0.1219
1.8493 -0.5163 -0.6219
0.0687 -0.0344 -1.4219
0.1876 -0.1030 -1.4219
-0.2062 -0.2281 -0.5538
-0.2062 -0.2281 -0.4062
1.9500 -0.4156 -0.1219
1.8125 -0.4525 -0.1219
-1.9500 -0.4156 -0.1219
-2.0507 -0.3150 -0.1219
-0.9243 -0.5163 -0.2469
-0.8875 -0.4525 -0.2469
-1.9500 -0.4156 -0.1219
-1.8493 -0.3150 -0.1219
0.0000 -0.2906 -1.5844
-0.0778 -0.2128 -1.5844
-2.7812 -0.2585 -0.2162
-2.7812 -0.2585 -0.4393
0.2062 -0.2585 -0.0344
0.2062 -0.2281 -0.1583
-0.0250 -0.0536 -0.9031
-0.0250 -0.0632 -0.9031
-0.0134 -0.0469 1.5781
0.0134 -0.0469 1.5781
-0.0435 -0.2281 1.5844
-0.1190 -0.2047 1.5844
1.8493 -0.3150 -0.6219
1.9132 -0.2781 -0.6219
0.1688 -0.1906 1.1375
0.4087 -0.1603 1.1375
-0.1625 -0.1172 1.5844
-0.1190 -0.0766 1.5844
-1.0250 -0.4156 -0.2469
-0.8875 -0.4525 -0.2469
1.0250 -0.4156 -0.2469
1.1257 -0.3150 -0.2469
-0.7688 -0.1603 1.2513
-0.1688 -0.1906 1.2687
-0.0000 -0.0426 -1.2906
-0.0625 -0.0219 -1.2906
1.0250 -0.4156 -0.2469
0.9243 -0.3150 -0.2469
0.0134 0.3731 1.1656
-0.0134 0.3731 1.1656
-2.0507 -0.3150 -0.1219
-2.0875 -0.3788 -0.1219
-2.7812 -0.2853 -0.2162
-2.7812 -0.2585 -0.2162
-0.9243 -0.3150 -0.7469
-0.9882 -0.2781 -0.7469
-0.0435 -0.0531 1.5844
-0.0670 -0.0406 -1.4156
0.0687 -0.5469 -1.4219
0.0285 -0.3969 -1.5844
-0.1688 -0.1603 1.4656
-0.3787 -0.1603 1.4350
1.9500 -0.4156 -0.1219
2.0507 -0.3150 -0.1219
0.2062 -0.2281 -0.2823
0.2062 -0.2281 -0.1583
0.2062 -0.2281 -0.4062
2.7812 -0.2585 -0.4393
1.9500 -0.4156 -0.1219
1.8493 -0.3150 -0.1219
