0.1941 -0.3248 -1.3059
0.1681 -0.3248 -1.4029
-0.2779 0.2779 0.4754
-0.3750 0.0971 0.4754
0.2745 0.2745 0.4754
0.2745 0.2745 0.1941
0.0000 0.1875 -1.6421
0.0000 -0.0000 -1.6941
0.0000 0.0000 0.1941
-0.1005 -0.3750 0.1941
0.2779 0.2779 0.4754
0.1373 0.1373 0.8504
0.0000 0.0000 0.8504
-0.1373 0.1373 0.8504
0.3750 -0.1005 0.1941
0.3750 -0.1005 -1.3059
-0.2745 0.2745 -1.3059
-0.1005 0.3750 -1.3059
0.1941 -0.0000 -1.6421
0.1681 -0.1875 -1.5971
0.0000 -0.0000 0.1941
-0.1005 -0.3750 0.1941
-0.3750 0.1005 0.4754
-0.2745 0.2745 0.4754
0.1681 -0.3248 -1.4029
0.0971 -0.3248 -1.4740
0.0000 -0.0000 0.4754
-0.3750 0.0971 0.4754
0.0000 0.0000 -1.3059
-0.1005 -0.3750 -1.3059
0.1875 -0.1875 0.8504
0.1875 0.1875 0.8504
0.1868 -0.1962 1.6941
0.1868 -0.1962 1.1316
0.0000 0.3750 -1.3059
0.0000 0.3248 -1.5000
0.1681 -0.1875 -1.5971
0.0971 -0.3248 -1.4740
-0.2745 -0.2745 0.4754
-0.3750 -0.1005 0.4754
-0.3750 -0.1005 0.1941
-0.3750 -0.1005 -1.3059
0.1681 0.3248 -1.4029
0.0971 0.3248 -1.4740
0.0000 -0.3750 -1.3059
0.1941 -0.3248 -1.3059
0.2745 -0.2745 0.4754
0.2745 -0.2745 0.1941
0.0000 0.0000 0.1941
-0.2745 -0.2745 0.1941
0.1875 0.1875 0.8504
-0.1875 0.1875 0.8504
-0.3194 0.3194 1.6941
-0.3194 0.3194 1.1316
-0.3750 0.1005 0.1941
-0.2745 0.2745 0.1941
0.0000 0.0000 0.8504
-0.1875 0.0502 0.8504
-0.1005 -0.3750 0.1941
-0.1005 -0.3750 -1.3059
0.3362 0.1875 -1.3059
0.2912 0.1875 -1.4740
0.1681 0.1875 -1.5971
0.0000 0.1875 -1.6421
0.1005 0.3750 0.1941
0.2745 0.2745 0.1941
-0.1373 -0.1373 0.8504
-0.0502 -0.1875 0.8504
-0.1875 -0.1875 1.6941
-0.1875 -0.1875 0.8504
0.0000 -0.0000 0.1941
-0.2745 -0.2745 0.1941
0.0000 -0.3750 -1.3059
-0.1941 -0.3248 -1.3059
0.1373 -0.1373 0.8504
0.1875 -0.0502 0.8504
-0.2779 -0.2779 0.4754
-0.1373 -0.1373 0.8504
0.0000 -0.0000 0.4754
-0.3750 -0.0971 0.4754
0.0000 0.0000 -1.3059
-0.2745 -0.2745 -1.3059
0.0000 0.0000 0.8504
0.0502 -0.1875 0.8504
-0.3750 0.0971 0.4754
-0.1875 0.0502 0.8504
0.0000 0.1875 -1.6421
-0.1681 0.1875 -1.5971
0.0000 0.0000 0.1941
-0.3750 -0.1005 0.1941
0.0000 0.0000 0.8504
-0.1875 -0.0502 0.8504
0.1875 -0.1875 1.6941
-0.1875 -0.1875 1.6941
0.0971 0.3248 -1.4740
0.1681 0.1875 -1.5971
-0.2745 0.2745 0.1941
-0.1005 0.3750 0.1941
-0.0971 0.3248 -1.4740
-0.1681 0.1875 -1.5971
-0.0971 0.3750 0.4754
-0.0502 0.1875 0.8504
0.1941 -0.0000 -1.6421
0.0000 -0.0000 -1.6941
0.0971 -0.3750 0.4754
0.2779 -0.2779 0.4754
0.1005 -0.3750 0.4754
0.1005 -0.3750 0.1941
0.0000 -0.0000 0.4754
0.2779 -0.2779 0.4754
0.2745 0.2745 0.1941
0.3750 0.1005 0.1941
-0.2745 0.2745 0.4754
-0.2745 0.2745 0.1941
-0.1875 -0.1875 1.6941
-0.1875 0.1875 1.6941
0.2912 -0.1875 -1.4740
0.1681 -0.1875 -1.5971
0.0000 0.0000 -1.3059
-0.3750 -0.1005 -1.3059
0.0000 0.3750 -1.3059
0.0971 0.3248 -1.4740
0.0000 -0.0000 0.4754
-0.2779 -0.2779 0.4754
-0.2745 -0.2745 0.1941
-0.2745 -0.2745 -1.3059
0.3750 -0.1005 0.4754
0.3750 -0.1005 0.1941
0.0000 0.0000 0.1941
0.1005 0.3750 0.1941
-0.3750 -0.1005 0.4754
-0.3750 -0.1005 0.1941
0.1875 -0.1875 1.6941
0.1875 0.1875 1.6941
0.0000 0.0000 0.8504
0.1373 -0.1373 0.8504
0.0000 -0.0000 0.4754
-0.1005 -0.3750 0.4754
-0.1875 -0.1875 0.8504
-0.1875 0.1875 0.8504
0.0000 0.0000 0.1941
-0.3750 0.1005 0.1941
0.0971 0.3750 0.4754
-0.0971 0.3750 0.4754
0.1005 -0.3750 0.1941
0.1005 -0.3750 -1.3059
0.2745 0.2745 -1.3059
0.3750 0.1005 -1.3059
-0.2745 0.2745 0.1941
-0.2745 0.2745 -1.3059
-0.1005 -0.3750 0.4754
-0.1005 -0.3750 0.1941
0.0000 0.0000 0.8504
-0.1373 -0.1373 0.8504
0.0000 -0.0000 0.1941
0.1005 0.3750 0.1941
0.1005 0.3750 0.4754
0.2745 0.2745 0.4754
-0.1681 0.1875 -1.5971
-0.1941 -0.0000 -1.6421
0.3750 0.0971 0.4754
0.2779 0.2779 0.4754
0.0000 -0.3750 -1.3059
-0.1681 -0.3248 -1.4029
0.0000 0.0000 -1.3059
0.1005 0.3750 -1.3059
0.0502 -0.1875 0.8504
0.1373 -0.1373 0.8504
0.0000 -0.0000 0.4754
0.3750 -0.0971 0.4754
-0.3750 -0.0971 0.4754
-0.1875 -0.0502 0.8504
0.0000 -0.0000 -1.6941
0.0000 -0.1875 -1.6421
0.0000 -0.0000 0.4754
-0.0971 -0.3750 0.4754
0.0000 0.0000 -1.3059
-0.3750 0.1005 -1.3059
-0.3362 -0.0000 -1.5000
-0.2912 -0.1875 -1.4740
0.2779 -0.2779 0.4754
0.3750 -0.0971 0.4754
0.0000 -0.3248 -1.5000
-0.0971 -0.3248 -1.4740
-0.1941 -0.0000 -1.6421
-0.1681 -0.1875 -1.5971
0.0000 0.0000 0.1941
0.2745 0.2745 0.1941
0.1875 0.0502 0.8504
0.1373 0.1373 0.8504
0.0971 -0.3248 -1.4740
0.0000 -0.3248 -1.5000
-0.2779 0.2779 0.4754
-0.1373 0.1373 0.8504
0.0000 0.3750 -1.3059
-0.1941 0.3248 -1.3059
0.0000 -0.0000 0.4754
-0.2745 -0.2745 0.4754
0.0000 0.0000 0.8504
0.1875 -0.0502 0.8504
-0.1681 -0.1875 -1.5971
-0.0971 -0.3248 -1.4740
0.0000 0.0000 0.1941
-0.2745 0.2745 0.1941
0.0000 0.3248 -1.5000
-0.0971 0.3248 -1.4740
0.0000 -0.1875 -1.6421
0.0000 -0.3248 -1.5000
-0.3750 0.1005 0.1941
-0.2745 0.2745 0.1941
0.0971 0.3248 -1.4740
0.0000 0.3248 -1.5000
-0.0971 0.3248 -1.4740
-0.1681 0.3248 -1.4029
0.1868 0.1868 1.6941
0.1868 0.1868 1.1316
0.1005 0.3750 0.1941
0.2745 0.2745 0.1941
-0.3750 0.1005 0.4754
-0.3750 0.1005 0.1941
-0.1868 0.1868 1.6941
-0.3194 0.3194 1.6941
0.0000 -0.0000 0.4754
0.3750 0.0971 0.4754
0.0000 0.0000 -1.3059
0.2745 0.2745 -1.3059
0.1875 0.1875 1.6941
0.1875 0.1875 0.8504
0.2912 0.1875 -1.4740
0.1681 0.1875 -1.5971
0.0000 0.3750 -1.3059
0.1681 0.3248 -1.4029
0.3750 0.1005 -1.3059
0.3750 -0.1005 -1.3059
0.0000 0.0000 -1.3059
-0.2745 0.2745 -1.3059
-0.1005 0.3750 0.1941
-0.1005 0.3750 -1.3059
0.3750 -0.1005 0.1941
0.2745 -0.2745 0.1941
-0.2912 -0.1875 -1.4740
-0.1681 -0.3248 -1.4029
-0.2745 -0.2745 0.4754
-0.2745 -0.2745 0.1941
0.0000 0.0000 0.1941
0.3750 0.1005 0.1941
0.2779 0.2779 0.4754
0.0971 0.3750 0.4754
0.0000 0.0000 0.8504
0.1875 0.0502 0.8504
0.0000 -0.0000 0.4754
-0.3750 -0.1005 0.4754
0.1005 0.3750 -1.3059
0.2745 0.2745 -1.3059
-0.3750 0.1005 0.1941
-0.3750 0.1005 -1.3059
0.3750 -0.0971 0.4754
0.3750 0.0971 0.4754
0.0000 -0.3750 -1.3059
-0.0971 -0.3248 -1.4740
-0.1681 0.1875 -1.5971
-0.2912 0.1875 -1.4740
0.0000 -0.0000 0.4754
0.2779 0.2779 0.4754
0.0000 0.0000 -1.3059
0.3750 0.1005 -1.3059
-0.1868 0.1868 1.1316
-0.3194 0.3194 1.1316
-0.1681 0.3248 -1.4029
-0.2912 0.1875 -1.4740
0.0000 -0.0000 0.1941
-0.3750 -0.1005 0.1941
0.3882 -0.0000 -1.3059
0.3362 -0.1875 -1.3059
0.0000 -0.0000 -1.6941
-0.1941 -0.0000 -1.6421
0.0000 0.0000 -1.3059
-0.1005 0.3750 -1.3059
-0.3362 -0.0000 -1.5000
-0.3882 -0.0000 -1.3059
0.1005 0.3750 0.1941
-0.1005 0.3750 0.1941
0.0000 -0.0000 0.4754
0.1005 0.3750 0.4754
0.2745 -0.2745 0.4754
0.1005 -0.3750 0.4754
0.0000 0.3750 -1.3059
-0.1681 0.3248 -1.4029
0.0000 0.0000 0.1941
0.3750 -0.1005 0.1941
0.1875 -0.0502 0.8504
0.1875 0.0502 0.8504
0.1875 -0.1875 0.8504
-0.1875 -0.1875 0.8504
0.3194 0.3194 1.6941
0.3194 0.3194 1.1316
0.0000 -0.0000 0.4754
-0.3750 0.1005 0.4754
0.1681 -0.1875 -1.5971
0.0000 -0.1875 -1.6421
0.2745 0.2745 0.1941
0.3750 0.1005 0.1941
-0.1681 -0.1875 -1.5971
-0.2912 -0.1875 -1.4740
-0.1005 -0.3750 0.1941
-0.2745 -0.2745 0.1941
0.3362 -0.1875 -1.3059
0.1941 -0.3248 -1.3059
0.0000 -0.1875 -1.6421
-0.1681 -0.1875 -1.5971
0.3750 0.1005 0.4754
0.3750 -0.1005 0.4754
-0.1868 -0.1962 1.6941
-0.1868 -0.1962 1.1316
0.1005 0.3750 -1.3059
-0.1005 0.3750 -1.3059
-0.0971 -0.3750 0.4754
-0.0502 -0.1875 0.8504
-0.1373 0.1373 0.8504
-0.1875 0.0502 0.8504
-0.1875 -0.1875 1.6941
-0.1875 -0.1875 0.8504
0.2745 -0.2745 0.1941
0.1005 -0.3750 0.1941
0.0000 0.0000 -1.3059
0.3750 -0.1005 -1.3059
0.0000 0.3750 -1.3059
0.1941 0.3248 -1.3059
0.0000 -0.0000 0.4754
0.0971 0.3750 0.4754
0.0000 -0.0000 0.1941
-0.3750 0.1005 0.1941
-0.2912 0.1875 -1.4740
-0.3362 -0.0000 -1.5000
0.0502 0.1875 0.8504
-0.0502 0.1875 0.8504
0.1875 -0.1875 1.6941
0.1875 -0.1875 0.8504
0.0000 -0.0000 0.4754
0.2745 0.2745 0.4754
0.3750 0.1005 0.1941
0.3750 -0.1005 0.1941
-0.2912 -0.1875 -1.4740
-0.3362 -0.1875 -1.3059
0.0971 -0.3750 0.4754
-0.0971 -0.3750 0.4754
-0.3194 -0.3288 1.6941
-0.1868 -0.1962 1.6941
0.0000 -0.0000 0.4754
-0.2745 0.2745 0.4754
-0.3882 -0.0000 -1.3059
-0.3362 -0.1875 -1.3059
-0.0971 -0.3248 -1.4740
-0.1681 -0.3248 -1.4029
0.3750 0.1005 0.1941
0.3750 -0.1005 0.1941
-0.1005 0.3750 0.4754
-0.1005 0.3750 0.1941
0.0000 -0.3750 -1.3059
0.0000 -0.3248 -1.5000
-0.2745 -0.2745 0.1941
-0.3750 -0.1005 0.1941
0.3750 0.0971 0.4754
0.1875 0.0502 0.8504
-0.0971 0.3750 0.4754
-0.2779 0.2779 0.4754
0.0000 0.0000 0.8504
-0.0502 -0.1875 0.8504
0.1005 -0.3750 0.4754
-0.1005 -0.3750 0.4754
0.3194 -0.3288 1.6941
0.1868 -0.1962 1.6941
0.0000 -0.0000 0.1941
0.2745 0.2745 0.1941
0.0000 -0.0000 0.4754
-0.0971 0.3750 0.4754
0.0000 0.0000 -1.3059
0.2745 -0.2745 -1.3059
0.2745 -0.2745 -1.3059
0.1005 -0.3750 -1.3059
0.1941 0.3248 -1.3059
0.3362 0.1875 -1.3059
0.1005 -0.3750 0.1941
-0.1005 -0.3750 0.1941
-0.1681 0.3248 -1.4029
-0.1941 0.3248 -1.3059
0.0000 -0.0000 0.1941
-0.2745 0.2745 0.1941
0.2779 -0.2779 0.4754
0.1373 -0.1373 0.8504
0.3882 -0.0000 -1.3059
0.3362 -0.0000 -1.5000
0.3750 -0.1005 0.4754
0.2745 -0.2745 0.4754
0.1005 0.3750 0.4754
-0.1005 0.3750 0.4754
0.0000 -0.0000 0.4754
0.3750 0.1005 0.4754
0.3194 -0.3288 1.1316
0.1868 -0.1962 1.1316
0.0502 -0.1875 0.8504
-0.0502 -0.1875 0.8504
-0.1875 0.0502 0.8504
-0.1875 -0.0502 0.8504
0.0000 -0.0000 0.4754
-0.1005 0.3750 0.4754
0.1005 -0.3750 0.1941
-0.1005 -0.3750 0.1941
0.3362 0.1875 -1.3059
0.3882 -0.0000 -1.3059
0.2745 0.2745 0.4754
0.3750 0.1005 0.4754
-0.1005 -0.3750 0.4754
-0.2745 -0.2745 0.4754
-0.3362 -0.1875 -1.3059
-0.1941 -0.3248 -1.3059
0.0000 0.0000 0.1941
-0.1005 0.3750 0.1941
-0.0502 0.1875 0.8504
-0.1373 0.1373 0.8504
0.1875 0.1875 1.6941
0.1875 0.1875 0.8504
0.3750 -0.1005 0.1941
0.2745 -0.2745 0.1941
0.0000 -0.0000 0.1941
0.3750 0.1005 0.1941
0.1005 0.3750 0.1941
0.1005 0.3750 -1.3059
0.0000 -0.0000 0.4754
-0.2779 0.2779 0.4754
0.0000 0.0000 -1.3059
0.1005 -0.3750 -1.3059
0.1373 0.1373 0.8504
0.0502 0.1875 0.8504
-0.1875 0.1875 1.6941
-0.1875 0.1875 0.8504
0.0000 -0.0000 0.1941
-0.1005 0.3750 0.1941
-0.2912 0.1875 -1.4740
-0.3362 0.1875 -1.3059
-0.1875 -0.0502 0.8504
-0.1373 -0.1373 0.8504
0.0000 -0.0000 0.4754
0.3750 -0.1005 0.4754
0.1005 0.3750 0.1941
-0.1005 0.3750 0.1941
-0.3750 -0.1005 0.1941
-0.3750 0.1005 0.1941
-0.1941 0.3248 -1.3059
-0.3362 0.1875 -1.3059
-0.3750 -0.1005 0.1941
-0.3750 0.1005 0.1941
0.3362 -0.0000 -1.5000
0.2912 -0.1875 -1.4740
-0.1941 -0.0000 -1.6421
-0.3362 -0.0000 -1.5000
0.0000 0.0000 0.8504
0.1373 0.1373 0.8504
0.0000 -0.3750 -1.3059
0.0971 -0.3248 -1.4740
-0.1005 -0.3750 0.1941
-0.2745 -0.2745 0.1941
0.3750 -0.0971 0.4754
0.1875 -0.0502 0.8504
0.1868 0.1868 1.6941
0.3194 0.3194 1.6941
0.1875 -0.1875 1.6941
0.1875 -0.1875 0.8504
0.1875 0.1875 1.6941
-0.1875 0.1875 1.6941
0.3750 -0.1005 -1.3059
0.2745 -0.2745 -1.3059
0.0000 -0.0000 0.1941
0.3750 -0.1005 0.1941
-0.3750 -0.1005 -1.3059
-0.3750 0.1005 -1.3059
0.2912 -0.1875 -1.4740
0.1681 -0.3248 -1.4029
0.2745 -0.2745 0.1941
0.1005 -0.3750 0.1941
0.0971 -0.3750 0.4754
0.0502 -0.1875 0.8504
0.1941 0.3248 -1.3059
0.1681 0.3248 -1.4029
-0.2779 -0.2779 0.4754
-0.0971 -0.3750 0.4754
0.0000 -0.0000 0.4754
0.2745 -0.2745 0.4754
-0.1005 -0.3750 -1.3059
-0.2745 -0.2745 -1.3059
0.2745 0.2745 0.1941
0.2745 0.2745 -1.3059
-0.3362 0.1875 -1.3059
-0.3882 -0.0000 -1.3059
0.0000 0.0000 0.1941
0.2745 -0.2745 0.1941
0.3750 0.1005 0.4754
0.3750 0.1005 0.1941
-0.3750 0.0971 0.4754
-0.3750 -0.0971 0.4754
0.0971 0.3750 0.4754
0.0502 0.1875 0.8504
0.0000 0.0000 0.8504
0.0502 0.1875 0.8504
0.0000 -0.0000 0.4754
0.0971 -0.3750 0.4754
0.1868 0.1868 1.1316
0.3194 0.3194 1.1316
0.2745 -0.2745 0.1941
0.2745 -0.2745 -1.3059
0.1005 0.3750 0.4754
0.1005 0.3750 0.1941
0.0000 -0.0000 0.1941
0.2745 -0.2745 0.1941
-0.1681 -0.3248 -1.4029
-0.1941 -0.3248 -1.3059
-0.2745 0.2745 0.4754
-0.1005 0.3750 0.4754
-0.3194 -0.3288 1.1316
-0.1868 -0.1962 1.1316
0.3750 0.1005 0.1941
0.3750 0.1005 -1.3059
0.0000 -0.0000 0.4754
0.1005 -0.3750 0.4754
-0.2745 -0.2745 0.1941
-0.3750 -0.1005 0.1941
0.1681 0.3248 -1.4029
0.2912 0.1875 -1.4740
0.0000 0.3750 -1.3059
-0.0971 0.3248 -1.4740
-0.3750 -0.1005 0.4754
-0.3750 0.1005 0.4754
0.0000 0.3248 -1.5000
0.0000 0.1875 -1.6421
-0.3194 -0.3288 1.6941
-0.3194 -0.3288 1.1316
-0.3750 0.1005 -1.3059
-0.2745 0.2745 -1.3059
0.0000 -0.3750 -1.3059
0.1681 -0.3248 -1.4029
0.3362 -0.0000 -1.5000
0.1941 -0.0000 -1.6421
0.0000 0.0000 0.1941
0.1005 -0.3750 0.1941
-0.1875 0.1875 1.6941
-0.1875 0.1875 0.8504
0.0000 0.0000 0.8504
-0.0502 0.1875 0.8504
0.3194 -0.3288 1.6941
0.3194 -0.3288 1.1316
-0.2745 0.2745 0.1941
-0.1005 0.3750 0.1941
0.1681 0.1875 -1.5971
0.1941 -0.0000 -1.6421
-0.2745 -0.2745 -1.3059
-0.3750 -0.1005 -1.3059
0.2912 0.1875 -1.4740
0.3362 -0.0000 -1.5000
0.3362 -0.1875 -1.3059
0.2912 -0.1875 -1.4740
0.0000 -0.0000 0.1941
0.1005 -0.3750 0.1941
-0.1868 0.1868 1.6941
-0.1868 0.1868 1.1316
-0.3750 -0.0971 0.4754
-0.2779 -0.2779 0.4754
0.1005 -0.3750 -1.3059
-0.1005 -0.3750 -1.3059
