-0.3103 0.9750 -0.3103
-0.2857 0.8500 -0.2857
0.7188 0.6875 0.4018
0.6518 0.6875 0.2857
-0.2522 0.9750 -0.4107
-0.2522 0.9750 -0.5268
-0.4688 0.8500 -0.4688
-0.4018 0.8500 -0.7188
0.2857 0.6875 0.6518
0.2857 1.1000 0.6518
0.5353 1.3415 -0.3772
0.5688 1.3415 -0.4353
0.7188 0.6875 0.4018
0.7188 0.6875 0.5357
0.4437 -1.3750 -0.4688
0.6938 -1.3750 -0.4018
-0.4018 0.1250 -0.2188
-0.4018 0.8500 -0.2188
0.7188 1.1000 0.4018
0.6518 1.1000 0.2857
0.4437 -1.3750 -0.4688
0.3768 -1.3750 -0.2188
0.2812 -0.0580 -0.7188
-0.2188 -0.0580 -0.7188
0.7188 0.5045 -0.2812
0.7188 0.3705 -0.2812
0.7188 1.1000 0.4018
0.7188 1.1000 0.5357
0.4772 1.3415 -0.5938
0.5018 1.2500 -0.6853
-0.2522 0.9750 -0.5268
-0.2188 0.8500 -0.5357
0.4103 1.3415 -0.5938
0.3522 1.3415 -0.5603
0.2188 0.3705 -0.2812
0.2857 0.2545 -0.2812
0.3103 1.2250 0.6272
0.2857 1.1000 0.6518
0.2812 -0.0580 -0.2188
0.2812 0.0580 -0.2857
-0.2857 0.1250 -0.6518
-0.2857 0.8500 -0.6518
0.2607 -1.3750 -0.6518
0.2607 1.1250 -0.6518
0.3522 1.3415 -0.5603
0.2853 1.2500 -0.6272
-0.4688 0.8500 -0.4688
-0.2188 0.8500 -0.4018
-0.4688 0.8500 -0.4688
-0.6518 0.8500 -0.6518
-0.5357 0.1250 -0.2188
-0.2188 -0.1920 -0.2188
0.2853 1.2500 -0.6272
0.2607 1.1250 -0.6518
0.4437 -1.3750 -0.4688
0.6268 -1.3750 -0.6518
0.2812 -0.3750 -0.4018
-0.2188 -0.3750 -0.4018
0.3438 1.3165 0.5022
0.3772 1.3165 0.5603
0.2857 0.6875 0.2857
0.2857 0.6205 0.2188
-0.4688 1.1000 -0.4688
-0.3438 1.0665 -0.4353
-0.5022 1.0665 -0.5938
-0.5268 0.9750 -0.6853
0.4437 1.3750 -0.4688
0.5353 1.3415 -0.3772
0.5938 1.3165 0.4353
0.5603 1.3165 0.3772
-0.4688 1.1000 -0.4688
-0.4353 1.0665 -0.5938
0.4437 1.3750 -0.4688
0.5353 1.3415 -0.5603
-0.4688 1.1000 -0.4688
-0.5938 1.0665 -0.5022
0.5357 0.6875 -0.2812
0.5357 0.6875 0.2188
0.4437 1.3750 -0.4688
0.3522 1.3415 -0.5603
-0.4688 1.1000 -0.4688
-0.5022 1.0665 -0.3438
0.4688 1.1000 0.4688
0.6518 1.1000 0.6518
-0.7188 0.1250 -0.5357
-0.7188 0.8500 -0.5357
0.5268 1.2250 0.6853
0.6272 1.2250 0.6272
0.5603 1.3165 0.3772
0.6272 1.2250 0.3103
-0.2857 0.1250 -0.6518
-0.2188 0.1250 -0.5357
0.7188 0.6875 0.4018
0.7188 1.1000 0.4018
0.2188 0.5045 0.2188
0.2188 0.3705 0.2188
0.6272 1.2250 0.3103
0.6518 1.1000 0.2857
-0.4688 0.8500 -0.4688
-0.7188 0.8500 -0.4018
-0.2857 0.8500 -0.6518
-0.4018 0.8500 -0.7188
0.5268 1.2250 0.2522
0.4107 1.2250 0.2522
0.4018 0.6875 0.7188
0.4018 0.1875 0.2188
0.2857 1.1000 0.2857
0.2188 1.1000 0.4018
0.7188 1.1000 0.5357
0.7188 1.1000 0.4018
0.4688 1.1000 0.4688
0.4018 1.1000 0.2188
0.6268 -1.3750 -0.2857
0.6938 -1.3750 -0.4018
-0.2857 0.1250 -0.2857
-0.2188 0.1250 -0.4018
0.2272 1.2500 -0.5268
0.2272 1.2500 -0.4107
0.2188 0.3705 -0.2812
0.2188 0.3705 0.2188
0.2188 0.6875 0.4018
0.2188 0.6875 0.5357
0.5357 0.1875 -0.2812
0.6518 0.2545 -0.2812
0.2812 0.1250 -0.5357
0.2812 0.0580 -0.6518
-0.4688 0.8500 -0.4688
-0.2857 0.8500 -0.2857
0.5357 0.1875 0.2188
0.6518 0.2545 0.2188
0.5107 1.1250 -0.2188
0.3768 1.1250 -0.2188
0.2607 -1.3750 -0.2857
0.2607 1.1250 -0.2857
-0.2188 0.1250 -0.5357
-0.2188 0.0580 -0.6518
0.4018 0.6875 0.7188
0.5357 0.6875 0.7188
-0.4018 0.8500 -0.2188
-0.5357 0.8500 -0.2188
0.6268 1.1250 -0.6518
0.5107 1.1250 -0.7188
0.2272 1.2500 -0.4107
0.1937 1.1250 -0.4018
0.4018 1.1000 0.7188
0.5357 1.1000 0.7188
0.4688 1.1000 0.4688
0.2188 1.1000 0.4018
-0.5938 1.0665 -0.5022
-0.6853 0.9750 -0.5268
-0.2188 -0.1920 -0.7188
-0.2188 -0.3080 -0.6518
0.2188 0.5045 -0.2812
0.2188 0.5045 0.2188
-0.6853 0.9750 -0.5268
-0.7188 0.8500 -0.5357
0.2812 -0.3080 -0.6518
0.2812 -0.3750 -0.5357
-0.5357 0.1250 -0.2188
-0.5357 0.8500 -0.2188
0.3187 1.3415 -0.5022
0.3187 1.3415 -0.4353
0.5353 1.3415 -0.3772
0.6022 1.2500 -0.3103
0.5018 1.2500 -0.2522
0.3857 1.2500 -0.2522
0.7188 0.5045 -0.2812
0.6518 0.6205 -0.2812
0.2857 0.6875 0.2857
0.2857 1.1000 0.2857
0.4107 1.2250 0.2522
0.4018 1.1000 0.2188
-0.5357 0.8500 -0.7188
-0.6518 0.8500 -0.6518
-0.4688 1.1000 -0.4688
-0.4353 1.0665 -0.3438
-0.5357 0.1250 -0.7188
-0.6518 0.1250 -0.6518
-0.6272 0.9750 -0.3103
-0.6518 0.8500 -0.2857
0.4688 1.1000 0.4688
0.5357 1.1000 0.2188
0.6268 -1.3750 -0.2857
0.6268 1.1250 -0.2857
0.5688 1.3415 -0.5022
0.6603 1.2500 -0.5268
0.4688 1.1000 0.4688
0.2857 1.1000 0.6518
-0.5603 1.0665 -0.5603
-0.5938 1.0665 -0.5022
-0.2188 -0.3080 -0.2857
-0.2188 -0.1920 -0.2188
0.6268 -1.3750 -0.6518
0.5107 -1.3750 -0.7188
-0.4018 0.1250 -0.7188
-0.2188 -0.0580 -0.7188
0.2853 1.2500 -0.3103
0.3857 1.2500 -0.2522
0.5357 0.1875 -0.2812
0.5357 0.1875 0.2188
0.6603 1.2500 -0.5268
0.6938 1.1250 -0.5357
0.2812 0.1250 -0.5357
-0.2188 0.1250 -0.5357
0.5022 1.3165 0.3438
0.4353 1.3165 0.3438
0.2607 1.1250 -0.2857
0.3768 1.1250 -0.2188
-0.5938 1.0665 -0.4353
-0.5603 1.0665 -0.3772
-0.3438 1.0665 -0.4353
-0.2522 0.9750 -0.4107
0.4018 0.6875 0.7188
0.4018 1.1000 0.7188
0.6268 1.1250 -0.2857
0.6938 1.1250 -0.4018
-0.6853 0.9750 -0.4107
-0.6272 0.9750 -0.3103
0.2857 0.6875 0.2857
0.4018 0.6875 0.2188
-0.2857 0.1250 -0.2857
-0.2857 0.8500 -0.2857
0.5688 1.3415 -0.4353
0.5688 1.3415 -0.5022
0.2607 1.1250 -0.6518
0.1937 1.1250 -0.5357
0.5022 1.3165 0.5938
0.5268 1.2250 0.6853
-0.4107 0.9750 -0.2522
-0.3103 0.9750 -0.3103
0.3103 1.2250 0.3103
0.2522 1.2250 0.4107
0.1937 -1.3750 -0.5357
0.1937 -1.3750 -0.4018
-0.7188 0.1250 -0.4018
-0.2188 -0.3750 -0.4018
-0.4018 0.8500 -0.2188
-0.2857 0.8500 -0.2857
0.4353 1.3165 0.5938
0.4107 1.2250 0.6853
-0.3103 0.9750 -0.6272
-0.2857 0.8500 -0.6518
-0.4018 0.8500 -0.7188
-0.5357 0.8500 -0.7188
0.6518 0.6875 0.2857
0.5357 0.6875 0.2188
0.2812 -0.3080 -0.2857
0.2812 -0.1920 -0.2188
0.6022 1.2500 -0.6272
0.5018 1.2500 -0.6853
0.4018 0.6875 -0.2812
0.2857 0.6205 -0.2812
0.2188 1.1000 0.5357
0.2857 1.1000 0.6518
0.4688 1.1000 0.4688
0.6518 1.1000 0.2857
-0.3438 1.0665 -0.5022
-0.3772 1.0665 -0.5603
-0.7188 0.1250 -0.4018
-0.6518 0.1250 -0.2857
0.4688 1.3500 0.4688
0.5938 1.3165 0.4353
0.4018 0.6875 0.2188
0.2857 0.6205 0.2188
0.4688 1.3500 0.4688
0.4353 1.3165 0.3438
0.6268 -1.3750 -0.6518
0.6268 1.1250 -0.6518
0.4688 1.3500 0.4688
0.3438 1.3165 0.5022
-0.7188 0.8500 -0.4018
-0.6518 0.8500 -0.2857
0.5603 1.3165 0.5603
0.5938 1.3165 0.5022
0.7188 0.5045 0.2188
0.7188 0.3705 0.2188
0.5018 1.2500 -0.6853
0.5107 1.1250 -0.7188
0.2812 -0.1920 -0.7188
-0.2188 -0.1920 -0.7188
0.2188 0.3705 0.2188
0.2857 0.2545 0.2188
-0.3772 1.0665 -0.5603
-0.3103 0.9750 -0.6272
-0.2188 -0.0580 -0.2188
-0.2188 0.0580 -0.2857
0.2857 0.2545 -0.2812
0.4018 0.1875 -0.2812
0.2812 0.0580 -0.2857
0.2812 0.1250 -0.4018
-0.4018 0.1250 -0.7188
-0.4018 0.8500 -0.7188
0.2188 1.1000 0.4018
0.2188 1.1000 0.5357
0.6938 -1.3750 -0.4018
0.6938 -1.3750 -0.5357
0.5353 1.3415 -0.5603
0.4772 1.3415 -0.5938
0.2188 0.6875 0.5357
0.2857 0.6875 0.6518
0.6518 0.2545 -0.2812
0.7188 0.3705 -0.2812
0.6853 1.2250 0.5268
0.7188 1.1000 0.5357
-0.2188 0.8500 -0.4018
-0.2188 0.8500 -0.5357
0.3187 1.3415 -0.5022
0.2272 1.2500 -0.5268
-0.5268 0.9750 -0.6853
-0.5357 0.8500 -0.7188
0.2812 -0.3080 -0.2857
-0.2188 -0.3080 -0.2857
0.6518 0.2545 0.2188
0.7188 0.3705 0.2188
0.3768 -1.3750 -0.2188
0.3768 1.1250 -0.2188
-0.2188 0.0580 -0.6518
-0.2188 -0.0580 -0.7188
0.5357 1.1000 0.7188
0.6518 1.1000 0.6518
0.4018 0.6875 -0.2812
0.4018 0.6875 0.2188
0.3857 1.2500 -0.6853
0.2853 1.2500 -0.6272
0.5107 -1.3750 -0.2188
0.3768 -1.3750 -0.2188
0.3522 1.3415 -0.3772
0.2853 1.2500 -0.3103
-0.7188 0.1250 -0.4018
-0.7188 0.8500 -0.4018
0.5357 1.1000 0.7188
0.6518 1.1000 0.6518
0.3768 1.1250 -0.7188
0.2607 1.1250 -0.6518
-0.4353 1.0665 -0.5938
-0.5022 1.0665 -0.5938
0.2853 1.2500 -0.3103
0.2607 1.1250 -0.2857
0.7188 0.6875 0.5357
0.7188 1.1000 0.5357
0.6518 0.6875 0.2857
0.6518 1.1000 0.2857
0.6022 1.2500 -0.3103
0.6268 1.1250 -0.2857
-0.4107 0.9750 -0.6853
-0.5268 0.9750 -0.6853
-0.5938 1.0665 -0.4353
-0.6853 0.9750 -0.4107
0.5938 1.3165 0.5022
0.6853 1.2250 0.5268
-0.4018 0.1250 -0.2188
-0.2188 -0.0580 -0.2188
0.6268 1.1250 -0.2857
0.6938 1.1250 -0.4018
0.1937 1.1250 -0.5357
0.1937 1.1250 -0.4018
0.5357 0.6875 0.7188
0.5357 0.1875 0.2188
0.4437 1.3750 -0.4688
0.3522 1.3415 -0.3772
0.6853 1.2250 0.4107
0.6272 1.2250 0.3103
0.3187 1.3415 -0.4353
0.3522 1.3415 -0.3772
0.3772 1.3165 0.3772
0.3103 1.2250 0.3103
-0.6272 0.9750 -0.6272
-0.6853 0.9750 -0.5268
-0.4107 0.9750 -0.2522
-0.4018 0.8500 -0.2188
0.4688 1.3500 0.4688
0.5603 1.3165 0.5603
0.2188 0.6875 0.4018
0.2188 0.5045 0.2188
0.4772 1.3415 -0.3438
0.5353 1.3415 -0.3772
0.4688 1.3500 0.4688
0.5603 1.3165 0.3772
0.6938 -1.3750 -0.4018
0.6938 1.1250 -0.4018
0.4688 1.3500 0.4688
0.3772 1.3165 0.3772
-0.6518 0.8500 -0.6518
-0.7188 0.8500 -0.5357
-0.5268 0.9750 -0.2522
-0.5357 0.8500 -0.2188
0.2812 0.0580 -0.6518
0.2812 -0.0580 -0.7188
0.5018 1.2500 -0.2522
0.6022 1.2500 -0.3103
0.5107 -1.3750 -0.7188
0.3768 -1.3750 -0.7188
0.4437 -1.3750 -0.4688
0.3768 -1.3750 -0.7188
0.6518 0.2545 -0.2812
0.6518 0.2545 0.2188
0.5357 0.6875 0.7188
0.6518 0.6875 0.6518
0.5357 1.1000 0.2188
0.4018 1.1000 0.2188
0.5107 1.1250 -0.7188
0.3768 1.1250 -0.7188
0.2522 1.2250 0.5268
0.2188 1.1000 0.5357
0.2812 -0.0580 -0.2188
-0.2188 -0.0580 -0.2188
-0.5603 1.0665 -0.3772
-0.5022 1.0665 -0.3438
-0.2188 -0.3080 -0.6518
-0.2188 -0.3750 -0.5357
0.1937 1.1250 -0.5357
0.1937 1.1250 -0.4018
-0.4688 0.8500 -0.4688
-0.5357 0.8500 -0.2188
0.7188 0.5045 0.2188
0.6518 0.6205 0.2188
0.7188 0.6875 0.4018
0.7188 0.5045 0.2188
0.3438 1.3165 0.4353
0.3438 1.3165 0.5022
0.1937 -1.3750 -0.4018
0.2607 -1.3750 -0.2857
-0.6518 0.1250 -0.2857
-0.2188 -0.3080 -0.2857
0.4437 -1.3750 -0.4688
0.1937 -1.3750 -0.5357
-0.4353 1.0665 -0.3438
-0.4107 0.9750 -0.2522
-0.5357 0.8500 -0.7188
-0.6518 0.8500 -0.6518
0.6518 0.6205 -0.2812
0.5357 0.6875 -0.2812
0.2522 1.2250 0.4107
0.2522 1.2250 0.5268
-0.5357 0.1250 -0.7188
-0.2188 -0.1920 -0.7188
0.2857 0.6205 -0.2812
0.2188 0.5045 -0.2812
-0.2522 0.9750 -0.4107
-0.2188 0.8500 -0.4018
-0.4688 0.8500 -0.4688
-0.2857 0.8500 -0.6518
-0.6518 0.1250 -0.2857
-0.5357 0.1250 -0.2188
0.2812 0.0580 -0.6518
-0.2188 0.0580 -0.6518
0.4437 -1.3750 -0.4688
0.6268 -1.3750 -0.2857
0.2857 0.6205 0.2188
0.2188 0.5045 0.2188
0.5107 -1.3750 -0.7188
0.5107 1.1250 -0.7188
0.4437 -1.3750 -0.4688
0.2607 -1.3750 -0.2857
-0.7188 0.8500 -0.4018
-0.6518 0.8500 -0.2857
0.5357 0.6875 0.7188
0.5357 1.1000 0.7188
0.6603 1.2500 -0.4107
0.6603 1.2500 -0.5268
-0.4688 1.1000 -0.4688
-0.3438 1.0665 -0.5022
0.4437 1.3750 -0.4688
0.5688 1.3415 -0.4353
0.4103 1.3415 -0.5938
0.3857 1.2500 -0.6853
-0.4688 1.1000 -0.4688
-0.5022 1.0665 -0.5938
0.4437 1.3750 -0.4688
0.4772 1.3415 -0.5938
-0.4688 1.1000 -0.4688
-0.5938 1.0665 -0.4353
0.4437 1.3750 -0.4688
0.3187 1.3415 -0.5022
0.4018 1.1000 0.2188
0.2857 1.1000 0.2857
0.4437 1.3750 -0.4688
0.4103 1.3415 -0.3438
0.2857 1.1000 0.2857
0.2188 1.1000 0.4018
0.6938 1.1250 -0.4018
0.6938 1.1250 -0.5357
-0.3772 1.0665 -0.3772
-0.3438 1.0665 -0.4353
0.5022 1.3165 0.5938
0.4353 1.3165 0.5938
0.2188 0.6875 0.4018
0.2188 1.1000 0.4018
0.4018 0.1875 -0.2812
0.5357 0.1875 -0.2812
-0.5022 1.0665 -0.3438
-0.5268 0.9750 -0.2522
-0.3103 0.9750 -0.3103
-0.2522 0.9750 -0.4107
0.5268 1.2250 0.6853
0.4107 1.2250 0.6853
0.2812 0.1250 -0.4018
0.2812 0.1250 -0.5357
-0.4688 0.8500 -0.4688
-0.5357 0.8500 -0.7188
0.4437 -1.3750 -0.4688
0.6938 -1.3750 -0.5357
0.6268 1.1250 -0.6518
0.5107 1.1250 -0.7188
0.3438 1.3165 0.5022
0.2522 1.2250 0.5268
0.3772 1.3165 0.5603
0.4353 1.3165 0.5938
0.4772 1.3415 -0.5938
0.4103 1.3415 -0.5938
0.5938 1.3165 0.4353
0.6853 1.2250 0.4107
-0.2522 0.9750 -0.5268
-0.3103 0.9750 -0.6272
0.2812 -0.1920 -0.2188
-0.2188 -0.1920 -0.2188
0.4688 1.1000 0.4688
0.5357 1.1000 0.7188
-0.2857 0.8500 -0.2857
-0.2188 0.8500 -0.4018
0.3103 1.2250 0.6272
0.4107 1.2250 0.6853
-0.2188 0.8500 -0.5357
-0.2857 0.8500 -0.6518
-0.6272 0.9750 -0.6272
-0.6518 0.8500 -0.6518
0.5268 1.2250 0.6853
0.5357 1.1000 0.7188
0.6272 1.2250 0.6272
0.6853 1.2250 0.5268
0.2857 0.6205 -0.2812
0.2857 0.6205 0.2188
0.3522 1.3415 -0.5603
0.3187 1.3415 -0.5022
0.2812 -0.3080 -0.6518
-0.2188 -0.3080 -0.6518
-0.6518 0.1250 -0.2857
-0.6518 0.8500 -0.2857
0.4107 1.2250 0.6853
0.4018 1.1000 0.7188
-0.4688 0.8500 -0.4688
-0.7188 0.8500 -0.5357
0.6518 1.1000 0.6518
0.7188 1.1000 0.5357
0.2853 1.2500 -0.6272
0.2272 1.2500 -0.5268
0.5268 1.2250 0.2522
0.5357 1.1000 0.2188
-0.4018 0.8500 -0.7188
-0.5357 0.8500 -0.7188
0.7188 0.5045 -0.2812
0.7188 0.5045 0.2188
0.5357 1.1000 0.2188
0.4018 1.1000 0.2188
0.2857 0.2545 0.2188
0.4018 0.1875 0.2188
-0.5357 0.1250 -0.7188
-0.5357 0.8500 -0.7188
-0.5022 1.0665 -0.5938
-0.5603 1.0665 -0.5603
-0.2188 0.0580 -0.2857
-0.2188 0.1250 -0.4018
0.2272 1.2500 -0.5268
0.1937 1.1250 -0.5357
-0.2857 0.1250 -0.2857
-0.2188 0.0580 -0.2857
0.4688 1.1000 0.4688
0.7188 1.1000 0.5357
0.6518 0.6875 0.6518
0.6518 0.2545 0.2188
0.2188 1.1000 0.5357
0.2857 1.1000 0.6518
0.5603 1.3165 0.3772
0.5022 1.3165 0.3438
0.6938 -1.3750 -0.5357
0.6268 -1.3750 -0.6518
-0.2857 0.1250 -0.6518
-0.2188 0.0580 -0.6518
0.1937 1.1250 -0.4018
0.2607 1.1250 -0.2857
-0.4688 0.8500 -0.4688
-0.4018 0.8500 -0.2188
0.2188 0.6875 0.5357
0.2188 0.3705 0.2188
0.2812 -0.0580 -0.7188
0.2812 -0.1920 -0.7188
-0.4688 1.1000 -0.4688
-0.3772 1.0665 -0.3772
0.5107 1.1250 -0.2188
0.3768 1.1250 -0.2188
0.4437 1.3750 -0.4688
0.4772 1.3415 -0.3438
-0.4688 1.1000 -0.4688
-0.3772 1.0665 -0.5603
0.4437 1.3750 -0.4688
0.5688 1.3415 -0.5022
-0.4688 1.1000 -0.4688
-0.5603 1.0665 -0.5603
0.4688 1.1000 0.4688
0.2857 1.1000 0.2857
0.6518 0.6875 0.6518
0.7188 0.6875 0.5357
0.3768 1.1250 -0.7188
0.2607 1.1250 -0.6518
-0.2857 0.1250 -0.6518
-0.4018 0.1250 -0.7188
0.1937 -1.3750 -0.5357
0.1937 1.1250 -0.5357
0.6938 1.1250 -0.4018
0.6938 1.1250 -0.5357
-0.4688 0.8500 -0.4688
-0.2188 0.8500 -0.5357
-0.2188 -0.3750 -0.5357
-0.2188 -0.3750 -0.4018
0.6518 0.6205 0.2188
0.5357 0.6875 0.2188
0.7188 1.1000 0.4018
0.6518 1.1000 0.2857
0.2272 1.2500 -0.4107
0.2853 1.2500 -0.3103
0.4688 1.1000 0.4688
0.2188 1.1000 0.5357
-0.5603 1.0665 -0.5603
-0.6272 0.9750 -0.6272
-0.5938 1.0665 -0.5022
-0.5938 1.0665 -0.4353
-0.4107 0.9750 -0.2522
-0.5268 0.9750 -0.2522
0.5107 1.1250 -0.2188
0.6268 1.1250 -0.2857
-0.6853 0.9750 -0.5268
-0.6853 0.9750 -0.4107
-0.4018 0.8500 -0.2188
-0.5357 0.8500 -0.2188
0.5022 1.3165 0.3438
0.5268 1.2250 0.2522
0.7188 0.3705 -0.2812
0.7188 0.3705 0.2188
0.6518 1.1000 0.2857
0.5357 1.1000 0.2188
-0.6853 0.9750 -0.4107
-0.7188 0.8500 -0.4018
0.4107 1.2250 0.2522
0.3103 1.2250 0.3103
0.3772 1.3165 0.5603
0.3103 1.2250 0.6272
-0.6272 0.9750 -0.3103
-0.5268 0.9750 -0.2522
0.2857 0.2545 -0.2812
0.2857 0.2545 0.2188
0.5688 1.3415 -0.4353
0.6603 1.2500 -0.4107
0.6518 0.6875 0.6518
0.6518 1.1000 0.6518
0.5688 1.3415 -0.5022
0.5353 1.3415 -0.5603
0.4688 1.1000 0.4688
0.4018 1.1000 0.7188
0.2812 0.0580 -0.2857
-0.2188 0.0580 -0.2857
-0.6518 0.8500 -0.2857
-0.5357 0.8500 -0.2188
0.3103 1.2250 0.3103
0.2857 1.1000 0.2857
0.4688 1.3500 0.4688
0.3772 1.3165 0.5603
0.6603 1.2500 -0.5268
0.6022 1.2500 -0.6272
0.6272 1.2250 0.6272
0.6518 1.1000 0.6518
-0.2857 0.8500 -0.2857
-0.2188 0.8500 -0.4018
0.2188 0.6875 0.5357
0.2188 1.1000 0.5357
0.6518 0.6875 0.2857
0.6518 0.6205 0.2188
0.2188 1.1000 0.4018
0.2188 1.1000 0.5357
0.2607 -1.3750 -0.2857
0.3768 -1.3750 -0.2188
-0.3438 1.0665 -0.4353
-0.3438 1.0665 -0.5022
-0.6518 0.8500 -0.6518
-0.7188 0.8500 -0.5357
0.6022 1.2500 -0.6272
0.6268 1.1250 -0.6518
-0.4353 1.0665 -0.3438
-0.5022 1.0665 -0.3438
0.4353 1.3165 0.3438
0.3772 1.3165 0.3772
0.3768 -1.3750 -0.7188
0.2607 -1.3750 -0.6518
-0.6518 0.1250 -0.6518
-0.2188 -0.3080 -0.6518
0.4688 1.1000 0.4688
0.7188 1.1000 0.4018
-0.3438 1.0665 -0.5022
-0.2522 0.9750 -0.5268
0.5022 1.3165 0.5938
0.5603 1.3165 0.5603
-0.2188 0.8500 -0.5357
-0.2857 0.8500 -0.6518
0.5107 1.1250 -0.7188
0.3768 1.1250 -0.7188
0.2188 0.5045 -0.2812
0.2188 0.3705 -0.2812
0.2812 -0.3750 -0.5357
0.2812 -0.3750 -0.4018
-0.3103 0.9750 -0.6272
-0.4107 0.9750 -0.6853
0.5603 1.3165 0.5603
0.6272 1.2250 0.6272
0.1937 1.1250 -0.4018
0.2607 1.1250 -0.2857
0.2857 0.6875 0.2857
0.2188 0.6875 0.4018
0.5107 1.1250 -0.2188
0.6268 1.1250 -0.2857
-0.6518 0.1250 -0.6518
-0.7188 0.1250 -0.5357
0.5357 1.1000 0.7188
0.4018 1.1000 0.7188
-0.2188 0.1250 -0.4018
-0.2188 0.1250 -0.5357
-0.2188 0.8500 -0.5357
-0.2188 0.1250 -0.5357
0.5353 1.3415 -0.5603
0.6022 1.2500 -0.6272
0.2857 1.1000 0.6518
0.4018 1.1000 0.7188
-0.6518 0.8500 -0.2857
-0.5357 0.8500 -0.2188
0.5018 1.2500 -0.6853
0.3857 1.2500 -0.6853
-0.4018 0.8500 -0.2188
-0.2857 0.8500 -0.2857
-0.2188 0.8500 -0.4018
-0.2188 0.8500 -0.5357
-0.3772 1.0665 -0.5603
-0.4353 1.0665 -0.5938
0.5107 -1.3750 -0.2188
0.6268 -1.3750 -0.2857
0.3768 -1.3750 -0.7188
0.3768 1.1250 -0.7188
0.3857 1.2500 -0.6853
0.3768 1.1250 -0.7188
-0.2188 -0.0580 -0.2188
-0.2188 -0.1920 -0.2188
0.4688 1.3500 0.4688
0.5938 1.3165 0.5022
0.4688 1.3500 0.4688
0.5022 1.3165 0.3438
-0.4353 1.0665 -0.5938
-0.4107 0.9750 -0.6853
0.4688 1.3500 0.4688
0.3438 1.3165 0.4353
0.2607 1.1250 -0.6518
0.1937 1.1250 -0.5357
0.4688 1.3500 0.4688
0.4353 1.3165 0.5938
0.2812 -0.3750 -0.5357
-0.2188 -0.3750 -0.5357
0.4018 0.1875 0.2188
0.5357 0.1875 0.2188
0.4772 1.3415 -0.3438
0.4103 1.3415 -0.3438
0.1937 -1.3750 -0.4018
0.1937 1.1250 -0.4018
-0.4107 0.9750 -0.6853
-0.4018 0.8500 -0.7188
0.6853 1.2250 0.5268
0.6853 1.2250 0.4107
-0.5268 0.9750 -0.6853
-0.6272 0.9750 -0.6272
0.6518 0.6205 -0.2812
0.6518 0.6205 0.2188
-0.6518 0.1250 -0.6518
-0.6518 0.8500 -0.6518
0.6853 1.2250 0.4107
0.7188 1.1000 0.4018
-0.2188 0.8500 -0.4018
-0.2188 0.1250 -0.4018
0.3187 1.3415 -0.4353
0.2272 1.2500 -0.4107
0.4018 1.1000 0.2188
0.4018 0.6875 0.2188
0.3522 1.3415 -0.3772
0.4103 1.3415 -0.3438
0.2812 -0.0580 -0.2188
0.2812 -0.1920 -0.2188
0.2857 1.1000 0.6518
0.4018 1.1000 0.7188
0.4772 1.3415 -0.3438
0.5018 1.2500 -0.2522
0.6518 1.1000 0.2857
0.5357 1.1000 0.2188
-0.7188 0.8500 -0.5357
-0.7188 0.8500 -0.4018
0.5018 1.2500 -0.2522
0.5107 1.1250 -0.2188
0.4437 -1.3750 -0.4688
0.5107 -1.3750 -0.7188
0.2857 0.6875 0.6518
0.2857 0.2545 0.2188
0.6022 1.2500 -0.3103
0.6603 1.2500 -0.4107
0.5938 1.3165 0.5022
0.5938 1.3165 0.4353
0.2812 -0.1920 -0.7188
0.2812 -0.3080 -0.6518
0.3857 1.2500 -0.2522
0.3768 1.1250 -0.2188
0.5107 -1.3750 -0.2188
0.5107 1.1250 -0.2188
0.4353 1.3165 0.3438
0.4107 1.2250 0.2522
-0.5603 1.0665 -0.3772
-0.6272 0.9750 -0.3103
0.3772 1.3165 0.3772
0.3438 1.3165 0.4353
0.4018 0.1875 -0.2812
0.4018 0.1875 0.2188
-0.4018 0.1250 -0.7188
-0.5357 0.1250 -0.7188
0.2812 0.1250 -0.4018
-0.2188 0.1250 -0.4018
0.2857 0.6875 0.6518
0.4018 0.6875 0.7188
0.6272 1.2250 0.3103
0.5268 1.2250 0.2522
-0.4688 0.8500 -0.4688
-0.6518 0.8500 -0.2857
0.6938 1.1250 -0.5357
0.6268 1.1250 -0.6518
0.3438 1.3165 0.4353
0.2522 1.2250 0.4107
0.4437 -1.3750 -0.4688
0.2607 -1.3750 -0.6518
0.7188 0.6875 0.5357
0.7188 0.3705 0.2188
-0.4018 0.1250 -0.2188
-0.2857 0.1250 -0.2857
-0.4018 0.1250 -0.2188
-0.5357 0.1250 -0.2188
0.2522 1.2250 0.4107
0.2188 1.1000 0.4018
0.5357 1.1000 0.2188
0.5357 0.6875 0.2188
0.2522 1.2250 0.5268
0.3103 1.2250 0.6272
-0.2188 -0.0580 -0.7188
-0.2188 -0.1920 -0.7188
0.4437 1.3750 -0.4688
0.4103 1.3415 -0.5938
-0.4688 1.1000 -0.4688
-0.5603 1.0665 -0.3772
0.4437 1.3750 -0.4688
0.3187 1.3415 -0.4353
-0.7188 0.8500 -0.5357
-0.7188 0.8500 -0.4018
0.6518 1.1000 0.6518
0.7188 1.1000 0.5357
0.4018 1.1000 0.2188
0.2857 1.1000 0.2857
0.2607 -1.3750 -0.6518
0.1937 -1.3750 -0.5357
-0.7188 0.1250 -0.5357
-0.2188 -0.3750 -0.5357
0.4688 1.3500 0.4688
0.5022 1.3165 0.5938
0.4103 1.3415 -0.3438
0.3857 1.2500 -0.2522
-0.2857 0.8500 -0.6518
-0.4018 0.8500 -0.7188
0.4437 -1.3750 -0.4688
0.5107 -1.3750 -0.2188
0.4437 -1.3750 -0.4688
0.1937 -1.3750 -0.4018
0.2812 -0.3750 -0.4018
0.2812 -0.3080 -0.2857
-0.4353 1.0665 -0.3438
-0.3772 1.0665 -0.3772
0.6603 1.2500 -0.4107
0.6938 1.1250 -0.4018
-0.2188 -0.3750 -0.4018
-0.2188 -0.3080 -0.2857
0.5357 0.6875 -0.2812
0.4018 0.6875 -0.2812
0.2607 1.1250 -0.2857
0.3768 1.1250 -0.2188
-0.3772 1.0665 -0.3772
-0.3103 0.9750 -0.3103
-0.7188 0.1250 -0.5357
-0.7188 0.1250 -0.4018
0.6938 1.1250 -0.5357
0.6268 1.1250 -0.6518
0.5357 0.6875 0.2188
0.4018 0.6875 0.2188
0.6938 -1.3750 -0.5357
0.6938 1.1250 -0.5357
