-0.3040 0.5250 0.6085
-0.2795 0.4000 0.6330
0.2125 -0.7500 -0.3830
0.2795 -0.7500 -0.2670
-0.2460 0.5250 0.5080
-0.2460 0.5250 0.3920
-0.4625 0.4000 0.4500
-0.3955 0.4000 0.2000
0.6455 -0.7500 -0.6330
0.6455 -0.0250 -0.6330
0.5415 1.3415 0.5415
0.5750 1.3415 0.4835
0.2125 -0.7500 -0.3830
0.2125 -0.7500 -0.5170
0.4500 -1.3750 0.4500
0.7000 -1.3750 0.5170
-0.3955 -0.3250 0.7000
-0.3955 0.4000 0.7000
0.2125 -0.0250 -0.3830
0.2795 -0.0250 -0.2670
0.4500 -1.3750 0.4500
0.3830 -1.3750 0.7000
0.2875 -0.5080 0.2000
-0.2125 -0.5080 0.2000
0.2125 -0.9330 0.3000
0.2125 -1.0670 0.3000
0.2125 -0.0250 -0.3830
0.2125 -0.0250 -0.5170
0.4835 1.3415 0.3250
0.5080 1.2500 0.2335
-0.2460 0.5250 0.3920
-0.2125 0.4000 0.3830
0.4165 1.3415 0.3250
0.3585 1.3415 0.3585
0.7125 -1.0670 0.3000
0.6455 -1.1830 0.3000
0.3040 0.1000 -0.6085
0.2795 -0.0250 -0.6330
0.2875 -0.5080 0.7000
0.2875 -0.3920 0.6330
-0.2795 -0.3250 0.2670
-0.2795 0.4000 0.2670
0.2670 -1.3750 0.2670
0.2670 1.1250 0.2670
0.3585 1.3415 0.3585
0.2915 1.2500 0.2915
-0.4625 0.4000 0.4500
-0.2125 0.4000 0.5170
-0.4625 0.4000 0.4500
-0.6455 0.4000 0.2670
-0.5295 -0.3250 0.7000
-0.2125 -0.6420 0.7000
0.2915 1.2500 0.2915
0.2670 1.1250 0.2670
0.4500 -1.3750 0.4500
0.6330 -1.3750 0.2670
0.2875 -0.8250 0.5170
-0.2125 -0.8250 0.5170
0.4290 0.1915 -0.5750
0.3710 0.1915 -0.5415
0.6455 -0.7500 -0.2670
0.6455 -0.8170 -0.2000
-0.4625 0.6500 0.4500
-0.3375 0.6165 0.4835
-0.4960 0.6165 0.3250
-0.5205 0.5250 0.2335
0.4500 1.3750 0.4500
0.5415 1.3415 0.5415
0.4960 0.1915 -0.3250
0.5540 0.1915 -0.3585
-0.4625 0.6500 0.4500
-0.4290 0.6165 0.3250
0.4500 1.3750 0.4500
0.5415 1.3415 0.3585
-0.4625 0.6500 0.4500
-0.5875 0.6165 0.4165
0.3955 -0.7500 0.3000
0.3955 -0.7500 -0.2000
0.4500 1.3750 0.4500
0.3585 1.3415 0.3585
-0.4625 0.6500 0.4500
-0.4960 0.6165 0.5750
0.4625 -0.0250 -0.4500
0.2795 -0.0250 -0.6330
-0.7125 -0.3250 0.3830
-0.7125 0.4000 0.3830
0.2460 0.1000 -0.3920
0.3040 0.1000 -0.2915
0.5540 0.1915 -0.3585
0.6210 0.1000 -0.2915
-0.2795 -0.3250 0.2670
-0.2125 -0.3250 0.3830
0.2125 -0.7500 -0.3830
0.2125 -0.0250 -0.3830
0.7125 -0.9330 -0.2000
0.7125 -1.0670 -0.2000
0.6210 0.1000 -0.2915
0.6455 -0.0250 -0.2670
-0.4625 0.4000 0.4500
-0.7125 0.4000 0.5170
-0.2795 0.4000 0.2670
-0.3955 0.4000 0.2000
0.6790 0.1000 -0.3920
0.6790 0.1000 -0.5080
0.5295 -0.7500 -0.7000
0.5295 -1.2500 -0.2000
0.6455 -0.0250 -0.2670
0.7125 -0.0250 -0.3830
0.3955 -0.0250 -0.2000
0.5295 -0.0250 -0.2000
0.4625 -0.0250 -0.4500
0.5295 -0.0250 -0.2000
0.6330 -1.3750 0.6330
0.7000 -1.3750 0.5170
-0.2795 -0.3250 0.6330
-0.2125 -0.3250 0.5170
0.2335 1.2500 0.3920
0.2335 1.2500 0.5080
0.7125 -1.0670 0.3000
0.7125 -1.0670 -0.2000
0.7125 -0.7500 -0.3830
0.7125 -0.7500 -0.5170
0.3955 -1.2500 0.3000
0.2795 -1.1830 0.3000
0.2875 -0.3250 0.3830
0.2875 -0.3920 0.2670
-0.4625 0.4000 0.4500
-0.2795 0.4000 0.6330
0.3955 -1.2500 -0.2000
0.2795 -1.1830 -0.2000
0.5170 1.1250 0.7000
0.3830 1.1250 0.7000
0.2670 -1.3750 0.6330
0.2670 1.1250 0.6330
-0.2125 -0.3250 0.3830
-0.2125 -0.3920 0.2670
0.5295 -0.7500 -0.7000
0.3955 -0.7500 -0.7000
-0.3955 0.4000 0.7000
-0.5295 0.4000 0.7000
0.6330 1.1250 0.2670
0.5170 1.1250 0.2000
0.2335 1.2500 0.5080
0.2000 1.1250 0.5170
0.5295 -0.0250 -0.7000
0.3955 -0.0250 -0.7000
0.4625 -0.0250 -0.4500
0.7125 -0.0250 -0.3830
-0.5875 0.6165 0.4165
-0.6790 0.5250 0.3920
-0.2125 -0.6420 0.2000
-0.2125 -0.7580 0.2670
0.7125 -0.9330 0.3000
0.7125 -0.9330 -0.2000
-0.6790 0.5250 0.3920
-0.7125 0.4000 0.3830
0.2875 -0.7580 0.2670
0.2875 -0.8250 0.3830
-0.5295 -0.3250 0.7000
-0.5295 0.4000 0.7000
0.3250 1.3415 0.4165
0.3250 1.3415 0.4835
0.5415 1.3415 0.5415
0.6085 1.2500 0.6085
0.5080 1.2500 0.6665
0.3920 1.2500 0.6665
0.2125 -0.9330 0.3000
0.2795 -0.8170 0.3000
0.6455 -0.7500 -0.2670
0.6455 -0.0250 -0.2670
0.6790 0.1000 -0.5080
0.7125 -0.0250 -0.5170
-0.5295 0.4000 0.2000
-0.6455 0.4000 0.2670
-0.4625 0.6500 0.4500
-0.4290 0.6165 0.5750
-0.5295 -0.3250 0.2000
-0.6455 -0.3250 0.2670
-0.6210 0.5250 0.6085
-0.6455 0.4000 0.6330
0.4625 -0.0250 -0.4500
0.3955 -0.0250 -0.2000
0.6330 -1.3750 0.6330
0.6330 1.1250 0.6330
0.5750 1.3415 0.4165
0.6665 1.2500 0.3920
0.4625 -0.0250 -0.4500
0.6455 -0.0250 -0.6330
-0.5540 0.6165 0.3585
-0.5875 0.6165 0.4165
-0.2125 -0.7580 0.6330
-0.2125 -0.6420 0.7000
0.6330 -1.3750 0.2670
0.5170 -1.3750 0.2000
-0.3955 -0.3250 0.2000
-0.2125 -0.5080 0.2000
0.2915 1.2500 0.6085
0.3920 1.2500 0.6665
0.3955 -1.2500 0.3000
0.3955 -1.2500 -0.2000
0.6665 1.2500 0.3920
0.7000 1.1250 0.3830
0.2875 -0.3250 0.3830
-0.2125 -0.3250 0.3830
0.5875 0.1915 -0.4165
0.5875 0.1915 -0.4835
0.2670 1.1250 0.6330
0.3830 1.1250 0.7000
-0.5875 0.6165 0.4835
-0.5540 0.6165 0.5415
-0.3375 0.6165 0.4835
-0.2460 0.5250 0.5080
0.5295 -0.7500 -0.7000
0.5295 -0.0250 -0.7000
0.6330 1.1250 0.6330
0.7000 1.1250 0.5170
-0.6790 0.5250 0.5080
-0.6210 0.5250 0.6085
0.6455 -0.7500 -0.2670
0.5295 -0.7500 -0.2000
-0.2795 -0.3250 0.6330
-0.2795 0.4000 0.6330
0.5750 1.3415 0.4835
0.5750 1.3415 0.4165
0.2670 1.1250 0.2670
0.2000 1.1250 0.3830
0.3375 0.1915 -0.4165
0.2460 0.1000 -0.3920
-0.4045 0.5250 0.6665
-0.3040 0.5250 0.6085
0.6210 0.1000 -0.6085
0.5205 0.1000 -0.6665
0.2000 -1.3750 0.3830
0.2000 -1.3750 0.5170
-0.7125 -0.3250 0.5170
-0.2125 -0.8250 0.5170
-0.3955 0.4000 0.7000
-0.2795 0.4000 0.6330
0.3375 0.1915 -0.4835
0.2460 0.1000 -0.5080
-0.3040 0.5250 0.2915
-0.2795 0.4000 0.2670
-0.3955 0.4000 0.2000
-0.5295 0.4000 0.2000
0.2795 -0.7500 -0.2670
0.3955 -0.7500 -0.2000
0.2875 -0.7580 0.6330
0.2875 -0.6420 0.7000
0.6085 1.2500 0.2915
0.5080 1.2500 0.2335
0.5295 -0.7500 0.3000
0.6455 -0.8170 0.3000
0.3955 -0.0250 -0.7000
0.2795 -0.0250 -0.6330
0.4625 -0.0250 -0.4500
0.2795 -0.0250 -0.2670
-0.3375 0.6165 0.4165
-0.3710 0.6165 0.3585
-0.7125 -0.3250 0.5170
-0.6455 -0.3250 0.6330
0.4625 0.2250 -0.4500
0.4960 0.1915 -0.3250
0.5295 -0.7500 -0.2000
0.6455 -0.8170 -0.2000
0.4625 0.2250 -0.4500
0.5875 0.1915 -0.4835
0.6330 -1.3750 0.2670
0.6330 1.1250 0.2670
0.4625 0.2250 -0.4500
0.4290 0.1915 -0.5750
-0.7125 0.4000 0.5170
-0.6455 0.4000 0.6330
0.3710 0.1915 -0.3585
0.4290 0.1915 -0.3250
0.2125 -0.9330 -0.2000
0.2125 -1.0670 -0.2000
0.5080 1.2500 0.2335
0.5170 1.1250 0.2000
0.2875 -0.6420 0.2000
-0.2125 -0.6420 0.2000
0.7125 -1.0670 -0.2000
0.6455 -1.1830 -0.2000
-0.3710 0.6165 0.3585
-0.3040 0.5250 0.2915
-0.2125 -0.5080 0.7000
-0.2125 -0.3920 0.6330
0.6455 -1.1830 0.3000
0.5295 -1.2500 0.3000
0.2875 -0.3920 0.6330
0.2875 -0.3250 0.5170
-0.3955 -0.3250 0.2000
-0.3955 0.4000 0.2000
0.7125 -0.0250 -0.3830
0.7125 -0.0250 -0.5170
0.7000 -1.3750 0.5170
0.7000 -1.3750 0.3830
0.5415 1.3415 0.3585
0.4835 1.3415 0.3250
0.7125 -0.7500 -0.5170
0.6455 -0.7500 -0.6330
0.2795 -1.1830 0.3000
0.2125 -1.0670 0.3000
0.4045 0.1000 -0.2335
0.3955 -0.0250 -0.2000
-0.2125 0.4000 0.5170
-0.2125 0.4000 0.3830
0.3250 1.3415 0.4165
0.2335 1.2500 0.3920
-0.5205 0.5250 0.2335
-0.5295 0.4000 0.2000
0.2875 -0.7580 0.6330
-0.2125 -0.7580 0.6330
0.2795 -1.1830 -0.2000
0.2125 -1.0670 -0.2000
0.3830 -1.3750 0.7000
0.3830 1.1250 0.7000
-0.2125 -0.3920 0.2670
-0.2125 -0.5080 0.2000
0.2125 -0.0250 -0.3830
0.2795 -0.0250 -0.2670
0.5295 -0.7500 0.3000
0.5295 -0.7500 -0.2000
0.3920 1.2500 0.2335
0.2915 1.2500 0.2915
0.5170 -1.3750 0.7000
0.3830 -1.3750 0.7000
0.3585 1.3415 0.5415
0.2915 1.2500 0.6085
-0.7125 -0.3250 0.5170
-0.7125 0.4000 0.5170
0.3955 -0.0250 -0.7000
0.2795 -0.0250 -0.6330
0.3830 1.1250 0.2000
0.2670 1.1250 0.2670
-0.4290 0.6165 0.3250
-0.4960 0.6165 0.3250
0.2915 1.2500 0.6085
0.2670 1.1250 0.6330
0.2125 -0.7500 -0.5170
0.2125 -0.0250 -0.5170
0.2795 -0.7500 -0.2670
0.2795 -0.0250 -0.2670
0.6085 1.2500 0.6085
0.6330 1.1250 0.6330
-0.4045 0.5250 0.2335
-0.5205 0.5250 0.2335
-0.5875 0.6165 0.4835
-0.6790 0.5250 0.5080
0.4290 0.1915 -0.3250
0.4045 0.1000 -0.2335
-0.3955 -0.3250 0.7000
-0.2125 -0.5080 0.7000
0.6330 1.1250 0.6330
0.7000 1.1250 0.5170
0.2000 1.1250 0.3830
0.2000 1.1250 0.5170
0.3955 -0.7500 -0.7000
0.3955 -1.2500 -0.2000
0.4500 1.3750 0.4500
0.3585 1.3415 0.5415
0.5205 0.1000 -0.2335
0.6210 0.1000 -0.2915
0.3250 1.3415 0.4835
0.3585 1.3415 0.5415
0.5540 0.1915 -0.5415
0.6210 0.1000 -0.6085
-0.6210 0.5250 0.2915
-0.6790 0.5250 0.3920
-0.4045 0.5250 0.6665
-0.3955 0.4000 0.7000
0.4625 0.2250 -0.4500
0.3710 0.1915 -0.3585
0.7125 -0.7500 -0.3830
0.7125 -0.9330 -0.2000
0.4835 1.3415 0.5750
0.5415 1.3415 0.5415
0.4625 0.2250 -0.4500
0.5540 0.1915 -0.3585
0.7000 -1.3750 0.5170
0.7000 1.1250 0.5170
0.4625 0.2250 -0.4500
0.5540 0.1915 -0.5415
-0.6455 0.4000 0.2670
-0.7125 0.4000 0.3830
-0.5205 0.5250 0.6665
-0.5295 0.4000 0.7000
0.2875 -0.3920 0.2670
0.2875 -0.5080 0.2000
0.5080 1.2500 0.6665
0.6085 1.2500 0.6085
0.5170 -1.3750 0.2000
0.3830 -1.3750 0.2000
0.4500 -1.3750 0.4500
0.3830 -1.3750 0.2000
0.2795 -1.1830 0.3000
0.2795 -1.1830 -0.2000
0.3955 -0.7500 -0.7000
0.2795 -0.7500 -0.6330
0.7125 -0.0250 -0.3830
0.7125 -0.0250 -0.5170
0.5170 1.1250 0.2000
0.3830 1.1250 0.2000
0.4045 0.1000 -0.6665
0.3955 -0.0250 -0.7000
0.2875 -0.5080 0.7000
-0.2125 -0.5080 0.7000
-0.5540 0.6165 0.5415
-0.4960 0.6165 0.5750
-0.2125 -0.7580 0.2670
-0.2125 -0.8250 0.3830
0.2000 1.1250 0.3830
0.2000 1.1250 0.5170
-0.4625 0.4000 0.4500
-0.5295 0.4000 0.7000
0.2125 -0.9330 -0.2000
0.2795 -0.8170 -0.2000
0.2125 -0.7500 -0.3830
0.2125 -0.9330 -0.2000
0.4960 0.1915 -0.5750
0.4290 0.1915 -0.5750
0.2000 -1.3750 0.5170
0.2670 -1.3750 0.6330
-0.6455 -0.3250 0.6330
-0.2125 -0.7580 0.6330
0.4500 -1.3750 0.4500
0.2000 -1.3750 0.3830
-0.4290 0.6165 0.5750
-0.4045 0.5250 0.6665
-0.5295 0.4000 0.2000
-0.6455 0.4000 0.2670
0.2795 -0.8170 0.3000
0.3955 -0.7500 0.3000
0.5205 0.1000 -0.6665
0.4045 0.1000 -0.6665
-0.5295 -0.3250 0.2000
-0.2125 -0.6420 0.2000
0.6455 -0.8170 0.3000
0.7125 -0.9330 0.3000
-0.2460 0.5250 0.5080
-0.2125 0.4000 0.5170
-0.4625 0.4000 0.4500
-0.2795 0.4000 0.2670
-0.6455 -0.3250 0.6330
-0.5295 -0.3250 0.7000
0.2875 -0.3920 0.2670
-0.2125 -0.3920 0.2670
0.4500 -1.3750 0.4500
0.6330 -1.3750 0.6330
0.6455 -0.8170 -0.2000
0.7125 -0.9330 -0.2000
0.5170 -1.3750 0.2000
0.5170 1.1250 0.2000
0.4500 -1.3750 0.4500
0.2670 -1.3750 0.6330
-0.7125 0.4000 0.5170
-0.6455 0.4000 0.6330
0.3955 -0.7500 -0.7000
0.3955 -0.0250 -0.7000
0.6665 1.2500 0.5080
0.6665 1.2500 0.3920
-0.4625 0.6500 0.4500
-0.3375 0.6165 0.4165
0.4500 1.3750 0.4500
0.5750 1.3415 0.4835
0.4165 1.3415 0.3250
0.3920 1.2500 0.2335
-0.4625 0.6500 0.4500
-0.4960 0.6165 0.3250
0.4500 1.3750 0.4500
0.4835 1.3415 0.3250
-0.4625 0.6500 0.4500
-0.5875 0.6165 0.4835
0.4500 1.3750 0.4500
0.3250 1.3415 0.4165
0.5295 -0.0250 -0.2000
0.6455 -0.0250 -0.2670
0.4500 1.3750 0.4500
0.4165 1.3415 0.5750
0.6455 -0.0250 -0.6330
0.5295 -0.0250 -0.7000
0.7000 1.1250 0.5170
0.7000 1.1250 0.3830
-0.3710 0.6165 0.5415
-0.3375 0.6165 0.4835
0.3375 0.1915 -0.4165
0.3375 0.1915 -0.4835
0.7125 -0.7500 -0.3830
0.7125 -0.0250 -0.3830
0.5295 -1.2500 0.3000
0.3955 -1.2500 0.3000
-0.4960 0.6165 0.5750
-0.5205 0.5250 0.6665
-0.3040 0.5250 0.6085
-0.2460 0.5250 0.5080
0.2460 0.1000 -0.3920
0.2460 0.1000 -0.5080
0.2875 -0.3250 0.5170
0.2875 -0.3250 0.3830
-0.4625 0.4000 0.4500
-0.5295 0.4000 0.2000
0.4500 -1.3750 0.4500
0.7000 -1.3750 0.3830
0.6330 1.1250 0.2670
0.5170 1.1250 0.2000
0.4290 0.1915 -0.5750
0.4045 0.1000 -0.6665
0.3710 0.1915 -0.5415
0.3375 0.1915 -0.4835
0.4835 1.3415 0.3250
0.4165 1.3415 0.3250
0.4960 0.1915 -0.3250
0.5205 0.1000 -0.2335
-0.2460 0.5250 0.3920
-0.3040 0.5250 0.2915
0.2875 -0.6420 0.7000
-0.2125 -0.6420 0.7000
0.4625 -0.0250 -0.4500
0.3955 -0.0250 -0.7000
-0.2795 0.4000 0.6330
-0.2125 0.4000 0.5170
0.3040 0.1000 -0.6085
0.2460 0.1000 -0.5080
-0.2125 0.4000 0.3830
-0.2795 0.4000 0.2670
-0.6210 0.5250 0.2915
-0.6455 0.4000 0.2670
0.2460 0.1000 -0.3920
0.2125 -0.0250 -0.3830
0.3040 0.1000 -0.2915
0.4045 0.1000 -0.2335
0.6455 -0.8170 0.3000
0.6455 -0.8170 -0.2000
0.3585 1.3415 0.3585
0.3250 1.3415 0.4165
0.2875 -0.7580 0.2670
-0.2125 -0.7580 0.2670
-0.6455 -0.3250 0.6330
-0.6455 0.4000 0.6330
0.2460 0.1000 -0.5080
0.2125 -0.0250 -0.5170
-0.4625 0.4000 0.4500
-0.7125 0.4000 0.3830
0.2795 -0.0250 -0.2670
0.3955 -0.0250 -0.2000
0.2915 1.2500 0.2915
0.2335 1.2500 0.3920
0.6790 0.1000 -0.3920
0.7125 -0.0250 -0.3830
-0.3955 0.4000 0.2000
-0.5295 0.4000 0.2000
0.2125 -0.9330 0.3000
0.2125 -0.9330 -0.2000
0.3955 -0.0250 -0.2000
0.5295 -0.0250 -0.2000
0.6455 -1.1830 -0.2000
0.5295 -1.2500 -0.2000
-0.5295 -0.3250 0.2000
-0.5295 0.4000 0.2000
-0.4960 0.6165 0.3250
-0.5540 0.6165 0.3585
-0.2125 -0.3920 0.6330
-0.2125 -0.3250 0.5170
0.2335 1.2500 0.3920
0.2000 1.1250 0.3830
-0.2795 -0.3250 0.6330
-0.2125 -0.3920 0.6330
0.4625 -0.0250 -0.4500
0.2125 -0.0250 -0.5170
0.2795 -0.7500 -0.6330
0.2795 -1.1830 -0.2000
0.7125 -0.0250 -0.5170
0.6455 -0.0250 -0.6330
0.5540 0.1915 -0.3585
0.5875 0.1915 -0.4165
0.7000 -1.3750 0.3830
0.6330 -1.3750 0.2670
-0.2795 -0.3250 0.2670
-0.2125 -0.3920 0.2670
0.2000 1.1250 0.5170
0.2670 1.1250 0.6330
-0.4625 0.4000 0.4500
-0.3955 0.4000 0.7000
0.7125 -0.7500 -0.5170
0.7125 -1.0670 -0.2000
0.2875 -0.5080 0.2000
0.2875 -0.6420 0.2000
-0.4625 0.6500 0.4500
-0.3710 0.6165 0.5415
0.5170 1.1250 0.7000
0.3830 1.1250 0.7000
0.4500 1.3750 0.4500
0.4835 1.3415 0.5750
-0.4625 0.6500 0.4500
-0.3710 0.6165 0.3585
0.4500 1.3750 0.4500
0.5750 1.3415 0.4165
-0.4625 0.6500 0.4500
-0.5540 0.6165 0.3585
0.4625 -0.0250 -0.4500
0.6455 -0.0250 -0.2670
0.2795 -0.7500 -0.6330
0.2125 -0.7500 -0.5170
0.3830 1.1250 0.2000
0.2670 1.1250 0.2670
-0.2795 -0.3250 0.2670
-0.3955 -0.3250 0.2000
0.2000 -1.3750 0.3830
0.2000 1.1250 0.3830
0.7000 1.1250 0.5170
0.7000 1.1250 0.3830
-0.4625 0.4000 0.4500
-0.2125 0.4000 0.3830
-0.2125 -0.8250 0.3830
-0.2125 -0.8250 0.5170
0.2795 -0.8170 -0.2000
0.3955 -0.7500 -0.2000
0.5295 -0.0250 -0.2000
0.6455 -0.0250 -0.2670
0.2335 1.2500 0.5080
0.2915 1.2500 0.6085
0.4625 -0.0250 -0.4500
0.7125 -0.0250 -0.5170
-0.5540 0.6165 0.3585
-0.6210 0.5250 0.2915
-0.5875 0.6165 0.4165
-0.5875 0.6165 0.4835
-0.4045 0.5250 0.6665
-0.5205 0.5250 0.6665
0.5170 1.1250 0.7000
0.6330 1.1250 0.6330
-0.6790 0.5250 0.3920
-0.6790 0.5250 0.5080
-0.3955 0.4000 0.7000
-0.5295 0.4000 0.7000
0.5875 0.1915 -0.4165
0.6790 0.1000 -0.3920
0.2125 -1.0670 0.3000
0.2125 -1.0670 -0.2000
0.2795 -0.0250 -0.2670
0.3955 -0.0250 -0.2000
-0.6790 0.5250 0.5080
-0.7125 0.4000 0.5170
0.6790 0.1000 -0.5080
0.6210 0.1000 -0.6085
0.3710 0.1915 -0.5415
0.3040 0.1000 -0.6085
-0.6210 0.5250 0.6085
-0.5205 0.5250 0.6665
0.6455 -1.1830 0.3000
0.6455 -1.1830 -0.2000
0.5750 1.3415 0.4835
0.6665 1.2500 0.5080
0.2795 -0.7500 -0.6330
0.2795 -0.0250 -0.6330
0.5750 1.3415 0.4165
0.5415 1.3415 0.3585
0.4625 -0.0250 -0.4500
0.5295 -0.0250 -0.7000
0.2875 -0.3920 0.6330
-0.2125 -0.3920 0.6330
-0.6455 0.4000 0.6330
-0.5295 0.4000 0.7000
0.6210 0.1000 -0.6085
0.6455 -0.0250 -0.6330
0.4625 0.2250 -0.4500
0.3710 0.1915 -0.5415
0.6665 1.2500 0.3920
0.6085 1.2500 0.2915
0.3040 0.1000 -0.2915
0.2795 -0.0250 -0.2670
-0.2795 0.4000 0.6330
-0.2125 0.4000 0.5170
0.7125 -0.7500 -0.5170
0.7125 -0.0250 -0.5170
0.2795 -0.7500 -0.2670
0.2795 -0.8170 -0.2000
0.5295 -0.0250 -0.7000
0.3955 -0.0250 -0.7000
0.2670 -1.3750 0.6330
0.3830 -1.3750 0.7000
-0.3375 0.6165 0.4835
-0.3375 0.6165 0.4165
-0.6455 0.4000 0.2670
-0.7125 0.4000 0.3830
0.6085 1.2500 0.2915
0.6330 1.1250 0.2670
-0.4290 0.6165 0.5750
-0.4960 0.6165 0.5750
0.5875 0.1915 -0.4835
0.5540 0.1915 -0.5415
0.3830 -1.3750 0.2000
0.2670 -1.3750 0.2670
-0.6455 -0.3250 0.2670
-0.2125 -0.7580 0.2670
0.4625 -0.0250 -0.4500
0.2125 -0.0250 -0.3830
-0.3375 0.6165 0.4165
-0.2460 0.5250 0.3920
0.3375 0.1915 -0.4165
0.3710 0.1915 -0.3585
-0.2125 0.4000 0.3830
-0.2795 0.4000 0.2670
0.5170 1.1250 0.2000
0.3830 1.1250 0.2000
0.7125 -0.9330 0.3000
0.7125 -1.0670 0.3000
0.2875 -0.8250 0.3830
0.2875 -0.8250 0.5170
-0.3040 0.5250 0.2915
-0.4045 0.5250 0.2335
0.3710 0.1915 -0.3585
0.3040 0.1000 -0.2915
0.2000 1.1250 0.5170
0.2670 1.1250 0.6330
0.6455 -0.7500 -0.2670
0.7125 -0.7500 -0.3830
0.5170 1.1250 0.7000
0.6330 1.1250 0.6330
-0.6455 -0.3250 0.2670
-0.7125 -0.3250 0.3830
0.2125 -0.0250 -0.3830
0.2125 -0.0250 -0.5170
-0.2125 -0.3250 0.5170
-0.2125 -0.3250 0.3830
-0.2125 0.4000 0.3830
-0.2125 -0.3250 0.3830
0.5415 1.3415 0.3585
0.6085 1.2500 0.2915
0.6455 -0.0250 -0.6330
0.5295 -0.0250 -0.7000
-0.6455 0.4000 0.6330
-0.5295 0.4000 0.7000
0.5080 1.2500 0.2335
0.3920 1.2500 0.2335
-0.3955 0.4000 0.7000
-0.2795 0.4000 0.6330
-0.2125 0.4000 0.5170
-0.2125 0.4000 0.3830
-0.3710 0.6165 0.3585
-0.4290 0.6165 0.3250
0.5170 -1.3750 0.7000
0.6330 -1.3750 0.6330
0.3830 -1.3750 0.2000
0.3830 1.1250 0.2000
0.3920 1.2500 0.2335
0.3830 1.1250 0.2000
-0.2125 -0.5080 0.7000
-0.2125 -0.6420 0.7000
0.4625 0.2250 -0.4500
0.4290 0.1915 -0.3250
0.4625 0.2250 -0.4500
0.5875 0.1915 -0.4165
-0.4290 0.6165 0.3250
-0.4045 0.5250 0.2335
0.4625 0.2250 -0.4500
0.4960 0.1915 -0.5750
0.2670 1.1250 0.2670
0.2000 1.1250 0.3830
0.4625 0.2250 -0.4500
0.3375 0.1915 -0.4835
0.2875 -0.8250 0.3830
-0.2125 -0.8250 0.3830
0.5295 -1.2500 -0.2000
0.3955 -1.2500 -0.2000
0.4835 1.3415 0.5750
0.4165 1.3415 0.5750
0.2000 -1.3750 0.5170
0.2000 1.1250 0.5170
-0.4045 0.5250 0.2335
-0.3955 0.4000 0.2000
0.4045 0.1000 -0.2335
0.5205 0.1000 -0.2335
-0.5205 0.5250 0.2335
-0.6210 0.5250 0.2915
0.2795 -0.8170 0.3000
0.2795 -0.8170 -0.2000
-0.6455 -0.3250 0.2670
-0.6455 0.4000 0.2670
0.5205 0.1000 -0.2335
0.5295 -0.0250 -0.2000
-0.2125 0.4000 0.5170
-0.2125 -0.3250 0.5170
0.3250 1.3415 0.4835
0.2335 1.2500 0.5080
0.5295 -0.0250 -0.2000
0.5295 -0.7500 -0.2000
0.3585 1.3415 0.5415
0.4165 1.3415 0.5750
0.2875 -0.5080 0.7000
0.2875 -0.6420 0.7000
0.2795 -0.0250 -0.6330
0.2125 -0.0250 -0.5170
0.4835 1.3415 0.5750
0.5080 1.2500 0.6665
0.6455 -0.0250 -0.2670
0.7125 -0.0250 -0.3830
-0.7125 0.4000 0.3830
-0.7125 0.4000 0.5170
0.5080 1.2500 0.6665
0.5170 1.1250 0.7000
0.4500 -1.3750 0.4500
0.5170 -1.3750 0.2000
0.6455 -0.7500 -0.6330
0.6455 -1.1830 -0.2000
0.6085 1.2500 0.6085
0.6665 1.2500 0.5080
0.4290 0.1915 -0.3250
0.4960 0.1915 -0.3250
0.2875 -0.6420 0.2000
0.2875 -0.7580 0.2670
0.3920 1.2500 0.6665
0.3830 1.1250 0.7000
0.5170 -1.3750 0.7000
0.5170 1.1250 0.7000
0.5875 0.1915 -0.4835
0.6790 0.1000 -0.5080
-0.5540 0.6165 0.5415
-0.6210 0.5250 0.6085
0.5540 0.1915 -0.5415
0.4960 0.1915 -0.5750
0.5295 -1.2500 0.3000
0.5295 -1.2500 -0.2000
-0.3955 -0.3250 0.2000
-0.5295 -0.3250 0.2000
0.2875 -0.3250 0.5170
-0.2125 -0.3250 0.5170
0.6455 -0.7500 -0.6330
0.5295 -0.7500 -0.7000
0.6210 0.1000 -0.2915
0.6790 0.1000 -0.3920
-0.4625 0.4000 0.4500
-0.6455 0.4000 0.6330
0.7000 1.1250 0.3830
0.6330 1.1250 0.2670
0.4960 0.1915 -0.5750
0.5205 0.1000 -0.6665
0.4500 -1.3750 0.4500
0.2670 -1.3750 0.2670
0.2125 -0.7500 -0.5170
0.2125 -1.0670 -0.2000
-0.3955 -0.3250 0.7000
-0.2795 -0.3250 0.6330
-0.3955 -0.3250 0.7000
-0.5295 -0.3250 0.7000
0.5205 0.1000 -0.6665
0.5295 -0.0250 -0.7000
0.3955 -0.0250 -0.2000
0.3955 -0.7500 -0.2000
0.4045 0.1000 -0.6665
0.3040 0.1000 -0.6085
-0.2125 -0.5080 0.2000
-0.2125 -0.6420 0.2000
0.4500 1.3750 0.4500
0.4165 1.3415 0.3250
-0.4625 0.6500 0.4500
-0.5540 0.6165 0.5415
0.4500 1.3750 0.4500
0.3250 1.3415 0.4835
-0.7125 0.4000 0.3830
-0.7125 0.4000 0.5170
0.2795 -0.0250 -0.6330
0.2125 -0.0250 -0.5170
0.7125 -0.0250 -0.5170
0.6455 -0.0250 -0.6330
0.2670 -1.3750 0.2670
0.2000 -1.3750 0.3830
-0.7125 -0.3250 0.3830
-0.2125 -0.8250 0.3830
0.4625 0.2250 -0.4500
0.3375 0.1915 -0.4165
0.4165 1.3415 0.5750
0.3920 1.2500 0.6665
-0.2795 0.4000 0.2670
-0.3955 0.4000 0.2000
0.4500 -1.3750 0.4500
0.5170 -1.3750 0.7000
0.4500 -1.3750 0.4500
0.2000 -1.3750 0.5170
0.2875 -0.8250 0.5170
0.2875 -0.7580 0.6330
-0.4290 0.6165 0.5750
-0.3710 0.6165 0.5415
0.6665 1.2500 0.5080
0.7000 1.1250 0.5170
-0.2125 -0.8250 0.5170
-0.2125 -0.7580 0.6330
0.3955 -0.7500 0.3000
0.5295 -0.7500 0.3000
0.2670 1.1250 0.6330
0.3830 1.1250 0.7000
-0.3710 0.6165 0.5415
-0.3040 0.5250 0.6085
-0.7125 -0.3250 0.3830
-0.7125 -0.3250 0.5170
0.7000 1.1250 0.3830
0.6330 1.1250 0.2670
0.3955 -0.7500 -0.2000
0.5295 -0.7500 -0.2000
0.7000 -1.3750 0.3830
0.7000 1.1250 0.3830
