-0.7540 1.1000 0.1585
-0.7295 0.9750 0.1830
0.8455 -0.3750 -0.2500
0.7295 -0.3750 -0.1830
-0.6960 1.1000 0.0580
-0.6960 1.1000 -0.0580
-0.9125 0.9750 -0.0000
-0.8455 0.9750 -0.2500
1.0955 -0.3750 0.1830
1.0955 0.1500 0.1830
0.0915 1.3415 0.0915
0.1250 1.3415 0.0335
0.8455 -0.3750 -0.2500
0.9795 -0.3750 -0.2500
-0.0000 -1.3750 -0.0000
0.2500 -1.3750 0.0670
-0.8455 0.2500 0.2500
-0.8455 0.9750 0.2500
0.8455 0.1500 -0.2500
0.7295 0.1500 -0.1830
-0.0000 -1.3750 -0.0000
-0.0670 -1.3750 0.2500
-0.1625 0.0670 -0.2500
-0.6625 0.0670 -0.2500
0.1625 -0.5580 -0.2500
0.1625 -0.6920 -0.2500
0.8455 0.1500 -0.2500
0.9795 0.1500 -0.2500
0.0335 1.3415 -0.1250
0.0580 1.2500 -0.2165
-0.6960 1.1000 -0.0580
-0.6625 0.9750 -0.0670
-0.0335 1.3415 -0.1250
-0.0915 1.3415 -0.0915
0.1625 -0.6920 0.2500
0.1625 -0.8080 0.1830
1.0710 0.2750 -0.1585
1.0955 0.1500 -0.1830
-0.1625 0.0670 0.2500
-0.1625 0.1830 0.1830
-0.7295 0.2500 -0.1830
-0.7295 0.9750 -0.1830
-0.1830 -1.3750 -0.1830
-0.1830 1.1250 -0.1830
-0.0915 1.3415 -0.0915
-0.1585 1.2500 -0.1585
-0.9125 0.9750 -0.0000
-0.6625 0.9750 0.0670
-0.9125 0.9750 -0.0000
-1.0955 0.9750 -0.1830
-0.9795 0.2500 0.2500
-0.6625 -0.0670 0.2500
-0.1585 1.2500 -0.1585
-0.1830 1.1250 -0.1830
-0.0000 -1.3750 -0.0000
0.1830 -1.3750 -0.1830
-0.1625 -0.2500 0.0670
-0.6625 -0.2500 0.0670
1.0375 0.3665 -0.0335
1.0040 0.3665 -0.0915
0.7295 -0.3750 0.1830
0.6625 -0.4420 0.1830
-0.9125 1.2250 -0.0000
-0.7875 1.1915 0.0335
-0.9460 1.1915 -0.1250
-0.9705 1.1000 -0.2165
-0.0000 1.3750 -0.0000
0.0915 1.3415 0.0915
0.7875 0.3665 0.0335
0.8210 0.3665 0.0915
-0.9125 1.2250 -0.0000
-0.8790 1.1915 -0.1250
-0.0000 1.3750 -0.0000
0.0915 1.3415 -0.0915
-0.9125 1.2250 -0.0000
-1.0375 1.1915 -0.0335
0.1625 -0.3750 -0.0670
0.6625 -0.3750 -0.0670
-0.0000 1.3750 -0.0000
-0.0915 1.3415 -0.0915
-0.9125 1.2250 -0.0000
-0.9460 1.1915 0.1250
0.9125 0.1500 -0.0000
1.0955 0.1500 -0.1830
-1.1625 0.2500 -0.0670
-1.1625 0.9750 -0.0670
0.8545 0.2750 -0.2165
0.7540 0.2750 -0.1585
0.8210 0.3665 0.0915
0.7540 0.2750 0.1585
-0.7295 0.2500 -0.1830
-0.6625 0.2500 -0.0670
0.8455 -0.3750 -0.2500
0.8455 0.1500 -0.2500
0.6625 -0.5580 0.2500
0.6625 -0.6920 0.2500
0.7540 0.2750 0.1585
0.7295 0.1500 0.1830
-0.9125 0.9750 -0.0000
-1.1625 0.9750 0.0670
-0.7295 0.9750 -0.1830
-0.8455 0.9750 -0.2500
0.8545 0.2750 0.2165
0.9705 0.2750 0.2165
1.1625 -0.3750 0.0670
0.6625 -0.8750 0.0670
0.7295 0.1500 0.1830
0.8455 0.1500 0.2500
0.6625 0.1500 -0.0670
0.6625 0.1500 0.0670
0.9125 0.1500 -0.0000
0.6625 0.1500 0.0670
0.1830 -1.3750 0.1830
0.2500 -1.3750 0.0670
-0.7295 0.2500 0.1830
-0.6625 0.2500 0.0670
-0.2165 1.2500 -0.0580
-0.2165 1.2500 0.0580
0.1625 -0.6920 0.2500
0.6625 -0.6920 0.2500
0.8455 -0.3750 0.2500
0.9795 -0.3750 0.2500
0.1625 -0.8750 -0.0670
0.1625 -0.8080 -0.1830
-0.1625 0.2500 -0.0670
-0.1625 0.1830 -0.1830
-0.9125 0.9750 -0.0000
-0.7295 0.9750 0.1830
0.6625 -0.8750 -0.0670
0.6625 -0.8080 -0.1830
0.0670 1.1250 0.2500
-0.0670 1.1250 0.2500
-0.1830 -1.3750 0.1830
-0.1830 1.1250 0.1830
-0.6625 0.2500 -0.0670
-0.6625 0.1830 -0.1830
1.1625 -0.3750 0.0670
1.1625 -0.3750 -0.0670
-0.8455 0.9750 0.2500
-0.9795 0.9750 0.2500
0.1830 1.1250 -0.1830
0.0670 1.1250 -0.2500
-0.2165 1.2500 0.0580
-0.2500 1.1250 0.0670
1.1625 0.1500 0.0670
1.1625 0.1500 -0.0670
0.9125 0.1500 -0.0000
0.8455 0.1500 0.2500
-1.0375 1.1915 -0.0335
-1.1290 1.1000 -0.0580
-0.6625 -0.0670 -0.2500
-0.6625 -0.1830 -0.1830
0.1625 -0.5580 0.2500
0.6625 -0.5580 0.2500
-1.1290 1.1000 -0.0580
-1.1625 0.9750 -0.0670
-0.1625 -0.1830 -0.1830
-0.1625 -0.2500 -0.0670
-0.9795 0.2500 0.2500
-0.9795 0.9750 0.2500
-0.1250 1.3415 -0.0335
-0.1250 1.3415 0.0335
0.0915 1.3415 0.0915
0.1585 1.2500 0.1585
0.0580 1.2500 0.2165
-0.0580 1.2500 0.2165
0.1625 -0.5580 -0.2500
0.1625 -0.4420 -0.1830
0.7295 -0.3750 0.1830
0.7295 0.1500 0.1830
0.9705 0.2750 0.2165
0.9795 0.1500 0.2500
-0.9795 0.9750 -0.2500
-1.0955 0.9750 -0.1830
-0.9125 1.2250 -0.0000
-0.8790 1.1915 0.1250
-0.9795 0.2500 -0.2500
-1.0955 0.2500 -0.1830
-1.0710 1.1000 0.1585
-1.0955 0.9750 0.1830
0.9125 0.1500 -0.0000
0.6625 0.1500 -0.0670
0.1830 -1.3750 0.1830
0.1830 1.1250 0.1830
0.1250 1.3415 -0.0335
0.2165 1.2500 -0.0580
0.9125 0.1500 -0.0000
1.0955 0.1500 0.1830
-1.0040 1.1915 -0.0915
-1.0375 1.1915 -0.0335
-0.6625 -0.1830 0.1830
-0.6625 -0.0670 0.2500
0.1830 -1.3750 -0.1830
0.0670 -1.3750 -0.2500
-0.8455 0.2500 -0.2500
-0.6625 0.0670 -0.2500
-0.1585 1.2500 0.1585
-0.0580 1.2500 0.2165
0.1625 -0.8750 -0.0670
0.6625 -0.8750 -0.0670
0.2165 1.2500 -0.0580
0.2500 1.1250 -0.0670
-0.1625 0.2500 -0.0670
-0.6625 0.2500 -0.0670
0.8790 0.3665 0.1250
0.9460 0.3665 0.1250
-0.1830 1.1250 0.1830
-0.0670 1.1250 0.2500
-1.0375 1.1915 0.0335
-1.0040 1.1915 0.0915
-0.7875 1.1915 0.0335
-0.6960 1.1000 0.0580
1.1625 -0.3750 0.0670
1.1625 0.1500 0.0670
0.1830 1.1250 0.1830
0.2500 1.1250 0.0670
-1.1290 1.1000 0.0580
-1.0710 1.1000 0.1585
0.7295 -0.3750 0.1830
0.6625 -0.3750 0.0670
-0.7295 0.2500 0.1830
-0.7295 0.9750 0.1830
0.1250 1.3415 0.0335
0.1250 1.3415 -0.0335
-0.1830 1.1250 -0.1830
-0.2500 1.1250 -0.0670
0.8790 0.3665 -0.1250
0.8545 0.2750 -0.2165
-0.8545 1.1000 0.2165
-0.7540 1.1000 0.1585
1.0710 0.2750 0.1585
1.1290 0.2750 0.0580
-0.2500 -1.3750 -0.0670
-0.2500 -1.3750 0.0670
-1.1625 0.2500 0.0670
-0.6625 -0.2500 0.0670
-0.8455 0.9750 0.2500
-0.7295 0.9750 0.1830
0.9460 0.3665 -0.1250
0.9705 0.2750 -0.2165
-0.7540 1.1000 -0.1585
-0.7295 0.9750 -0.1830
-0.8455 0.9750 -0.2500
-0.9795 0.9750 -0.2500
0.7295 -0.3750 -0.1830
0.6625 -0.3750 -0.0670
-0.1625 -0.1830 0.1830
-0.1625 -0.0670 0.2500
0.1585 1.2500 -0.1585
0.0580 1.2500 -0.2165
0.1625 -0.3750 0.0670
0.1625 -0.4420 0.1830
1.1625 0.1500 -0.0670
1.0955 0.1500 -0.1830
0.9125 0.1500 -0.0000
0.7295 0.1500 -0.1830
-0.7875 1.1915 -0.0335
-0.8210 1.1915 -0.0915
-1.1625 0.2500 0.0670
-1.0955 0.2500 0.1830
0.9125 0.4000 -0.0000
0.7875 0.3665 0.0335
0.6625 -0.3750 0.0670
0.6625 -0.4420 0.1830
0.9125 0.4000 -0.0000
0.9460 0.3665 0.1250
0.1830 -1.3750 -0.1830
0.1830 1.1250 -0.1830
0.9125 0.4000 -0.0000
1.0375 0.3665 -0.0335
-1.1625 0.9750 0.0670
-1.0955 0.9750 0.1830
0.8210 0.3665 -0.0915
0.7875 0.3665 -0.0335
0.6625 -0.5580 -0.2500
0.6625 -0.6920 -0.2500
0.0580 1.2500 -0.2165
0.0670 1.1250 -0.2500
-0.1625 -0.0670 -0.2500
-0.6625 -0.0670 -0.2500
0.6625 -0.6920 0.2500
0.6625 -0.8080 0.1830
-0.8210 1.1915 -0.0915
-0.7540 1.1000 -0.1585
-0.6625 0.0670 0.2500
-0.6625 0.1830 0.1830
0.1625 -0.8080 0.1830
0.1625 -0.8750 0.0670
-0.1625 0.1830 0.1830
-0.1625 0.2500 0.0670
-0.8455 0.2500 -0.2500
-0.8455 0.9750 -0.2500
0.8455 0.1500 0.2500
0.9795 0.1500 0.2500
0.2500 -1.3750 0.0670
0.2500 -1.3750 -0.0670
0.0915 1.3415 -0.0915
0.0335 1.3415 -0.1250
0.9795 -0.3750 0.2500
1.0955 -0.3750 0.1830
0.1625 -0.8080 -0.1830
0.1625 -0.6920 -0.2500
0.6960 0.2750 -0.0580
0.6625 0.1500 -0.0670
-0.6625 0.9750 0.0670
-0.6625 0.9750 -0.0670
-0.1250 1.3415 -0.0335
-0.2165 1.2500 -0.0580
-0.9705 1.1000 -0.2165
-0.9795 0.9750 -0.2500
-0.1625 -0.1830 0.1830
-0.6625 -0.1830 0.1830
0.6625 -0.8080 -0.1830
0.6625 -0.6920 -0.2500
-0.0670 -1.3750 0.2500
-0.0670 1.1250 0.2500
-0.6625 0.1830 -0.1830
-0.6625 0.0670 -0.2500
0.8455 0.1500 -0.2500
0.7295 0.1500 -0.1830
0.1625 -0.3750 0.0670
0.6625 -0.3750 0.0670
-0.0580 1.2500 -0.2165
-0.1585 1.2500 -0.1585
0.0670 -1.3750 0.2500
-0.0670 -1.3750 0.2500
-0.0915 1.3415 0.0915
-0.1585 1.2500 0.1585
-1.1625 0.2500 0.0670
-1.1625 0.9750 0.0670
1.1625 0.1500 -0.0670
1.0955 0.1500 -0.1830
-0.0670 1.1250 -0.2500
-0.1830 1.1250 -0.1830
-0.8790 1.1915 -0.1250
-0.9460 1.1915 -0.1250
-0.1585 1.2500 0.1585
-0.1830 1.1250 0.1830
0.9795 -0.3750 -0.2500
0.9795 0.1500 -0.2500
0.7295 -0.3750 -0.1830
0.7295 0.1500 -0.1830
0.1585 1.2500 0.1585
0.1830 1.1250 0.1830
-0.8545 1.1000 -0.2165
-0.9705 1.1000 -0.2165
-1.0375 1.1915 0.0335
-1.1290 1.1000 0.0580
0.7875 0.3665 -0.0335
0.6960 0.2750 -0.0580
-0.8455 0.2500 0.2500
-0.6625 0.0670 0.2500
0.1830 1.1250 0.1830
0.2500 1.1250 0.0670
-0.2500 1.1250 -0.0670
-0.2500 1.1250 0.0670
1.1625 -0.3750 -0.0670
0.6625 -0.8750 -0.0670
-0.0000 1.3750 -0.0000
-0.0915 1.3415 0.0915
0.6960 0.2750 0.0580
0.7540 0.2750 0.1585
-0.1250 1.3415 0.0335
-0.0915 1.3415 0.0915
1.0040 0.3665 0.0915
1.0710 0.2750 0.1585
-1.0710 1.1000 -0.1585
-1.1290 1.1000 -0.0580
-0.8545 1.1000 0.2165
-0.8455 0.9750 0.2500
0.9125 0.4000 -0.0000
0.8210 0.3665 -0.0915
0.8455 -0.3750 0.2500
0.6625 -0.5580 0.2500
0.0335 1.3415 0.1250
0.0915 1.3415 0.0915
0.9125 0.4000 -0.0000
0.8210 0.3665 0.0915
0.2500 -1.3750 0.0670
0.2500 1.1250 0.0670
0.9125 0.4000 -0.0000
1.0040 0.3665 0.0915
-1.0955 0.9750 -0.1830
-1.1625 0.9750 -0.0670
-0.9705 1.1000 0.2165
-0.9795 0.9750 0.2500
-0.1625 0.1830 -0.1830
-0.1625 0.0670 -0.2500
0.0580 1.2500 0.2165
0.1585 1.2500 0.1585
0.0670 -1.3750 -0.2500
-0.0670 -1.3750 -0.2500
-0.0000 -1.3750 -0.0000
-0.0670 -1.3750 -0.2500
0.1625 -0.8080 -0.1830
0.6625 -0.8080 -0.1830
1.1625 -0.3750 -0.0670
1.0955 -0.3750 -0.1830
0.8455 0.1500 0.2500
0.9795 0.1500 0.2500
0.0670 1.1250 -0.2500
-0.0670 1.1250 -0.2500
1.1290 0.2750 -0.0580
1.1625 0.1500 -0.0670
-0.1625 0.0670 0.2500
-0.6625 0.0670 0.2500
-1.0040 1.1915 0.0915
-0.9460 1.1915 0.1250
-0.6625 -0.1830 -0.1830
-0.6625 -0.2500 -0.0670
-0.2500 1.1250 -0.0670
-0.2500 1.1250 0.0670
-0.9125 0.9750 -0.0000
-0.9795 0.9750 0.2500
0.6625 -0.5580 -0.2500
0.6625 -0.4420 -0.1830
0.8455 -0.3750 -0.2500
0.6625 -0.5580 -0.2500
1.0375 0.3665 0.0335
1.0375 0.3665 -0.0335
-0.2500 -1.3750 0.0670
-0.1830 -1.3750 0.1830
-1.0955 0.2500 0.1830
-0.6625 -0.1830 0.1830
-0.0000 -1.3750 -0.0000
-0.2500 -1.3750 -0.0670
-0.8790 1.1915 0.1250
-0.8545 1.1000 0.2165
-0.9795 0.9750 -0.2500
-1.0955 0.9750 -0.1830
0.1625 -0.4420 -0.1830
0.1625 -0.3750 -0.0670
1.1290 0.2750 0.0580
1.1290 0.2750 -0.0580
-0.9795 0.2500 -0.2500
-0.6625 -0.0670 -0.2500
0.1625 -0.4420 0.1830
0.1625 -0.5580 0.2500
-0.6960 1.1000 0.0580
-0.6625 0.9750 0.0670
-0.9125 0.9750 -0.0000
-0.7295 0.9750 -0.1830
-1.0955 0.2500 0.1830
-0.9795 0.2500 0.2500
-0.1625 0.1830 -0.1830
-0.6625 0.1830 -0.1830
-0.0000 -1.3750 -0.0000
0.1830 -1.3750 0.1830
0.6625 -0.4420 0.1830
0.6625 -0.5580 0.2500
0.0670 -1.3750 -0.2500
0.0670 1.1250 -0.2500
-0.0000 -1.3750 -0.0000
-0.1830 -1.3750 0.1830
-1.1625 0.9750 0.0670
-1.0955 0.9750 0.1830
1.1625 -0.3750 -0.0670
1.1625 0.1500 -0.0670
0.2165 1.2500 0.0580
0.2165 1.2500 -0.0580
-0.9125 1.2250 -0.0000
-0.7875 1.1915 -0.0335
-0.0000 1.3750 -0.0000
0.1250 1.3415 0.0335
-0.0335 1.3415 -0.1250
-0.0580 1.2500 -0.2165
-0.9125 1.2250 -0.0000
-0.9460 1.1915 -0.1250
-0.0000 1.3750 -0.0000
0.0335 1.3415 -0.1250
-0.9125 1.2250 -0.0000
-1.0375 1.1915 0.0335
-0.0000 1.3750 -0.0000
-0.1250 1.3415 -0.0335
0.6625 0.1500 0.0670
0.7295 0.1500 0.1830
-0.0000 1.3750 -0.0000
-0.0335 1.3415 0.1250
1.0955 0.1500 0.1830
1.1625 0.1500 0.0670
0.2500 1.1250 0.0670
0.2500 1.1250 -0.0670
-0.8210 1.1915 0.0915
-0.7875 1.1915 0.0335
0.8790 0.3665 -0.1250
0.9460 0.3665 -0.1250
0.8455 -0.3750 0.2500
0.8455 0.1500 0.2500
0.1625 -0.8750 0.0670
0.1625 -0.8750 -0.0670
-0.9460 1.1915 0.1250
-0.9705 1.1000 0.2165
-0.7540 1.1000 0.1585
-0.6960 1.1000 0.0580
0.8545 0.2750 -0.2165
0.9705 0.2750 -0.2165
-0.1625 0.2500 0.0670
-0.1625 0.2500 -0.0670
-0.9125 0.9750 -0.0000
-0.9795 0.9750 -0.2500
-0.0000 -1.3750 -0.0000
0.2500 -1.3750 -0.0670
0.1830 1.1250 -0.1830
0.0670 1.1250 -0.2500
1.0375 0.3665 -0.0335
1.1290 0.2750 -0.0580
1.0040 0.3665 -0.0915
0.9460 0.3665 -0.1250
0.0335 1.3415 -0.1250
-0.0335 1.3415 -0.1250
0.7875 0.3665 0.0335
0.6960 0.2750 0.0580
-0.6960 1.1000 -0.0580
-0.7540 1.1000 -0.1585
-0.1625 -0.0670 0.2500
-0.6625 -0.0670 0.2500
0.9125 0.1500 -0.0000
1.1625 0.1500 -0.0670
-0.7295 0.9750 0.1830
-0.6625 0.9750 0.0670
1.0710 0.2750 -0.1585
0.9705 0.2750 -0.2165
-0.6625 0.9750 -0.0670
-0.7295 0.9750 -0.1830
-1.0710 1.1000 -0.1585
-1.0955 0.9750 -0.1830
0.8545 0.2750 -0.2165
0.8455 0.1500 -0.2500
0.7540 0.2750 -0.1585
0.6960 0.2750 -0.0580
0.1625 -0.4420 0.1830
0.6625 -0.4420 0.1830
-0.0915 1.3415 -0.0915
-0.1250 1.3415 -0.0335
-0.1625 -0.1830 -0.1830
-0.6625 -0.1830 -0.1830
-1.0955 0.2500 0.1830
-1.0955 0.9750 0.1830
0.9705 0.2750 -0.2165
0.9795 0.1500 -0.2500
-0.9125 0.9750 -0.0000
-1.1625 0.9750 -0.0670
0.7295 0.1500 -0.1830
0.6625 0.1500 -0.0670
-0.1585 1.2500 -0.1585
-0.2165 1.2500 -0.0580
0.8545 0.2750 0.2165
0.8455 0.1500 0.2500
-0.8455 0.9750 -0.2500
-0.9795 0.9750 -0.2500
0.1625 -0.5580 -0.2500
0.6625 -0.5580 -0.2500
0.6625 0.1500 -0.0670
0.6625 0.1500 0.0670
0.6625 -0.8080 0.1830
0.6625 -0.8750 0.0670
-0.9795 0.2500 -0.2500
-0.9795 0.9750 -0.2500
-0.9460 1.1915 -0.1250
-1.0040 1.1915 -0.0915
-0.6625 0.1830 0.1830
-0.6625 0.2500 0.0670
-0.2165 1.2500 -0.0580
-0.2500 1.1250 -0.0670
-0.7295 0.2500 0.1830
-0.6625 0.1830 0.1830
0.9125 0.1500 -0.0000
0.9795 0.1500 -0.2500
1.0955 -0.3750 -0.1830
0.6625 -0.8080 -0.1830
0.9795 0.1500 0.2500
1.0955 0.1500 0.1830
0.8210 0.3665 0.0915
0.8790 0.3665 0.1250
0.2500 -1.3750 -0.0670
0.1830 -1.3750 -0.1830
-0.7295 0.2500 -0.1830
-0.6625 0.1830 -0.1830
-0.2500 1.1250 0.0670
-0.1830 1.1250 0.1830
-0.9125 0.9750 -0.0000
-0.8455 0.9750 0.2500
0.9795 -0.3750 0.2500
0.6625 -0.6920 0.2500
-0.1625 0.0670 -0.2500
-0.1625 -0.0670 -0.2500
-0.9125 1.2250 -0.0000
-0.8210 1.1915 0.0915
0.0670 1.1250 0.2500
-0.0670 1.1250 0.2500
-0.0000 1.3750 -0.0000
0.0335 1.3415 0.1250
-0.9125 1.2250 -0.0000
-0.8210 1.1915 -0.0915
-0.0000 1.3750 -0.0000
0.1250 1.3415 -0.0335
-0.9125 1.2250 -0.0000
-1.0040 1.1915 -0.0915
0.9125 0.1500 -0.0000
0.7295 0.1500 0.1830
1.0955 -0.3750 -0.1830
0.9795 -0.3750 -0.2500
-0.0670 1.1250 -0.2500
-0.1830 1.1250 -0.1830
-0.7295 0.2500 -0.1830
-0.8455 0.2500 -0.2500
-0.2500 -1.3750 -0.0670
-0.2500 1.1250 -0.0670
0.2500 1.1250 0.0670
0.2500 1.1250 -0.0670
-0.9125 0.9750 -0.0000
-0.6625 0.9750 -0.0670
-0.6625 -0.2500 -0.0670
-0.6625 -0.2500 0.0670
0.6625 -0.4420 -0.1830
0.6625 -0.3750 -0.0670
0.6625 0.1500 0.0670
0.7295 0.1500 0.1830
-0.2165 1.2500 0.0580
-0.1585 1.2500 0.1585
0.9125 0.1500 -0.0000
0.9795 0.1500 0.2500
-1.0040 1.1915 -0.0915
-1.0710 1.1000 -0.1585
-1.0375 1.1915 -0.0335
-1.0375 1.1915 0.0335
-0.8545 1.1000 0.2165
-0.9705 1.1000 0.2165
0.0670 1.1250 0.2500
0.1830 1.1250 0.1830
-1.1290 1.1000 -0.0580
-1.1290 1.1000 0.0580
-0.8455 0.9750 0.2500
-0.9795 0.9750 0.2500
0.8790 0.3665 0.1250
0.8545 0.2750 0.2165
0.1625 -0.6920 -0.2500
0.6625 -0.6920 -0.2500
0.7295 0.1500 -0.1830
0.6625 0.1500 -0.0670
-1.1290 1.1000 0.0580
-1.1625 0.9750 0.0670
0.9705 0.2750 0.2165
1.0710 0.2750 0.1585
1.0040 0.3665 -0.0915
1.0710 0.2750 -0.1585
-1.0710 1.1000 0.1585
-0.9705 1.1000 0.2165
0.1625 -0.8080 0.1830
0.6625 -0.8080 0.1830
0.1250 1.3415 0.0335
0.2165 1.2500 0.0580
1.0955 -0.3750 -0.1830
1.0955 0.1500 -0.1830
0.1250 1.3415 -0.0335
0.0915 1.3415 -0.0915
0.9125 0.1500 -0.0000
1.1625 0.1500 0.0670
-0.1625 0.1830 0.1830
-0.6625 0.1830 0.1830
-1.0955 0.9750 0.1830
-0.9795 0.9750 0.2500
1.0710 0.2750 0.1585
1.0955 0.1500 0.1830
0.9125 0.4000 -0.0000
1.0040 0.3665 -0.0915
0.2165 1.2500 -0.0580
0.1585 1.2500 -0.1585
0.7540 0.2750 -0.1585
0.7295 0.1500 -0.1830
-0.7295 0.9750 0.1830
-0.6625 0.9750 0.0670
0.9795 -0.3750 0.2500
0.9795 0.1500 0.2500
0.7295 -0.3750 -0.1830
0.6625 -0.4420 -0.1830
1.1625 0.1500 0.0670
1.1625 0.1500 -0.0670
-0.1830 -1.3750 0.1830
-0.0670 -1.3750 0.2500
-0.7875 1.1915 0.0335
-0.7875 1.1915 -0.0335
-1.0955 0.9750 -0.1830
-1.1625 0.9750 -0.0670
0.1585 1.2500 -0.1585
0.1830 1.1250 -0.1830
-0.8790 1.1915 0.1250
-0.9460 1.1915 0.1250
0.9460 0.3665 0.1250
1.0040 0.3665 0.0915
-0.0670 -1.3750 -0.2500
-0.1830 -1.3750 -0.1830
-1.0955 0.2500 -0.1830
-0.6625 -0.1830 -0.1830
0.9125 0.1500 -0.0000
0.8455 0.1500 -0.2500
-0.7875 1.1915 -0.0335
-0.6960 1.1000 -0.0580
0.8790 0.3665 -0.1250
0.8210 0.3665 -0.0915
-0.6625 0.9750 -0.0670
-0.7295 0.9750 -0.1830
0.0670 1.1250 -0.2500
-0.0670 1.1250 -0.2500
0.1625 -0.5580 0.2500
0.1625 -0.6920 0.2500
-0.1625 -0.2500 -0.0670
-0.1625 -0.2500 0.0670
-0.7540 1.1000 -0.1585
-0.8545 1.1000 -0.2165
0.8210 0.3665 -0.0915
0.7540 0.2750 -0.1585
-0.2500 1.1250 0.0670
-0.1830 1.1250 0.1830
0.7295 -0.3750 0.1830
0.8455 -0.3750 0.2500
0.0670 1.1250 0.2500
0.1830 1.1250 0.1830
-1.0955 0.2500 -0.1830
-1.1625 0.2500 -0.0670
0.8455 0.1500 -0.2500
0.9795 0.1500 -0.2500
-0.6625 0.2500 0.0670
-0.6625 0.2500 -0.0670
-0.6625 0.9750 -0.0670
-0.6625 0.2500 -0.0670
0.0915 1.3415 -0.0915
0.1585 1.2500 -0.1585
1.0955 0.1500 0.1830
1.1625 0.1500 0.0670
-1.0955 0.9750 0.1830
-0.9795 0.9750 0.2500
0.0580 1.2500 -0.2165
-0.0580 1.2500 -0.2165
-0.8455 0.9750 0.2500
-0.7295 0.9750 0.1830
-0.6625 0.9750 0.0670
-0.6625 0.9750 -0.0670
-0.8210 1.1915 -0.0915
-0.8790 1.1915 -0.1250
0.0670 -1.3750 0.2500
0.1830 -1.3750 0.1830
-0.0670 -1.3750 -0.2500
-0.0670 1.1250 -0.2500
-0.0580 1.2500 -0.2165
-0.0670 1.1250 -0.2500
-0.6625 0.0670 0.2500
-0.6625 -0.0670 0.2500
0.9125 0.4000 -0.0000
0.7875 0.3665 -0.0335
0.9125 0.4000 -0.0000
0.8790 0.3665 0.1250
-0.8790 1.1915 -0.1250
-0.8545 1.1000 -0.2165
0.9125 0.4000 -0.0000
1.0375 0.3665 0.0335
-0.1830 1.1250 -0.1830
-0.2500 1.1250 -0.0670
0.9125 0.4000 -0.0000
0.9460 0.3665 -0.1250
-0.1625 -0.2500 -0.0670
-0.6625 -0.2500 -0.0670
0.6625 -0.8750 0.0670
0.6625 -0.8750 -0.0670
0.0335 1.3415 0.1250
-0.0335 1.3415 0.1250
-0.2500 -1.3750 0.0670
-0.2500 1.1250 0.0670
-0.8545 1.1000 -0.2165
-0.8455 0.9750 -0.2500
0.6960 0.2750 -0.0580
0.6960 0.2750 0.0580
-0.9705 1.1000 -0.2165
-1.0710 1.1000 -0.1585
0.1625 -0.4420 -0.1830
0.6625 -0.4420 -0.1830
-1.0955 0.2500 -0.1830
-1.0955 0.9750 -0.1830
0.6960 0.2750 0.0580
0.6625 0.1500 0.0670
-0.6625 0.9750 0.0670
-0.6625 0.2500 0.0670
-0.1250 1.3415 0.0335
-0.2165 1.2500 0.0580
0.6625 0.1500 0.0670
0.6625 -0.3750 0.0670
-0.0915 1.3415 0.0915
-0.0335 1.3415 0.1250
-0.1625 0.0670 0.2500
-0.1625 -0.0670 0.2500
1.0955 0.1500 -0.1830
0.9795 0.1500 -0.2500
0.0335 1.3415 0.1250
0.0580 1.2500 0.2165
0.7295 0.1500 0.1830
0.8455 0.1500 0.2500
-1.1625 0.9750 -0.0670
-1.1625 0.9750 0.0670
0.0580 1.2500 0.2165
0.0670 1.1250 0.2500
-0.0000 -1.3750 -0.0000
0.0670 -1.3750 -0.2500
1.0955 -0.3750 0.1830
0.6625 -0.8080 0.1830
0.1585 1.2500 0.1585
0.2165 1.2500 0.0580
0.7875 0.3665 -0.0335
0.7875 0.3665 0.0335
-0.1625 -0.0670 -0.2500
-0.1625 -0.1830 -0.1830
-0.0580 1.2500 0.2165
-0.0670 1.1250 0.2500
0.0670 -1.3750 0.2500
0.0670 1.1250 0.2500
0.9460 0.3665 0.1250
0.9705 0.2750 0.2165
-1.0040 1.1915 0.0915
-1.0710 1.1000 0.1585
1.0040 0.3665 0.0915
1.0375 0.3665 0.0335
0.1625 -0.8750 0.0670
0.6625 -0.8750 0.0670
-0.8455 0.2500 -0.2500
-0.9795 0.2500 -0.2500
-0.1625 0.2500 0.0670
-0.6625 0.2500 0.0670
1.0955 -0.3750 0.1830
1.1625 -0.3750 0.0670
0.7540 0.2750 0.1585
0.8545 0.2750 0.2165
-0.9125 0.9750 -0.0000
-1.0955 0.9750 0.1830
0.2500 1.1250 -0.0670
0.1830 1.1250 -0.1830
1.0375 0.3665 0.0335
1.1290 0.2750 0.0580
-0.0000 -1.3750 -0.0000
-0.1830 -1.3750 -0.1830
0.9795 -0.3750 -0.2500
0.6625 -0.6920 -0.2500
-0.8455 0.2500 0.2500
-0.7295 0.2500 0.1830
-0.8455 0.2500 0.2500
-0.9795 0.2500 0.2500
1.1290 0.2750 0.0580
1.1625 0.1500 0.0670
0.6625 0.1500 -0.0670
0.6625 -0.3750 -0.0670
1.1290 0.2750 -0.0580
1.0710 0.2750 -0.1585
-0.6625 0.0670 -0.2500
-0.6625 -0.0670 -0.2500
-0.0000 1.3750 -0.0000
-0.0335 1.3415 -0.1250
-0.9125 1.2250 -0.0000
-1.0040 1.1915 0.0915
-0.0000 1.3750 -0.0000
-0.1250 1.3415 0.0335
-1.1625 0.9750 -0.0670
-1.1625 0.9750 0.0670
1.0955 0.1500 -0.1830
0.9795 0.1500 -0.2500
0.9795 0.1500 0.2500
1.0955 0.1500 0.1830
-0.1830 -1.3750 -0.1830
-0.2500 -1.3750 -0.0670
-1.1625 0.2500 -0.0670
-0.6625 -0.2500 -0.0670
0.9125 0.4000 -0.0000
0.8790 0.3665 -0.1250
-0.0335 1.3415 0.1250
-0.0580 1.2500 0.2165
-0.7295 0.9750 -0.1830
-0.8455 0.9750 -0.2500
-0.0000 -1.3750 -0.0000
0.0670 -1.3750 0.2500
-0.0000 -1.3750 -0.0000
-0.2500 -1.3750 0.0670
-0.1625 -0.2500 0.0670
-0.1625 -0.1830 0.1830
-0.8790 1.1915 0.1250
-0.8210 1.1915 0.0915
0.2165 1.2500 0.0580
0.2500 1.1250 0.0670
-0.6625 -0.2500 0.0670
-0.6625 -0.1830 0.1830
0.1625 -0.3750 -0.0670
0.1625 -0.3750 0.0670
-0.1830 1.1250 0.1830
-0.0670 1.1250 0.2500
-0.8210 1.1915 0.0915
-0.7540 1.1000 0.1585
-1.1625 0.2500 -0.0670
-1.1625 0.2500 0.0670
0.2500 1.1250 -0.0670
0.1830 1.1250 -0.1830
0.6625 -0.3750 -0.0670
0.6625 -0.3750 0.0670
0.2500 -1.3750 -0.0670
0.2500 1.1250 -0.0670
