0.6250 -0.4688 -3.1250
0.6250 -0.4688 -0.6250
-3.1250 -2.3438 4.3750
-4.3750 -2.3438 4.3750
-0.9375 1.0938 -1.5625
-0.9375 0.7812 -1.5625
4.3750 -2.3438 -4.3750
4.3750 -2.3438 -3.1250
0.6250 -1.4062 -0.6250
3.1250 -1.4062 -0.6250
4.3750 -2.3438 0.6250
-4.3750 -2.3438 0.6250
0.6250 -2.3438 4.3750
0.6250 -2.3438 -4.3750
-0.6250 0.7812 -3.1250
-3.1250 0.7812 -3.1250
4.3750 -2.3438 -0.6250
-4.3750 -2.3438 -0.6250
-3.1250 -2.3438 -4.3750
-4.3750 -2.3438 -4.3750
3.1250 2.3438 0.6250
0.6250 1.2500 0.6250
-2.8125 1.0938 -2.1875
-2.8125 1.0938 -2.8125
-0.6250 -2.3438 -0.6250
-3.1250 -2.3438 -0.6250
4.3750 -2.3438 -4.3750
4.3750 -2.3438 -4.3750
-4.3750 -2.3438 -0.6250
4.3750 -2.3438 -0.6250
-2.1875 1.0938 -2.1875
-2.1875 1.0938 -2.8125
-3.1250 -2.3438 4.3750
-4.3750 -2.3438 4.3750
-3.1250 -2.3438 4.3750
-3.1250 -2.3438 -4.3750
3.1250 -2.3438 3.1250
0.6250 -2.3438 3.1250
-0.9375 1.0938 -1.5625
-1.5625 1.0938 -1.5625
0.6250 -2.3438 -3.1250
3.1250 -2.3438 -3.1250
4.3750 -2.3438 0.6250
-4.3750 -2.3438 0.6250
-1.2500 0.7812 0.9375
-1.2500 0.1562 0.9375
-3.1250 0.7812 -0.6250
-3.1250 -2.3438 -0.6250
-0.6250 -2.3438 4.3750
-0.6250 -2.3438 -4.3750
0.6250 -2.3438 4.3750
0.6250 -2.3438 -4.3750
0.6250 -2.3438 -4.3750
0.6250 -2.3438 4.3750
4.3750 -2.3438 -0.6250
-4.3750 -2.3438 -0.6250
4.3750 -2.3438 4.3750
3.1250 -2.3438 4.3750
-3.1250 -2.3438 -4.3750
-4.3750 -2.3438 -4.3750
-0.9375 0.7812 0.9375
-0.9375 0.1562 0.9375
0.6250 -1.4062 -3.1250
0.6250 -1.4062 -0.6250
-0.9375 0.7812 -0.9375
-0.9375 0.7812 -1.5625
0.6250 -2.3438 -0.6250
3.1250 -2.3438 -0.6250
-0.6250 0.7812 -0.6250
-0.6250 -2.3438 -0.6250
-3.1250 0.7812 -3.1250
-3.1250 -2.3438 -3.1250
-0.6250 -2.3438 -3.1250
-3.1250 -2.3438 -3.1250
0.6250 1.2500 0.6250
0.6250 -2.3438 0.6250
4.3750 -2.3438 -4.3750
4.3750 -2.3438 -3.1250
-4.3750 -2.3438 -4.3750
-4.3750 -2.3438 -4.3750
4.3750 -2.3438 -0.6250
-4.3750 -2.3438 -0.6250
-0.9375 0.7812 1.2500
-1.2500 0.7812 1.2500
-4.3750 -2.3438 3.1250
-4.3750 -2.3438 4.3750
4.3750 -2.3438 4.3750
-4.3750 -2.3438 4.3750
3.1250 2.3438 3.1250
3.1250 2.3438 0.6250
0.6250 -1.4062 -3.1250
0.6250 -1.4062 -0.6250
-0.9375 0.7812 0.9375
-1.2500 0.7812 0.9375
-0.6250 0.7812 -0.6250
-3.1250 0.7812 -0.6250
-2.1875 1.0938 -1.5625
-2.8125 1.0938 -1.5625
-3.1250 0.1562 3.1250
-3.1250 -2.3438 3.1250
-4.3750 -2.3438 -4.3750
-4.3750 -2.3438 -3.1250
-3.1250 -2.3438 4.3750
-3.1250 -2.3438 -4.3750
4.3750 -2.3438 -4.3750
4.3750 -2.3438 -3.1250
-0.6250 0.1562 3.1250
-0.6250 -2.3438 3.1250
-4.3750 -2.3438 -4.3750
-4.3750 -2.3438 -3.1250
-2.1875 0.7812 -0.9375
-2.8125 0.7812 -0.9375
-1.5625 1.0938 -0.9375
-1.5625 1.0938 -1.5625
-2.8125 1.0938 -2.8125
-2.8125 0.7812 -2.8125
-3.1250 -2.3438 -0.6250
-3.1250 -2.3438 -3.1250
-0.6250 -2.3438 4.3750
-0.6250 -2.3438 -4.3750
3.1250 -2.3438 -4.3750
3.1250 -2.3438 -4.3750
-4.3750 -2.3438 4.3750
-4.3750 -2.3438 -4.3750
-1.2500 0.7812 1.2500
-1.2500 0.1562 1.2500
4.3750 -2.3438 4.3750
4.3750 -2.3438 4.3750
-0.6250 0.1562 0.6250
-0.6250 -2.3438 0.6250
-0.9375 1.0938 -0.9375
-0.9375 1.0938 -1.5625
-2.1875 1.0938 -2.8125
-2.1875 0.7812 -2.8125
-0.6250 -2.3438 -0.6250
-0.6250 -2.3438 -3.1250
4.3750 -2.3438 -4.3750
4.3750 -2.3438 -4.3750
-2.8125 1.0938 -0.9375
-2.8125 0.7812 -0.9375
-0.6250 -2.3438 -4.3750
-0.6250 -2.3438 4.3750
-4.3750 -2.3438 -4.3750
-4.3750 -2.3438 -3.1250
-4.3750 -2.3438 0.6250
4.3750 -2.3438 0.6250
-2.8125 1.0938 -1.5625
-2.8125 0.7812 -1.5625
-1.5625 0.7812 -0.9375
-1.5625 0.7812 -1.5625
-3.1250 -2.3438 4.3750
-3.1250 -2.3438 -4.3750
-4.3750 -2.3438 3.1250
-4.3750 -2.3438 3.1250
3.1250 -2.3438 3.1250
3.1250 -2.3438 0.6250
-0.6250 0.1562 3.1250
-3.1250 0.1562 3.1250
-4.3750 -2.3438 -4.3750
-4.3750 -2.3438 -3.1250
0.6250 -2.3438 -3.1250
0.6250 -2.3438 -0.6250
-0.9375 0.1562 0.9375
-1.2500 0.1562 0.9375
-2.1875 1.0938 -0.9375
-2.1875 0.7812 -0.9375
-0.6250 -2.3438 4.3750
-0.6250 -2.3438 -4.3750
-4.3750 -2.3438 -3.1250
-4.3750 -2.3438 -3.1250
4.3750 -2.3438 0.6250
-4.3750 -2.3438 0.6250
3.1250 -1.4062 -3.1250
3.1250 -2.3438 -3.1250
3.1250 -1.4062 -3.1250
3.1250 -1.4062 -0.6250
-2.1875 1.0938 -2.8125
-2.8125 1.0938 -2.8125
4.3750 -2.3438 -4.3750
3.1250 -2.3438 -4.3750
4.3750 -2.3438 -4.3750
-4.3750 -2.3438 -4.3750
0.6250 -0.4688 -3.1250
0.6250 -1.4062 -3.1250
-0.9375 0.7812 1.2500
-0.9375 0.7812 0.9375
-4.3750 -2.3438 3.1250
-4.3750 -2.3438 4.3750
-2.1875 1.0938 -0.9375
-2.8125 1.0938 -0.9375
-3.1250 0.7812 -0.6250
-3.1250 0.7812 -3.1250
4.3750 -2.3438 -4.3750
3.1250 -2.3438 -4.3750
-4.3750 -2.3438 4.3750
-4.3750 -2.3438 -4.3750
0.6250 1.2500 3.1250
0.6250 1.2500 0.6250
4.3750 -2.3438 -0.6250
4.3750 -2.3438 -0.6250
-0.6250 0.7812 -0.6250
-0.6250 0.7812 -3.1250
-0.6250 -2.3438 3.1250
-3.1250 -2.3438 3.1250
4.3750 -2.3438 -4.3750
3.1250 -2.3438 -4.3750
4.3750 -2.3438 4.3750
3.1250 -2.3438 4.3750
4.3750 -2.3438 -3.1250
-4.3750 -2.3438 -3.1250
-2.1875 1.0938 -2.1875
-2.1875 0.7812 -2.1875
-4.3750 -2.3438 -4.3750
4.3750 -2.3438 -4.3750
0.6250 -0.4688 -0.6250
0.6250 -1.4062 -0.6250
-2.1875 0.7812 -0.9375
-2.1875 0.7812 -1.5625
4.3750 -2.3438 3.1250
4.3750 -2.3438 3.1250
-2.1875 0.7812 -2.8125
-2.8125 0.7812 -2.8125
4.3750 -2.3438 -4.3750
-4.3750 -2.3438 -4.3750
4.3750 -2.3438 -4.3750
3.1250 -2.3438 -4.3750
-4.3750 -2.3438 4.3750
-4.3750 -2.3438 -4.3750
-0.9375 0.1562 1.2500
-1.2500 0.1562 1.2500
-4.3750 -2.3438 -4.3750
-4.3750 -2.3438 4.3750
-4.3750 -2.3438 3.1250
-4.3750 -2.3438 4.3750
-3.1250 0.1562 0.6250
-3.1250 -2.3438 0.6250
3.1250 -2.3438 -3.1250
3.1250 -2.3438 -0.6250
4.3750 -2.3438 -0.6250
4.3750 -2.3438 0.6250
-3.1250 -2.3438 -4.3750
-3.1250 -2.3438 4.3750
0.6250 -2.3438 4.3750
-0.6250 -2.3438 4.3750
-2.1875 0.7812 -1.5625
-2.8125 0.7812 -1.5625
-4.3750 -2.3438 4.3750
-4.3750 -2.3438 4.3750
0.6250 -2.3438 3.1250
0.6250 -2.3438 0.6250
-0.6250 0.1562 3.1250
-0.6250 0.1562 0.6250
0.6250 -0.4688 -0.6250
1.2500 -0.4688 -0.6250
4.3750 -2.3438 3.1250
4.3750 -2.3438 4.3750
-4.3750 -2.3438 -0.6250
-4.3750 -2.3438 0.6250
3.1250 -2.3438 -4.3750
3.1250 -2.3438 4.3750
-1.2500 0.7812 1.2500
-1.2500 0.7812 0.9375
0.6250 -1.4062 -3.1250
0.6250 -2.3438 -3.1250
4.3750 -2.3438 -4.3750
4.3750 -2.3438 4.3750
4.3750 -2.3438 4.3750
3.1250 -2.3438 4.3750
-0.9375 0.7812 -0.9375
-1.5625 0.7812 -0.9375
4.3750 -2.3438 3.1250
4.3750 -2.3438 4.3750
0.6250 -2.3438 4.3750
-0.6250 -2.3438 4.3750
-0.6250 0.1562 0.6250
-3.1250 0.1562 0.6250
0.6250 -2.3438 -4.3750
-0.6250 -2.3438 -4.3750
4.3750 -2.3438 -3.1250
-4.3750 -2.3438 -3.1250
1.2500 -0.4688 -3.1250
3.1250 -1.4062 -3.1250
-2.1875 1.0938 -0.9375
-2.1875 1.0938 -1.5625
4.3750 -2.3438 3.1250
4.3750 -2.3438 4.3750
-1.5625 1.0938 -0.9375
-1.5625 0.7812 -0.9375
-4.3750 -2.3438 -3.1250
4.3750 -2.3438 -3.1250
-4.3750 -2.3438 -0.6250
-4.3750 -2.3438 0.6250
1.2500 -0.4688 -0.6250
3.1250 -1.4062 -0.6250
3.1250 -1.4062 -3.1250
3.1250 -1.4062 -0.6250
-2.1875 0.7812 -2.1875
-2.8125 0.7812 -2.1875
-0.9375 1.0938 -0.9375
-0.9375 0.7812 -0.9375
0.6250 -1.4062 -3.1250
3.1250 -1.4062 -3.1250
0.6250 -2.3438 4.3750
0.6250 -2.3438 4.3750
4.3750 -2.3438 4.3750
3.1250 -2.3438 4.3750
4.3750 -2.3438 4.3750
4.3750 -2.3438 -4.3750
4.3750 -2.3438 3.1250
4.3750 -2.3438 4.3750
0.6250 -2.3438 -4.3750
-0.6250 -2.3438 -4.3750
4.3750 -2.3438 -3.1250
-4.3750 -2.3438 -3.1250
-4.3750 -2.3438 0.6250
-4.3750 -2.3438 0.6250
-1.2500 0.1562 1.2500
-1.2500 0.1562 0.9375
-2.8125 1.0938 -2.1875
-2.8125 0.7812 -2.1875
-2.8125 0.7812 -0.9375
-2.8125 0.7812 -1.5625
4.3750 -2.3438 -4.3750
-4.3750 -2.3438 -4.3750
-4.3750 -2.3438 -0.6250
-4.3750 -2.3438 -0.6250
-0.9375 0.1562 1.2500
-0.9375 0.1562 0.9375
0.6250 -0.4688 -3.1250
1.2500 -0.4688 -3.1250
-3.1250 -2.3438 4.3750
-4.3750 -2.3438 4.3750
-4.3750 -2.3438 3.1250
-4.3750 -2.3438 4.3750
-0.6250 -2.3438 0.6250
-3.1250 -2.3438 0.6250
-0.9375 1.0938 -0.9375
-1.5625 1.0938 -0.9375
0.6250 -2.3438 4.3750
-0.6250 -2.3438 4.3750
0.6250 -2.3438 -4.3750
0.6250 -2.3438 -4.3750
-3.1250 -2.3438 -4.3750
-4.3750 -2.3438 -4.3750
4.3750 -2.3438 4.3750
-4.3750 -2.3438 4.3750
-3.1250 0.1562 3.1250
-3.1250 0.1562 0.6250
-0.9375 0.7812 1.2500
-0.9375 0.1562 1.2500
4.3750 -2.3438 3.1250
-4.3750 -2.3438 3.1250
-4.3750 -2.3438 -0.6250
-4.3750 -2.3438 0.6250
-2.1875 1.0938 -2.1875
-2.8125 1.0938 -2.1875
4.3750 -2.3438 -0.6250
4.3750 -2.3438 0.6250
3.1250 -2.3438 4.3750
3.1250 -2.3438 -4.3750
-3.1250 -2.3438 4.3750
-4.3750 -2.3438 4.3750
3.1250 -2.3438 0.6250
0.6250 -2.3438 0.6250
0.6250 1.2500 3.1250
0.6250 -2.3438 3.1250
-2.1875 1.0938 -1.5625
-2.1875 0.7812 -1.5625
4.3750 -2.3438 4.3750
4.3750 -2.3438 -4.3750
0.6250 -2.3438 4.3750
-0.6250 -2.3438 4.3750
0.6250 -2.3438 4.3750
0.6250 -2.3438 -4.3750
0.6250 -2.3438 -4.3750
-0.6250 -2.3438 -4.3750
4.3750 -2.3438 -0.6250
4.3750 -2.3438 0.6250
3.1250 2.3438 3.1250
3.1250 -2.3438 3.1250
-3.1250 -2.3438 -4.3750
-4.3750 -2.3438 -4.3750
4.3750 -2.3438 4.3750
-4.3750 -2.3438 4.3750
0.6250 -1.4062 -3.1250
3.1250 -1.4062 -3.1250
-4.3750 -2.3438 4.3750
4.3750 -2.3438 4.3750
-2.8125 1.0938 -0.9375
-2.8125 1.0938 -1.5625
3.1250 -1.4062 -0.6250
3.1250 -2.3438 -0.6250
-2.8125 0.7812 -2.1875
-2.8125 0.7812 -2.8125
3.1250 -2.3438 4.3750
3.1250 -2.3438 -4.3750
4.3750 -2.3438 3.1250
-4.3750 -2.3438 3.1250
-3.1250 -2.3438 4.3750
-3.1250 -2.3438 4.3750
-4.3750 -2.3438 3.1250
4.3750 -2.3438 3.1250
4.3750 -2.3438 -4.3750
4.3750 -2.3438 -3.1250
-4.3750 -2.3438 -0.6250
-4.3750 -2.3438 0.6250
4.3750 -2.3438 -0.6250
4.3750 -2.3438 0.6250
3.1250 -2.3438 4.3750
3.1250 -2.3438 -4.3750
-4.3750 -2.3438 -4.3750
-4.3750 -2.3438 -4.3750
0.6250 -1.4062 -0.6250
0.6250 -2.3438 -0.6250
-2.1875 0.7812 -2.1875
-2.1875 0.7812 -2.8125
-0.9375 0.7812 -1.5625
-1.5625 0.7812 -1.5625
-3.1250 -2.3438 3.1250
-3.1250 -2.3438 0.6250
-0.6250 0.7812 -3.1250
-0.6250 -2.3438 -3.1250
4.3750 -2.3438 4.3750
4.3750 -2.3438 -4.3750
-3.1250 -2.3438 -4.3750
-3.1250 -2.3438 -4.3750
4.3750 -2.3438 3.1250
-4.3750 -2.3438 3.1250
3.1250 2.3438 3.1250
0.6250 1.2500 3.1250
0.6250 -2.3438 -4.3750
-0.6250 -2.3438 -4.3750
3.1250 2.3438 0.6250
3.1250 -2.3438 0.6250
-0.6250 -2.3438 3.1250
-0.6250 -2.3438 0.6250
1.2500 -0.4688 -3.1250
1.2500 -0.4688 -0.6250
0.6250 -1.4062 -0.6250
3.1250 -1.4062 -0.6250
-1.5625 1.0938 -1.5625
-1.5625 0.7812 -1.5625
-0.6250 -2.3438 -4.3750
-0.6250 -2.3438 -4.3750
