-0.0000 0.4770 0.1781
-0.0000 0.4498 0.1841
-2.4102 0.3314 0.0857
-2.4511 0.3314 0.0525
-0.2952 -1.2040 0.1191
-0.3310 -1.2043 0.0514
-2.0961 0.3479 -0.1415
-2.1087 0.3526 -0.0983
2.0663 0.3094 0.1045
2.0663 0.3314 0.1240
1.0052 0.3897 0.1307
1.0052 0.4116 0.0525
0.8117 0.2417 0.0525
0.6148 0.2236 0.0530
0.2253 1.3361 -0.1153
0.2575 1.3366 0.0525
-0.0000 -0.3289 0.2693
-0.1919 -0.3277 0.2730
0.2003 -0.8440 0.1541
0.2003 -0.7245 0.1589
-0.2003 -1.2949 -0.0986
-0.2003 -1.2039 -0.0464
-1.5791 0.3690 -0.0109
-1.5791 0.3831 0.0525
-0.3305 -0.4322 0.2045
-0.3235 -0.5129 0.1730
2.3907 0.3196 0.0243
2.4102 0.3175 0.0525
0.2741 -1.3466 -0.2225
0.2003 -1.3385 -0.2272
0.2293 0.4516 0.1416
0.2633 0.4533 0.0525
0.2003 -1.2987 0.1414
0.2003 -1.2040 0.1441
0.1082 -1.2987 0.1172
0.1055 -1.2040 0.1191
0.2003 -0.9796 0.1503
0.2003 -0.9246 0.1518
1.9454 0.3314 -0.0486
2.0108 0.3314 -0.1013
0.3016 -0.9796 0.1236
0.2003 -0.9796 0.1503
-0.3757 0.4210 -0.0517
-0.1787 0.4126 -0.0817
-0.0913 -0.7245 -0.0243
-0.0504 -0.7245 0.0525
0.0000 1.3823 -0.0900
-0.0000 1.3946 0.0525
0.2518 -1.3582 -0.3243
0.2003 -1.3564 -0.3449
-0.2003 -1.2987 0.1414
-0.2003 -1.3574 0.1361
-1.5791 0.3690 -0.0109
-1.7856 0.3619 -0.0083
-1.3817 0.2868 -0.0160
-1.3817 0.3314 -0.0416
1.1932 0.3829 0.1258
1.1932 0.4022 0.0525
-2.3907 0.3432 0.0806
-2.4102 0.3314 0.0857
0.3094 -0.7245 0.1305
0.3503 -0.7245 0.0531
-0.3235 -0.5129 0.1730
-0.1988 -0.5133 0.1999
-0.0811 -1.3613 -0.0725
-0.1015 -1.3679 -0.2239
-0.2003 -0.8440 0.1541
-0.2003 -0.9246 0.1518
-2.1646 0.3111 0.1010
-2.0663 0.3094 0.1045
-0.8117 0.2417 0.0525
-0.6148 0.2236 0.0530
-0.2856 -1.3850 0.0427
-0.2003 -1.3932 0.0437
-0.2253 1.3361 -0.1153
-0.2575 1.3366 0.0525
0.2769 1.2181 0.2621
0.1592 1.2181 0.3539
0.6106 0.2526 -0.0375
0.6148 0.2236 0.0530
-2.0961 0.3150 -0.1415
-2.1087 0.3102 -0.0983
2.2956 0.3146 0.0927
2.2975 0.3314 0.1075
0.1920 -0.1841 -0.1414
0.1934 -0.0021 -0.1226
1.9585 0.3657 0.0499
1.7848 0.3731 0.0520
0.0853 -0.6026 -0.0298
0.0421 -0.6026 0.0527
0.0913 -0.7245 0.1295
0.0504 -0.7245 0.0525
0.1005 -1.0333 -0.0176
0.0631 -1.0333 0.0525
-1.9454 0.3314 -0.0486
-2.0108 0.3314 -0.1013
-0.1920 -0.1841 -0.1414
-0.1934 -0.0021 -0.1226
0.1160 -1.3865 -0.0730
0.2003 -1.3946 -0.0728
0.2003 -0.8440 0.1541
0.2003 -0.9246 0.1518
0.0811 -1.3613 -0.0725
0.0773 -1.3580 0.0444
0.0000 0.4770 -0.0731
-0.0837 0.4770 -0.0679
0.3235 -0.5129 -0.0431
0.1988 -0.5133 -0.0797
0.1082 -1.2987 0.1172
0.2003 -1.2987 0.1414
0.8117 0.3314 -0.0619
0.6087 0.3305 -0.0696
-0.0556 -0.8440 0.0525
-0.0588 -0.9246 0.0525
-0.8117 0.2662 0.1357
-0.6106 0.2526 0.1431
-0.1732 1.3741 0.1666
-0.1783 1.3795 0.0525
-0.2003 -1.1053 -0.0418
-0.2003 -1.0333 -0.0438
-0.3396 -0.9796 0.0525
-0.3375 -1.0333 0.0525
0.8117 0.3967 -0.0307
1.0052 0.3897 -0.0257
-0.1592 1.2181 0.3539
-0.1300 1.3369 0.2922
0.4008 0.3262 0.1850
0.6087 0.3305 0.1747
1.3817 0.3761 -0.0160
1.3817 0.3929 0.0525
-0.1151 -1.3850 0.0427
-0.2003 -1.3932 0.0437
-0.8117 0.3967 0.1357
-1.0052 0.3897 0.1307
0.1403 0.5960 0.1587
0.0807 0.5960 0.2052
2.2956 0.3483 0.0927
2.2972 0.3546 0.0519
0.0913 -0.7245 0.1295
0.2003 -0.7245 0.1589
-0.2514 -1.3847 -0.3235
-0.2003 -1.3878 -0.3440
0.0000 0.3225 -0.0896
-0.1982 0.3231 -0.0879
0.2769 1.2181 -0.1572
0.2950 1.0045 -0.1709
-0.4028 0.1906 -0.0588
-0.6106 0.2526 -0.0375
0.1013 1.3809 0.1903
0.1300 1.3369 0.2922
-0.2518 -1.3582 -0.3243
-0.2611 -1.3721 -0.3444
0.3103 0.7900 0.0525
0.2358 0.6656 0.0525
-0.1026 -1.1053 0.1211
-0.1005 -1.0333 0.1225
0.3184 1.2181 0.0525
0.3392 1.0045 0.0525
-0.3757 0.4210 -0.0517
-0.2293 0.4516 -0.0366
-0.1592 1.2181 -0.2489
-0.1300 1.3369 -0.1872
0.2611 -1.3721 -0.3444
0.2003 -1.3734 -0.3876
0.2980 -1.1053 0.1211
0.2003 -1.1053 0.1468
0.0853 -0.6026 -0.0298
0.0712 -0.5158 -0.0413
-0.2003 -0.6026 0.1725
-0.2003 -0.7245 0.1589
0.0807 0.5960 0.2052
0.1179 0.6656 0.2757
0.2003 -0.6026 0.1725
0.1988 -0.5133 0.1999
0.3016 -0.9796 -0.0187
0.3001 -1.0333 -0.0176
-0.3410 -0.0020 0.1943
-0.3926 -0.0048 0.0651
-0.1289 -1.3869 -0.2216
-0.2003 -1.3938 -0.2234
-0.4008 0.3262 0.1850
-0.6087 0.3305 0.1747
-0.0974 -0.9246 -0.0198
-0.2003 -0.9246 -0.0469
-1.0052 0.2732 0.1307
-1.0052 0.2513 0.0525
-0.0853 -0.6026 -0.0298
-0.2003 -0.6026 -0.0625
-0.1265 -1.3466 -0.2225
-0.2003 -1.3385 -0.2272
-0.0556 -0.8440 0.0525
-0.0504 -0.7245 0.0525
-2.2956 0.3483 0.0927
-2.2972 0.3546 0.0519
1.5791 0.3690 0.1159
1.7844 0.3617 0.1106
-0.1013 1.3809 0.1903
-0.0924 1.3927 0.0525
0.1456 0.4770 0.1362
0.0837 0.4770 0.1729
-2.4102 0.3454 0.0525
-2.4511 0.3314 0.0525
-2.1533 0.3553 -0.0229
-2.2948 0.3487 0.0095
-0.3103 0.7900 0.0525
-0.2358 0.6656 0.0525
0.3339 -0.1841 0.2212
0.3410 -0.0020 0.1943
-0.1082 -1.2987 0.1172
-0.0719 -1.2998 0.0469
0.0000 1.2181 -0.2620
0.1592 1.2181 -0.2489
0.1167 0.5299 -0.0326
0.1342 0.5299 0.0525
-2.1533 0.3076 -0.0229
-2.1087 0.3102 -0.0983
0.1403 0.5960 -0.0538
0.2051 0.6656 -0.1028
0.0974 -0.9246 -0.0198
0.2003 -0.9246 -0.0469
0.0837 0.4770 0.1729
0.1287 0.4500 0.1790
-0.3450 -0.8440 0.0525
-0.3503 -0.7245 0.0531
0.1674 0.4770 0.0525
0.2633 0.4533 0.0525
-0.3839 -0.1841 0.0740
-0.3834 -0.3273 0.0783
-0.3757 0.4210 0.1566
-0.6076 0.4050 0.1420
-0.1930 -0.4338 -0.1051
-0.1988 -0.5133 -0.0797
-1.5791 0.2939 0.1159
-1.7844 0.3012 0.1106
-0.3032 -0.9246 -0.0198
-0.3418 -0.9246 0.0525
0.1492 -1.3847 -0.3235
0.1395 -1.3721 -0.3444
0.3305 -0.4322 -0.0581
0.3793 -0.4322 0.0758
1.0052 0.3897 -0.0257
1.0052 0.3314 -0.0550
-0.2003 -0.9796 0.1503
-0.2003 -1.0333 0.1488
1.0052 0.2732 -0.0257
1.0052 0.2513 0.0525
0.3450 -0.8440 0.0525
0.3503 -0.7245 0.0531
0.0000 -0.4518 -0.0746
0.1930 -0.4338 -0.1051
-0.2950 1.0045 0.2759
-0.3392 1.0045 0.0525
-0.1167 0.5299 -0.0326
-0.0671 0.5299 -0.0698
-1.7856 0.3619 -0.0083
-1.7836 0.3314 -0.0306
-0.0853 -0.6026 0.1364
-0.0913 -0.7245 0.1295
-0.1488 -1.3582 -0.3243
-0.2003 -1.3564 -0.3449
2.4102 0.3314 0.0193
2.2985 0.3314 -0.0058
-0.3094 -0.7245 0.1305
-0.3503 -0.7245 0.0531
0.1732 1.3741 -0.0616
0.1783 1.3795 0.0525
-0.2846 -1.3865 -0.0730
-0.3195 -1.3613 -0.0725
-0.3016 -0.9796 0.1236
-0.3001 -1.0333 0.1225
0.3056 -0.8440 -0.0214
0.3094 -0.7245 -0.0244
2.4102 0.3314 0.0857
2.2975 0.3314 0.1075
0.3410 -0.0020 -0.0654
0.1934 -0.0021 -0.1226
-0.0837 0.4770 0.1729
-0.1287 0.4500 0.1790
2.0671 0.3001 -0.0253
2.0664 0.3001 0.0493
0.3839 -0.1841 0.0740
0.3926 -0.0048 0.0651
0.2003 -0.9796 -0.0453
0.2003 -0.9246 -0.0469
0.3032 -0.9246 -0.0198
0.3418 -0.9246 0.0525
-0.2924 -1.2987 0.1172
-0.2003 -1.2987 0.1414
0.2980 -1.1053 -0.0161
0.2962 -1.2049 -0.0197
0.2293 0.4516 0.1416
0.1287 0.4500 0.1790
0.3339 -0.1841 0.2212
0.3839 -0.1841 0.0740
-0.2003 -1.3946 -0.0728
-0.2003 -1.3938 -0.2234
-0.8117 0.3967 -0.0307
-0.8117 0.3314 -0.0619
0.2003 -0.9796 0.1503
0.2003 -1.0333 0.1488
-0.3056 -0.8440 0.1264
-0.3450 -0.8440 0.0525
-0.1991 0.1812 -0.0980
-0.1982 0.3231 -0.0879
0.2869 -1.3570 0.1133
0.3234 -1.3580 0.0444
0.0853 -0.6026 -0.0298
0.0913 -0.7245 -0.0243
0.3001 -1.0333 -0.0176
0.2003 -1.0333 -0.0438
0.2846 -1.3865 -0.0730
0.2856 -1.3850 0.0427
-0.1403 0.5960 0.1587
-0.1614 0.5960 0.0525
-0.2846 -1.3865 -0.0730
-0.2717 -1.3869 -0.2216
-0.0000 1.3823 0.1950
-0.0000 1.3946 0.0525
2.0961 0.3150 -0.1415
2.1022 0.3314 -0.1500
0.0000 -0.0023 -0.1313
-0.1934 -0.0021 -0.1226
-0.0610 -0.9796 0.0525
-0.0588 -0.9246 0.0525
0.0000 -0.1841 -0.1507
0.0000 -0.3289 -0.1362
-1.0052 0.2732 -0.0257
-1.0052 0.2513 0.0525
2.1533 0.3553 -0.0229
2.1087 0.3526 -0.0983
-0.8117 0.3967 -0.0307
-0.6076 0.4050 -0.0370
1.9724 0.3045 -0.0269
2.0265 0.3100 -0.0988
-2.4102 0.3314 0.0857
-2.2975 0.3314 0.1075
-0.2293 0.4516 0.1416
-0.2633 0.4533 0.0525
0.6106 0.2526 0.1431
0.6148 0.2236 0.0530
-0.3009 -1.3094 -0.0660
-0.2962 -1.2049 -0.0197
-0.3094 -0.7245 -0.0244
-0.2003 -0.7245 -0.0533
1.5791 0.2939 -0.0109
1.7856 0.3010 -0.0083
2.0663 0.3094 0.1045
2.0664 0.3001 0.0493
0.2698 0.7900 -0.1518
0.2950 1.0045 -0.1709
-0.3056 -0.8440 -0.0214
-0.3450 -0.8440 0.0525
0.2717 -1.3869 -0.2216
0.2991 -1.3679 -0.2239
-0.0913 -0.7245 0.1295
-0.2003 -0.7245 0.1589
-0.1456 0.4770 0.1362
-0.1674 0.4770 0.0525
0.3305 -0.4322 -0.0581
0.3235 -0.5129 -0.0431
-0.8117 0.3967 -0.0307
-0.8117 0.4212 0.0525
-0.1732 1.3741 0.1666
-0.1013 1.3809 0.1903
0.3154 -0.6026 0.1444
0.3094 -0.7245 0.1305
-2.2948 0.3142 0.0095
-2.2972 0.3083 0.0519
-0.0000 1.2181 0.3670
-0.1592 1.2181 0.3539
-0.0990 -0.9796 -0.0187
-0.2003 -0.9796 -0.0453
2.0403 0.3150 -0.1415
2.0265 0.3100 -0.0988
0.2952 -1.2040 0.1191
0.2003 -1.2040 0.1441
0.0000 1.3823 -0.0900
0.0000 1.3371 -0.1973
-2.1646 0.3314 0.1192
-2.2975 0.3314 0.1075
-0.6106 0.2526 -0.0375
-0.6148 0.2236 0.0530
0.4008 0.3262 0.1850
0.1982 0.3231 0.1938
0.3757 0.4210 -0.0517
0.4154 0.4424 0.0525
0.8117 0.2662 -0.0307
0.8117 0.3314 -0.0619
-0.1395 -1.3721 -0.3444
-0.2003 -1.3734 -0.3876
-0.0000 0.4116 0.1901
0.1787 0.4126 0.1867
-0.3154 -0.6026 -0.0311
-0.3585 -0.6026 0.0573
-0.2950 1.0045 -0.1709
-0.1696 1.0045 -0.2686
0.0990 -0.9796 -0.0187
0.1005 -1.0333 -0.0176
0.2769 1.2181 -0.1572
0.3184 1.2181 0.0525
0.2003 -1.1053 -0.0418
0.2003 -1.2039 -0.0464
-0.6106 0.2526 -0.0375
-0.6087 0.3305 -0.0696
0.4008 0.3262 -0.0795
0.1982 0.3231 -0.0879
0.1614 0.5960 0.0525
0.1342 0.5299 0.0525
-0.8117 0.3967 0.1357
-0.8117 0.4212 0.0525
0.1395 -1.3721 -0.3444
0.2003 -1.3734 -0.3876
0.1005 -1.0333 -0.0176
0.2003 -1.0333 -0.0438
-0.0000 -0.4518 0.1906
-0.0712 -0.5158 0.1514
-1.1932 0.2799 -0.0208
-1.1932 0.2606 0.0525
0.1160 -1.3865 -0.0730
0.1151 -1.3850 0.0427
-0.2698 0.7900 0.2568
-0.1551 0.7900 0.3462
0.2003 -1.3564 -0.3449
0.2003 -1.3734 -0.3876
-0.4008 0.3262 0.1850
-0.1982 0.3231 0.1938
-0.1732 1.3741 -0.0616
-0.2253 1.3361 -0.1153
-0.0951 -0.8440 -0.0214
-0.0913 -0.7245 -0.0243
1.5791 0.2798 0.0525
1.3817 0.2700 0.0525
-0.1732 1.3741 0.1666
-0.2253 1.3361 0.2203
-1.9568 0.3560 0.1066
-1.9585 0.3657 0.0499
-0.1013 1.3809 0.1903
-0.1300 1.3369 0.2922
-0.2003 -1.1053 0.1468
-0.2003 -1.0333 0.1488
-1.9724 0.3045 -0.0269
-2.0671 0.3001 -0.0253
-0.2717 -1.3869 -0.2216
-0.2003 -1.3938 -0.2234
-0.0000 0.3225 0.1955
0.1982 0.3231 0.1938
-0.1592 1.2181 0.3539
-0.1696 1.0045 0.3736
0.0000 0.4770 -0.0731
0.0000 0.5299 -0.0751
-0.1151 -1.3850 0.0427
-0.0773 -1.3580 0.0444
-0.8117 0.3967 0.1357
-0.8117 0.3314 0.1668
-0.1614 0.5960 0.0525
-0.1342 0.5299 0.0525
1.5791 0.3690 -0.0109
1.7856 0.3619 -0.0083
-0.1082 -1.2987 0.1172
-0.1055 -1.2040 0.1191
-0.0807 0.5960 0.2052
-0.1179 0.6656 0.2757
-0.3195 -1.3613 -0.0725
-0.2991 -1.3679 -0.2239
0.2698 0.7900 0.2568
0.2950 1.0045 0.2759
-1.1932 0.2799 0.1258
-1.1932 0.3314 0.1533
-0.3016 -0.9796 0.1236
-0.3396 -0.9796 0.0525
2.1646 0.3111 0.1010
2.0663 0.3094 0.1045
0.3346 -1.1053 0.0525
0.3375 -1.0333 0.0525
1.7856 0.3010 -0.0083
1.7848 0.2898 0.0520
0.2293 0.4516 -0.0366
0.2633 0.4533 0.0525
2.1533 0.3076 -0.0229
2.2948 0.3142 0.0095
-0.0951 -0.8440 0.1264
-0.0974 -0.9246 0.1247
0.3396 -0.9796 0.0525
0.3418 -0.9246 0.0525
-1.9568 0.3314 0.1269
-1.7844 0.3314 0.1324
1.9585 0.2972 0.0499
1.7848 0.2898 0.0520
-1.5791 0.2798 0.0525
-1.3817 0.2700 0.0525
0.3334 -0.3273 -0.0719
0.1919 -0.3277 -0.1324
-0.2003 -1.1053 0.1468
-0.2003 -1.2040 0.1441
0.3016 -0.9796 -0.0187
0.3396 -0.9796 0.0525
0.0421 -0.6026 0.0527
0.0276 -0.5187 0.0531
-0.2003 -0.8440 -0.0491
-0.2003 -0.9246 -0.0469
-0.0000 1.2181 0.3670
-0.0000 1.3371 0.3023
-0.3450 -0.8440 0.0525
-0.3418 -0.9246 0.0525
-0.0660 -1.1053 0.0525
-0.0631 -1.0333 0.0525
-0.3154 -0.6026 0.1444
-0.2003 -0.6026 0.1725
-0.3195 -1.3613 -0.0725
-0.3234 -1.3580 0.0444
-0.0974 -0.9246 0.1247
-0.2003 -0.9246 0.1518
-0.0712 -0.5158 0.1514
-0.0276 -0.5187 0.0531
-0.0853 -0.6026 -0.0298
-0.0421 -0.6026 0.0527
-0.2950 1.0045 0.2759
-0.1696 1.0045 0.3736
-0.1137 -1.3570 0.1133
-0.0773 -1.3580 0.0444
-0.0712 -0.5158 -0.0413
-0.1988 -0.5133 -0.0797
-2.1533 0.3553 -0.0229
-2.1634 0.3600 0.0497
0.1732 1.3741 0.1666
0.1783 1.3795 0.0525
-0.0000 0.5299 0.1801
-0.0671 0.5299 0.1747
-0.2924 -1.2987 0.1172
-0.3287 -1.2998 0.0469
2.1769 0.3314 -0.0413
2.1240 0.3314 -0.1005
0.3339 -0.1841 0.2212
0.1920 -0.1841 0.2806
-1.7856 0.3010 -0.0083
-1.7848 0.2898 0.0520
-0.1082 -1.2987 0.1172
-0.2003 -1.2987 0.1414
0.1026 -1.1053 -0.0161
0.1045 -1.2049 -0.0197
-0.8117 0.2662 0.1357
-1.0052 0.2732 0.1307
1.5791 0.3690 0.1159
1.3817 0.3761 0.1210
-1.9585 0.2972 0.0499
-1.7848 0.2898 0.0520
-0.1403 0.5960 0.1587
-0.0807 0.5960 0.2052
0.3195 -1.3613 -0.0725
0.3234 -1.3580 0.0444
0.0712 -0.5158 0.1514
0.0276 -0.5187 0.0531
0.2678 -1.3802 0.0998
0.2856 -1.3850 0.0427
-0.1456 0.4770 -0.0312
-0.1674 0.4770 0.0525
0.0712 -0.5158 -0.0413
0.1988 -0.5133 -0.0797
0.4028 0.1906 -0.0588
0.6106 0.2526 -0.0375
0.0000 1.2181 -0.2620
0.0000 1.3371 -0.1973
-0.4028 0.1906 -0.0588
-0.4008 0.3262 -0.0795
0.4028 0.1906 0.1696
0.6106 0.2526 0.1431
-0.2741 -1.3466 -0.2225
-0.2991 -1.3679 -0.2239
0.1492 -1.3847 -0.3235
0.1289 -1.3869 -0.2216
-0.4028 0.1906 0.1696
-0.4008 0.3262 0.1850
0.2003 -0.8440 -0.0491
0.2003 -0.7245 -0.0533
-0.2003 -1.3878 -0.3440
-0.2003 -1.3734 -0.3876
2.1769 0.3314 -0.0413
2.2985 0.3314 -0.0058
-0.3094 -0.7245 -0.0244
-0.3503 -0.7245 0.0531
0.1026 -1.1053 -0.0161
0.1005 -1.0333 -0.0176
-2.1769 0.3314 -0.0413
-2.1240 0.3314 -0.1005
0.4028 0.1906 -0.0588
0.1991 0.1812 -0.0980
-2.1533 0.3076 -0.0229
-2.1634 0.3028 0.0497
0.0000 1.3823 -0.0900
0.1013 1.3809 -0.0853
-0.2980 -1.1053 0.1211
-0.2003 -1.1053 0.1468
-0.1488 -1.3582 -0.3243
-0.1265 -1.3466 -0.2225
0.1920 -0.1841 0.2806
0.1934 -0.0021 0.2490
0.2741 -1.3466 -0.2225
0.2991 -1.3679 -0.2239
0.2051 0.6656 -0.1028
0.1179 0.6656 -0.1707
-1.5791 0.3690 0.1159
-1.7844 0.3617 0.1106
0.3757 0.4210 -0.0517
0.4008 0.3262 -0.0795
-0.0000 0.1801 0.2148
-0.0000 -0.0023 0.2563
2.1533 0.3553 -0.0229
2.2948 0.3487 0.0095
-0.2003 -0.6026 -0.0625
-0.2003 -0.7245 -0.0533
2.1646 0.3518 0.1010
2.0663 0.3535 0.1045
-0.1732 1.3741 -0.0616
-0.1013 1.3809 -0.0853
-0.1403 0.5960 -0.0538
-0.2051 0.6656 -0.1028
0.0990 -0.9796 0.1236
0.1005 -1.0333 0.1225
-0.6106 0.2526 0.1431
-0.6148 0.2236 0.0530
-0.3339 -0.1841 0.2212
-0.3410 -0.0020 0.1943
0.3585 -0.6026 0.0573
0.3503 -0.7245 0.0531
1.1932 0.4022 0.0525
1.0052 0.4116 0.0525
-0.2003 -1.3564 -0.3449
-0.2003 -1.3734 -0.3876
0.3757 0.4210 0.1566
0.6076 0.4050 0.1420
0.2003 -0.6026 -0.0625
0.2003 -0.7245 -0.0533
-0.2856 -1.3850 0.0427
-0.3234 -1.3580 0.0444
-1.9724 0.3583 -0.0269
-2.0671 0.3628 -0.0253
0.3305 -0.4322 -0.0581
0.1930 -0.4338 -0.1051
-2.0671 0.3001 -0.0253
-2.0680 0.3024 -0.0988
0.1592 1.2181 0.3539
0.1300 1.3369 0.2922
1.5791 0.2939 0.1159
1.7844 0.3012 0.1106
0.2003 -1.2987 0.1414
0.2003 -1.3574 0.1361
0.3339 -0.1841 -0.0757
0.3410 -0.0020 -0.0654
0.1167 0.5299 0.1375
0.1342 0.5299 0.0525
-0.0000 0.6656 0.2854
0.1179 0.6656 0.2757
-1.5791 0.2939 0.1159
-1.3817 0.2868 0.1210
-0.0807 0.5960 -0.1002
-0.0671 0.5299 -0.0698
-0.1920 -0.1841 -0.1414
-0.1919 -0.3277 -0.1324
0.3235 -0.5129 0.1730
0.1988 -0.5133 0.1999
0.0811 -1.3613 -0.0725
0.1015 -1.3679 -0.2239
0.3009 -1.3094 -0.0660
0.2003 -1.2949 -0.0986
0.3235 -0.5129 -0.0431
0.3696 -0.5129 0.0668
0.1329 -1.3802 0.0998
0.2003 -1.3839 0.1101
-0.1456 0.4770 0.1362
-0.2293 0.4516 0.1416
0.2856 -1.3850 0.0427
0.2003 -1.3932 0.0437
1.9454 0.3314 -0.0486
1.7836 0.3314 -0.0306
0.2514 -1.3847 -0.3235
0.2717 -1.3869 -0.2216
-0.3793 -0.4322 0.0758
-0.3696 -0.5129 0.0668
1.1932 0.3829 -0.0208
1.3817 0.3761 -0.0160
0.1787 0.4126 -0.0817
0.1982 0.3231 -0.0879
-0.3396 -0.9796 0.0525
-0.3418 -0.9246 0.0525
0.2518 -1.3582 -0.3243
0.2741 -1.3466 -0.2225
-1.9724 0.3583 -0.0269
-1.9585 0.3657 0.0499
-0.3287 -1.2998 0.0469
-0.3310 -1.2043 0.0514
-0.3056 -0.8440 -0.0214
-0.3094 -0.7245 -0.0244
-0.4008 0.3262 -0.0795
-0.1982 0.3231 -0.0879
-1.3817 0.2868 -0.0160
-1.3817 0.2700 0.0525
-1.5791 0.3690 0.1159
-1.5791 0.3314 0.1396
0.1403 0.5960 0.1587
0.1614 0.5960 0.0525
-0.0421 -0.6026 0.0527
-0.0276 -0.5187 0.0531
1.0052 0.2732 0.1307
1.0052 0.2513 0.0525
-1.1932 0.2799 0.1258
-1.3817 0.2868 0.1210
0.1456 0.4770 -0.0312
0.2293 0.4516 -0.0366
-0.1167 0.5299 0.1375
-0.1342 0.5299 0.0525
-1.1932 0.2799 -0.0208
-1.3817 0.2868 -0.0160
-0.0853 -0.6026 -0.0298
-0.0913 -0.7245 -0.0243
0.1013 1.3809 0.1903
0.0924 1.3927 0.0525
-2.1533 0.3553 -0.0229
-2.1087 0.3526 -0.0983
2.4102 0.3454 0.0525
2.4511 0.3314 0.0525
0.0000 1.3371 -0.1973
-0.1300 1.3369 -0.1872
-1.5791 0.3690 -0.0109
-1.5791 0.3314 -0.0346
0.8117 0.3967 -0.0307
0.6076 0.4050 -0.0370
0.3184 1.2181 0.0525
0.2575 1.3366 0.0525
0.3396 -0.9796 0.0525
0.3375 -1.0333 0.0525
0.0000 -0.4848 0.0535
0.0276 -0.5187 0.0531
2.3907 0.3432 0.0243
2.2948 0.3487 0.0095
-0.3757 0.4210 0.1566
-0.2293 0.4516 0.1416
0.1151 -1.3850 0.0427
0.2003 -1.3932 0.0437
-0.2698 0.7900 0.2568
-0.2051 0.6656 0.2078
-1.1932 0.2606 0.0525
-1.3817 0.2700 0.0525
-1.1932 0.3314 -0.0483
-1.3817 0.3314 -0.0416
-0.1787 0.4126 -0.0817
-0.1982 0.3231 -0.0879
-0.2698 0.7900 -0.1518
-0.2950 1.0045 -0.1709
-0.2769 1.2181 0.2621
-0.2253 1.3361 0.2203
-0.3410 -0.0020 0.1943
-0.1934 -0.0021 0.2490
-0.6076 0.4050 -0.0370
-0.6100 0.4315 0.0525
-0.0000 -0.4518 0.1906
-0.0000 -0.3289 0.2693
2.4102 0.3175 0.0525
2.2972 0.3083 0.0519
2.0265 0.3100 -0.0988
2.0108 0.3314 -0.1013
-0.0712 -0.5158 -0.0413
-0.0276 -0.5187 0.0531
0.1456 0.4770 0.1362
0.1674 0.4770 0.0525
0.8117 0.3967 -0.0307
0.8117 0.4212 0.0525
1.7844 0.3617 0.1106
1.7848 0.3731 0.0520
-0.3235 -0.5129 -0.0431
-0.1988 -0.5133 -0.0797
-0.2717 -1.3869 -0.2216
-0.2991 -1.3679 -0.2239
-2.1646 0.3518 0.1010
-2.1634 0.3600 0.0497
-1.9568 0.3069 0.1066
-2.0663 0.3094 0.1045
-2.0961 0.3150 -0.1415
-2.0682 0.3114 -0.1500
-0.2924 -1.2987 0.1172
-0.2952 -1.2040 0.1191
-1.7856 0.3010 -0.0083
-1.7836 0.3314 -0.0306
0.0000 0.4770 -0.0731
0.0000 0.4498 -0.0791
-0.1055 -1.2040 0.1191
-0.2003 -1.2040 0.1441
0.0660 -1.1053 0.0525
0.0697 -1.2043 0.0514
-0.3184 1.2181 0.0525
-0.2575 1.3366 0.0525
-0.3154 -0.6026 0.1444
-0.3094 -0.7245 0.1305
2.3907 0.3432 0.0243
2.4102 0.3454 0.0525
0.1137 -1.3570 0.1133
0.2003 -1.3574 0.1361
-1.1932 0.2799 0.1258
-1.0052 0.2732 0.1307
-0.0913 -0.7245 -0.0243
-0.2003 -0.7245 -0.0533
-1.1932 0.2799 -0.0208
-1.1932 0.3314 -0.0483
0.3410 -0.0020 0.1943
0.3926 -0.0048 0.0651
0.2769 1.2181 -0.1572
0.2253 1.3361 -0.1153
0.2924 -1.2987 0.1172
0.2869 -1.3570 0.1133
0.1265 -1.3466 -0.2225
0.2003 -1.3385 -0.2272
0.0556 -0.8440 0.0525
0.0504 -0.7245 0.0525
-0.0000 -0.3289 0.2693
0.1919 -0.3277 0.2730
0.3001 -1.0333 0.1225
0.2003 -1.0333 0.1488
0.1930 -0.4338 -0.1051
0.1919 -0.3277 -0.1324
0.1991 0.1812 -0.0980
0.1982 0.3231 -0.0879
-0.2769 1.2181 -0.1572
-0.1592 1.2181 -0.2489
0.8117 0.2417 0.0525
1.0052 0.2513 0.0525
0.0807 0.5960 0.2052
0.0671 0.5299 0.1747
-1.9724 0.3045 -0.0269
-1.9454 0.3314 -0.0486
-2.4102 0.3175 0.0525
-2.2972 0.3083 0.0519
-2.0265 0.3100 -0.0988
-2.0108 0.3314 -0.1013
1.7844 0.3012 0.1106
1.7844 0.3314 0.1324
-0.0000 1.2181 0.3670
-0.0000 1.0045 0.3876
-0.2003 -0.9796 0.1503
-0.2003 -0.9246 0.1518
0.1026 -1.1053 0.1211
0.2003 -1.1053 0.1468
-1.9568 0.3069 0.1066
-1.9568 0.3314 0.1269
-1.7844 0.3617 0.1106
-1.7848 0.3731 0.0520
-0.2611 -1.3721 -0.3444
-0.2003 -1.3734 -0.3876
0.1026 -1.1053 -0.0161
0.0660 -1.1053 0.0525
-0.3154 -0.6026 0.1444
-0.3235 -0.5129 0.1730
-2.0671 0.3628 -0.0253
-2.0680 0.3605 -0.0988
-1.3817 0.2868 0.1210
-1.3817 0.2700 0.0525
-2.1533 0.3076 -0.0229
-2.1769 0.3314 -0.0413
2.0682 0.3515 -0.1500
2.0680 0.3605 -0.0988
-0.2003 -0.6026 0.1725
-0.1988 -0.5133 0.1999
-0.2980 -1.1053 0.1211
-0.3001 -1.0333 0.1225
0.3757 0.4210 -0.0517
0.6076 0.4050 -0.0370
0.1732 1.3741 -0.0616
0.2253 1.3361 -0.1153
0.4563 0.1535 0.0564
0.6148 0.2236 0.0530
0.0000 0.1801 -0.1030
0.1991 0.1812 -0.0980
0.1732 1.3741 0.1666
0.2253 1.3361 0.2203
0.0000 0.5960 -0.1069
0.0807 0.5960 -0.1002
-1.9724 0.3583 -0.0269
-1.7856 0.3619 -0.0083
1.9568 0.3560 0.1066
1.9585 0.3657 0.0499
-1.1932 0.3829 -0.0208
-1.1932 0.3314 -0.0483
1.9568 0.3314 0.1269
2.0663 0.3314 0.1240
-0.3339 -0.1841 -0.0757
-0.3334 -0.3273 -0.0719
-0.0000 1.0045 0.3876
0.1696 1.0045 0.3736
0.1167 0.5299 0.1375
0.0671 0.5299 0.1747
0.2846 -1.3865 -0.0730
0.2003 -1.3946 -0.0728
-0.1403 0.5960 0.1587
-0.1167 0.5299 0.1375
0.8117 0.3967 0.1357
0.8117 0.3314 0.1668
-1.5791 0.3314 -0.0346
-1.7836 0.3314 -0.0306
2.3907 0.3432 0.0806
2.2956 0.3483 0.0927
0.3032 -0.9246 0.1247
0.2003 -0.9246 0.1518
-0.8117 0.2417 0.0525
-1.0052 0.2513 0.0525
-1.5791 0.2939 -0.0109
-1.5791 0.2798 0.0525
-0.3305 -0.4322 -0.0581
-0.3235 -0.5129 -0.0431
0.2678 -1.3802 0.0998
0.2003 -1.3839 0.1101
-0.2769 1.2181 0.2621
-0.1592 1.2181 0.3539
-1.7844 0.3012 0.1106
-1.7844 0.3314 0.1324
-0.1289 -1.3869 -0.2216
-0.1015 -1.3679 -0.2239
1.1932 0.2799 0.1258
1.3817 0.2868 0.1210
2.0265 0.3529 -0.0988
2.0680 0.3605 -0.0988
1.1932 0.4022 0.0525
1.3817 0.3929 0.0525
1.5791 0.3690 -0.0109
1.3817 0.3761 -0.0160
0.0998 -1.3094 -0.0660
0.1265 -1.3466 -0.2225
-0.4028 0.1906 -0.0588
-0.4563 0.1535 0.0564
-1.0052 0.3897 0.1307
-1.0052 0.4116 0.0525
2.2948 0.3142 0.0095
2.2972 0.3083 0.0519
0.8117 0.4212 0.0525
1.0052 0.4116 0.0525
-0.3001 -1.0333 -0.0176
-0.3375 -1.0333 0.0525
-0.3032 -0.9246 -0.0198
-0.2003 -0.9246 -0.0469
2.1087 0.3526 -0.0983
2.0680 0.3605 -0.0988
2.1646 0.3314 0.1192
2.2975 0.3314 0.1075
-0.2051 0.6656 -0.1028
-0.1179 0.6656 -0.1707
-0.4563 0.1535 0.0564
-0.6148 0.2236 0.0530
0.0990 -0.9796 0.1236
0.0610 -0.9796 0.0525
-0.2003 -1.3946 -0.0728
-0.2003 -1.3932 0.0437
0.3305 -0.4322 0.2045
0.1930 -0.4338 0.2370
-1.9568 0.3314 0.1269
-2.0663 0.3314 0.1240
0.8117 0.4212 0.0525
0.6100 0.4315 0.0525
-1.5791 0.2939 0.1159
-1.5791 0.3314 0.1396
-0.1167 0.5299 0.1375
-0.0671 0.5299 0.1747
2.3907 0.3196 0.0806
2.4102 0.3314 0.0857
-1.5791 0.2939 -0.0109
-1.3817 0.2868 -0.0160
0.2051 0.6656 0.2078
0.1179 0.6656 0.2757
0.6106 0.2526 -0.0375
0.6087 0.3305 -0.0696
0.3032 -0.9246 -0.0198
0.2003 -0.9246 -0.0469
0.2293 0.4516 -0.0366
0.1287 0.4500 -0.0740
2.1533 0.3553 -0.0229
2.1634 0.3600 0.0497
0.0998 -1.3094 -0.0660
0.0811 -1.3613 -0.0725
-2.0265 0.3529 -0.0988
-2.0680 0.3605 -0.0988
-1.1932 0.4022 0.0525
-1.3817 0.3929 0.0525
0.2003 -1.3878 -0.3440
0.2003 -1.3938 -0.2234
0.1787 0.4126 -0.0817
0.1287 0.4500 -0.0740
-0.8117 0.2662 -0.0307
-0.8117 0.2417 0.0525
0.8117 0.2662 0.1357
1.0052 0.2732 0.1307
-0.2869 -1.3570 0.1133
-0.2003 -1.3574 0.1361
2.0961 0.3150 -0.1415
2.1087 0.3102 -0.0983
-1.5791 0.3690 0.1159
-1.3817 0.3761 0.1210
0.2980 -1.1053 -0.0161
0.3346 -1.1053 0.0525
-2.3907 0.3432 0.0243
-2.4102 0.3314 0.0193
0.0837 0.4770 -0.0679
0.1287 0.4500 -0.0740
-0.0000 0.4498 0.1841
-0.1287 0.4500 0.1790
2.0265 0.3529 -0.0988
2.0108 0.3314 -0.1013
-0.3154 -0.6026 -0.0311
-0.2003 -0.6026 -0.0625
-0.2003 -1.3564 -0.3449
-0.2003 -1.3385 -0.2272
0.1456 0.4770 -0.0312
0.1674 0.4770 0.0525
0.0990 -0.9796 -0.0187
0.0610 -0.9796 0.0525
-1.1932 0.3829 0.1258
-1.3817 0.3761 0.1210
-0.8117 0.4212 0.0525
-0.6100 0.4315 0.0525
2.1634 0.3600 0.0497
2.0664 0.3628 0.0493
0.2769 1.2181 0.2621
0.2950 1.0045 0.2759
0.0951 -0.8440 0.1264
0.0556 -0.8440 0.0525
-0.4028 0.1906 0.1696
-0.6106 0.2526 0.1431
0.4028 0.1906 -0.0588
0.4008 0.3262 -0.0795
-0.0000 0.5960 0.2119
0.0807 0.5960 0.2052
0.1592 1.2181 0.3539
0.1696 1.0045 0.3736
0.0000 0.6656 -0.1804
0.1179 0.6656 -0.1707
0.4028 0.1906 0.1696
0.4008 0.3262 0.1850
0.3339 -0.1841 -0.0757
0.1920 -0.1841 -0.1414
0.4154 0.4424 0.0525
0.2633 0.4533 0.0525
-0.3339 -0.1841 0.2212
-0.3334 -0.3273 0.2239
-0.2293 0.4516 -0.0366
-0.1287 0.4500 -0.0740
0.0000 -0.4518 -0.0746
-0.1930 -0.4338 -0.1051
0.1592 1.2181 -0.2489
0.1696 1.0045 -0.2686
-0.0807 0.5960 -0.1002
-0.1179 0.6656 -0.1707
-0.2698 0.7900 0.2568
-0.3103 0.7900 0.0525
-0.4028 0.1906 -0.0588
-0.1991 0.1812 -0.0980
-0.1787 0.4126 -0.0817
-0.1287 0.4500 -0.0740
2.3907 0.3196 0.0243
2.2948 0.3142 0.0095
0.3009 -1.3094 -0.0660
0.3287 -1.2998 0.0469
-0.0951 -0.8440 0.1264
-0.0556 -0.8440 0.0525
-0.0000 -0.0023 0.2563
-0.1934 -0.0021 0.2490
0.3016 -0.9796 0.1236
0.3396 -0.9796 0.0525
-2.0265 0.3529 -0.0988
-2.0108 0.3314 -0.1013
-0.0000 0.7900 0.3590
-0.0000 1.0045 0.3876
1.1932 0.2606 0.0525
1.0052 0.2513 0.0525
0.0951 -0.8440 0.1264
0.2003 -0.8440 0.1541
1.1932 0.3314 -0.0483
1.0052 0.3314 -0.0550
-2.1646 0.3518 0.1010
-2.0663 0.3535 0.1045
0.1920 -0.1841 0.2806
0.1919 -0.3277 0.2730
0.1732 1.3741 -0.0616
0.1013 1.3809 -0.0853
-0.3009 -1.3094 -0.0660
-0.3195 -1.3613 -0.0725
0.3757 0.4210 -0.0517
0.2293 0.4516 -0.0366
0.3839 -0.1841 0.0740
0.3834 -0.3273 0.0783
-0.3184 1.2181 0.0525
-0.3392 1.0045 0.0525
0.0951 -0.8440 -0.0214
0.0556 -0.8440 0.0525
0.2950 1.0045 0.2759
0.1696 1.0045 0.3736
-0.4154 0.4424 0.0525
-0.2633 0.4533 0.0525
0.0000 -0.4518 -0.0746
-0.0712 -0.5158 -0.0413
1.9585 0.3657 0.0499
2.0664 0.3628 0.0493
-0.0951 -0.8440 0.1264
-0.2003 -0.8440 0.1541
1.9724 0.3583 -0.0269
2.0671 0.3628 -0.0253
0.2003 -1.1053 0.1468
0.2003 -1.0333 0.1488
0.2611 -1.3721 -0.3444
0.2991 -1.3679 -0.2239
-0.3305 -0.4322 -0.0581
-0.1930 -0.4338 -0.1051
-0.3410 -0.0020 -0.0654
-0.1934 -0.0021 -0.1226
-0.0000 1.3823 0.1950
-0.1013 1.3809 0.1903
0.4028 0.1906 -0.0588
0.3410 -0.0020 -0.0654
-0.2003 -1.1053 -0.0418
-0.2003 -1.2039 -0.0464
0.3016 -0.9796 -0.0187
0.3032 -0.9246 -0.0198
0.1151 -1.3850 0.0427
0.0773 -1.3580 0.0444
-0.1920 -0.1841 0.2806
-0.1934 -0.0021 0.2490
-2.2956 0.3146 0.0927
-2.2972 0.3083 0.0519
1.5791 0.2939 0.1159
1.3817 0.2868 0.1210
1.7844 0.3617 0.1106
1.7844 0.3314 0.1324
0.3235 -0.5129 0.1730
0.3696 -0.5129 0.0668
-0.3032 -0.9246 0.1247
-0.2003 -0.9246 0.1518
0.1055 -1.2040 0.1191
0.0697 -1.2043 0.0514
-2.3907 0.3196 0.0806
-2.4102 0.3175 0.0525
0.8117 0.3314 -0.0619
1.0052 0.3314 -0.0550
2.2948 0.3487 0.0095
2.2985 0.3314 -0.0058
0.1456 0.4770 0.1362
0.2293 0.4516 0.1416
-2.4102 0.3454 0.0525
-2.2972 0.3546 0.0519
-0.1674 0.4770 0.0525
-0.2633 0.4533 0.0525
-1.1932 0.3829 -0.0208
-1.3817 0.3761 -0.0160
-0.1930 -0.4338 -0.1051
-0.1919 -0.3277 -0.1324
1.9724 0.3583 -0.0269
1.9585 0.3657 0.0499
0.2003 -1.1053 0.1468
0.2003 -1.2040 0.1441
-0.8117 0.2662 0.1357
-0.8117 0.3314 0.1668
-0.0000 0.1801 0.2148
0.1991 0.1812 0.2100
-0.0000 0.4116 0.1901
-0.1787 0.4126 0.1867
-0.0807 0.5960 0.2052
-0.0671 0.5299 0.1747
1.5791 0.3690 0.1159
1.5791 0.3314 0.1396
0.1787 0.4126 0.1867
0.1982 0.3231 0.1938
-0.2514 -1.3847 -0.3235
-0.2717 -1.3869 -0.2216
-0.3016 -0.9796 -0.0187
-0.2003 -0.9796 -0.0453
0.3103 0.7900 0.0525
0.3392 1.0045 0.0525
-0.1456 0.4770 -0.0312
-0.2293 0.4516 -0.0366
-1.9724 0.3045 -0.0269
-2.0265 0.3100 -0.0988
-0.4008 0.3262 -0.0795
-0.6087 0.3305 -0.0696
-1.0052 0.3897 -0.0257
-1.0052 0.3314 -0.0550
0.3001 -1.0333 0.1225
0.3375 -1.0333 0.0525
0.6076 0.4050 0.1420
0.6087 0.3305 0.1747
0.3056 -0.8440 0.1264
0.2003 -0.8440 0.1541
-1.7844 0.3617 0.1106
-1.7844 0.3314 0.1324
1.5791 0.3690 -0.0109
1.5791 0.3314 -0.0346
-0.1265 -1.3466 -0.2225
-0.1015 -1.3679 -0.2239
-0.8117 0.2662 0.1357
-0.8117 0.2417 0.0525
-2.2948 0.3487 0.0095
-2.2985 0.3314 -0.0058
-0.8117 0.3314 0.1668
-1.0052 0.3314 0.1600
-0.2980 -1.1053 0.1211
-0.2952 -1.2040 0.1191
1.5791 0.3690 0.1159
1.5791 0.3831 0.0525
-0.4028 0.1906 0.1696
-0.4563 0.1535 0.0564
-1.9724 0.3045 -0.0269
-1.9585 0.2972 0.0499
-0.2003 -1.3878 -0.3440
-0.2003 -1.3938 -0.2234
0.2980 -1.1053 -0.0161
0.2003 -1.1053 -0.0418
-2.3907 0.3432 0.0243
-2.2948 0.3487 0.0095
0.3757 0.4210 0.1566
0.2293 0.4516 0.1416
-0.0000 1.3371 0.3023
-0.1300 1.3369 0.2922
0.2698 0.7900 0.2568
0.3103 0.7900 0.0525
-0.1492 -1.3847 -0.3235
-0.2003 -1.3878 -0.3440
-0.0000 1.3946 0.0525
-0.0924 1.3927 0.0525
-0.3016 -0.9796 0.1236
-0.2003 -0.9796 0.1503
-0.1787 0.4126 0.1867
-0.1982 0.3231 0.1938
2.0671 0.3001 -0.0253
2.0680 0.3024 -0.0988
1.9568 0.3560 0.1066
1.9568 0.3314 0.1269
-1.1932 0.3829 -0.0208
-1.0052 0.3897 -0.0257
-0.3757 0.4210 -0.0517
-0.4154 0.4424 0.0525
-0.6076 0.4050 0.1420
-0.6087 0.3305 0.1747
0.3305 -0.4322 0.2045
0.3235 -0.5129 0.1730
2.1646 0.3518 0.1010
2.1634 0.3600 0.0497
0.2003 -1.3878 -0.3440
0.2003 -1.3734 -0.3876
1.9568 0.3069 0.1066
2.0663 0.3094 0.1045
0.0807 0.5960 -0.1002
0.0671 0.5299 -0.0698
-2.1087 0.3526 -0.0983
-2.0680 0.3605 -0.0988
0.3032 -0.9246 0.1247
0.3418 -0.9246 0.0525
1.9724 0.3045 -0.0269
1.7856 0.3010 -0.0083
0.2003 -1.2949 -0.0986
0.2003 -1.3385 -0.2272
0.1551 0.7900 -0.2412
0.1696 1.0045 -0.2686
0.2980 -1.1053 -0.0161
0.3001 -1.0333 -0.0176
0.0990 -0.9796 0.1236
0.2003 -0.9796 0.1503
-2.3907 0.3432 0.0243
-2.4102 0.3454 0.0525
0.3009 -1.3094 -0.0660
0.2741 -1.3466 -0.2225
-2.0682 0.3114 -0.1500
-2.0682 0.3314 -0.1677
-0.2769 1.2181 -0.1572
-0.2253 1.3361 -0.1153
-0.3410 -0.0020 -0.0654
-0.3926 -0.0048 0.0651
1.3817 0.2868 -0.0160
1.3817 0.3314 -0.0416
-0.8117 0.3314 0.1668
-0.6087 0.3305 0.1747
0.3793 -0.4322 0.0758
0.3696 -0.5129 0.0668
2.1634 0.3600 0.0497
2.2972 0.3546 0.0519
0.3056 -0.8440 -0.0214
0.2003 -0.8440 -0.0491
-2.0403 0.3479 -0.1415
-2.0342 0.3314 -0.1500
-0.0000 0.4116 0.1901
-0.0000 0.4498 0.1841
-0.0000 0.4770 0.1781
-0.0000 0.5299 0.1801
0.2769 1.2181 -0.1572
0.1592 1.2181 -0.2489
-0.2924 -1.2987 0.1172
-0.2869 -1.3570 0.1133
-2.0403 0.3150 -0.1415
-2.0682 0.3114 -0.1500
0.0000 0.7900 -0.2540
0.1551 0.7900 -0.2412
-0.0000 -0.4518 0.1906
0.1930 -0.4338 0.2370
-0.2003 -0.6026 -0.0625
-0.1988 -0.5133 -0.0797
-0.3056 -0.8440 0.1264
-0.3032 -0.9246 0.1247
0.0000 0.4116 -0.0851
0.1787 0.4126 -0.0817
1.9568 0.3069 0.1066
1.9568 0.3314 0.1269
0.0000 1.0045 -0.2826
0.1696 1.0045 -0.2686
0.3410 -0.0020 -0.0654
0.3926 -0.0048 0.0651
-1.9724 0.3583 -0.0269
-2.0265 0.3529 -0.0988
-0.0837 0.4770 -0.0679
-0.1287 0.4500 -0.0740
0.1329 -1.3802 0.0998
0.1151 -1.3850 0.0427
-0.2698 0.7900 -0.1518
-0.1551 0.7900 -0.2412
0.2856 -1.3850 0.0427
0.3234 -1.3580 0.0444
-0.0000 -0.4518 0.1906
0.0712 -0.5158 0.1514
2.1533 0.3553 -0.0229
2.1769 0.3314 -0.0413
-0.1026 -1.1053 -0.0161
-0.0660 -1.1053 0.0525
0.4154 0.4424 0.0525
0.6100 0.4315 0.0525
1.9724 0.3583 -0.0269
1.7856 0.3619 -0.0083
0.0998 -1.3094 -0.0660
0.0719 -1.2998 0.0469
0.2003 -0.6026 -0.0625
0.1988 -0.5133 -0.0797
1.1932 0.3829 -0.0208
1.1932 0.3314 -0.0483
-1.9724 0.3583 -0.0269
-1.9454 0.3314 -0.0486
0.1160 -1.3865 -0.0730
0.1289 -1.3869 -0.2216
1.1932 0.2606 0.0525
1.3817 0.2700 0.0525
0.0951 -0.8440 0.1264
0.0974 -0.9246 0.1247
-2.1646 0.3314 0.1192
-2.0663 0.3314 0.1240
1.1932 0.3314 -0.0483
1.3817 0.3314 -0.0416
1.0052 0.2732 -0.0257
1.0052 0.3314 -0.0550
-0.1005 -1.0333 0.1225
-0.2003 -1.0333 0.1488
0.1403 0.5960 0.1587
0.1167 0.5299 0.1375
-2.3907 0.3432 0.0806
-2.2956 0.3483 0.0927
0.6076 0.4050 -0.0370
0.6100 0.4315 0.0525
0.0951 -0.8440 -0.0214
0.0974 -0.9246 -0.0198
1.5791 0.2939 -0.0109
1.5791 0.2798 0.0525
-0.3235 -0.5129 0.1730
-0.3696 -0.5129 0.0668
-0.2950 1.0045 -0.1709
-0.3392 1.0045 0.0525
-2.1646 0.3111 0.1010
-2.1646 0.3314 0.1192
1.1932 0.2799 -0.0208
1.1932 0.2606 0.0525
2.2948 0.3142 0.0095
2.2985 0.3314 -0.0058
-0.2518 -1.3582 -0.3243
-0.2003 -1.3564 -0.3449
0.0000 0.4116 -0.0851
0.0000 0.3225 -0.0896
-0.2846 -1.3865 -0.0730
-0.2003 -1.3946 -0.0728
-1.5791 0.3690 -0.0109
-1.3817 0.3761 -0.0160
0.4028 0.1906 -0.0588
0.4563 0.1535 0.0564
-0.3585 -0.6026 0.0573
-0.3503 -0.7245 0.0531
0.0000 -0.3289 -0.1362
0.1919 -0.3277 -0.1324
0.4028 0.1906 0.1696
0.1991 0.1812 0.2100
0.3339 -0.1841 -0.0757
0.3839 -0.1841 0.0740
0.1005 -1.0333 0.1225
0.2003 -1.0333 0.1488
0.0974 -0.9246 0.1247
0.0588 -0.9246 0.0525
-0.4154 0.4424 0.0525
-0.6100 0.4315 0.0525
0.0000 1.3823 -0.0900
-0.1013 1.3809 -0.0853
0.1592 1.2181 -0.2489
0.1300 1.3369 -0.1872
1.9724 0.3045 -0.0269
2.0671 0.3001 -0.0253
-0.3305 -0.4322 0.2045
-0.1930 -0.4338 0.2370
-1.1932 0.2606 0.0525
-1.0052 0.2513 0.0525
0.3334 -0.3273 0.2239
0.1919 -0.3277 0.2730
-1.1932 0.3314 -0.0483
-1.0052 0.3314 -0.0550
0.0837 0.4770 0.1729
0.0671 0.5299 0.1747
-0.1403 0.5960 -0.0538
-0.1614 0.5960 0.0525
1.5791 0.2939 0.1159
1.5791 0.3314 0.1396
-0.3339 -0.1841 -0.0757
-0.3410 -0.0020 -0.0654
-2.3907 0.3196 0.0806
-2.4102 0.3314 0.0857
-1.0052 0.2732 -0.0257
-1.0052 0.3314 -0.0550
1.5791 0.2939 -0.0109
1.3817 0.2868 -0.0160
2.0265 0.3100 -0.0988
2.0680 0.3024 -0.0988
-0.1160 -1.3865 -0.0730
-0.2003 -1.3946 -0.0728
2.1087 0.3102 -0.0983
2.1240 0.3314 -0.1005
-0.3235 -0.5129 -0.0431
-0.3696 -0.5129 0.0668
2.1634 0.3028 0.0497
2.0664 0.3001 0.0493
-0.1329 -1.3802 0.0998
-0.2003 -1.3839 0.1101
-2.1646 0.3518 0.1010
-2.1646 0.3314 0.1192
0.1026 -1.1053 0.1211
0.0660 -1.1053 0.0525
0.0000 0.5299 -0.0751
-0.0671 0.5299 -0.0698
-1.9585 0.3657 0.0499
-2.0664 0.3628 0.0493
0.8117 0.2662 -0.0307
0.8117 0.2417 0.0525
-0.2293 0.4516 -0.0366
-0.2633 0.4533 0.0525
1.3817 0.2868 0.1210
1.3817 0.2700 0.0525
-2.0961 0.3479 -0.1415
-2.1022 0.3314 -0.1500
2.3907 0.3432 0.0243
2.4102 0.3314 0.0193
-1.1932 0.2799 -0.0208
-1.0052 0.2732 -0.0257
0.3410 -0.0020 0.1943
0.1934 -0.0021 0.2490
0.1674 0.4770 0.0525
0.1342 0.5299 0.0525
-0.3334 -0.3273 0.2239
-0.1919 -0.3277 0.2730
0.0421 -0.6026 0.0527
0.0504 -0.7245 0.0525
1.1932 0.3829 0.1258
1.3817 0.3761 0.1210
-0.0837 0.4770 0.1729
-0.0671 0.5299 0.1747
-0.6106 0.2526 0.1431
-0.6087 0.3305 0.1747
0.1082 -1.2987 0.1172
0.1137 -1.3570 0.1133
-0.8117 0.3314 -0.0619
-1.0052 0.3314 -0.0550
1.5791 0.2798 0.0525
1.7848 0.2898 0.0520
0.0000 0.1801 -0.1030
0.0000 -0.0023 -0.1313
-1.5791 0.3831 0.0525
-1.3817 0.3929 0.0525
0.2514 -1.3847 -0.3235
0.2003 -1.3878 -0.3440
-0.0990 -0.9796 -0.0187
-0.0610 -0.9796 0.0525
-2.0265 0.3100 -0.0988
-2.0680 0.3024 -0.0988
1.0052 0.3897 -0.0257
1.0052 0.4116 0.0525
0.0000 -0.4518 -0.0746
0.0000 -0.3289 -0.1362
0.1026 -1.1053 0.1211
0.1005 -1.0333 0.1225
-1.9568 0.3069 0.1066
-1.9585 0.2972 0.0499
-2.1087 0.3102 -0.0983
-2.1240 0.3314 -0.1005
-2.1634 0.3028 0.0497
-2.0664 0.3001 0.0493
-0.3032 -0.9246 0.1247
-0.3418 -0.9246 0.0525
0.0913 -0.7245 -0.0243
0.2003 -0.7245 -0.0533
-0.3757 0.4210 -0.0517
-0.4008 0.3262 -0.0795
-0.0951 -0.8440 0.1264
-0.0913 -0.7245 0.1295
2.2948 0.3487 0.0095
2.2972 0.3546 0.0519
1.0052 0.2732 0.1307
1.0052 0.3314 0.1600
0.2698 0.7900 0.2568
0.1551 0.7900 0.3462
-0.0853 -0.6026 -0.0298
-0.0712 -0.5158 -0.0413
-2.3907 0.3196 0.0243
-2.2948 0.3142 0.0095
2.0663 0.3535 0.1045
2.0664 0.3628 0.0493
0.0000 0.4498 -0.0791
-0.1287 0.4500 -0.0740
2.4102 0.3175 0.0525
2.4511 0.3314 0.0525
-0.1551 0.7900 0.3462
-0.1696 1.0045 0.3736
-0.3016 -0.9796 -0.0187
-0.3001 -1.0333 -0.0176
0.2253 1.3361 0.2203
0.1300 1.3369 0.2922
-0.1674 0.4770 0.0525
-0.1342 0.5299 0.0525
1.5791 0.3314 0.1396
1.7844 0.3314 0.1324
0.3154 -0.6026 0.1444
0.3585 -0.6026 0.0573
-0.2962 -1.2049 -0.0197
-0.2003 -1.2039 -0.0464
1.9585 0.2972 0.0499
2.0664 0.3001 0.0493
0.0853 -0.6026 -0.0298
0.2003 -0.6026 -0.0625
-1.5791 0.2798 0.0525
-1.7848 0.2898 0.0520
0.1787 0.4126 0.1867
0.1287 0.4500 0.1790
1.7844 0.3012 0.1106
1.7848 0.2898 0.0520
-0.2769 1.2181 0.2621
-0.3184 1.2181 0.0525
-1.0052 0.3897 -0.0257
-1.0052 0.4116 0.0525
-0.0660 -1.1053 0.0525
-0.0697 -1.2043 0.0514
-2.1769 0.3314 -0.0413
-2.2985 0.3314 -0.0058
1.1932 0.2799 0.1258
1.1932 0.3314 0.1533
-0.1403 0.5960 -0.0538
-0.0807 0.5960 -0.1002
-2.1533 0.3076 -0.0229
-2.0671 0.3001 -0.0253
-0.0000 -0.1841 0.2862
-0.0000 -0.0023 0.2563
0.0000 1.2181 -0.2620
0.0000 1.0045 -0.2826
-2.2948 0.3487 0.0095
-2.2972 0.3546 0.0519
1.5791 0.3314 -0.0346
1.3817 0.3314 -0.0416
0.0000 -0.1841 -0.1507
0.0000 -0.0023 -0.1313
0.2962 -1.2049 -0.0197
0.2003 -1.2039 -0.0464
-2.0663 0.3535 0.1045
-2.0664 0.3628 0.0493
-2.4102 0.3175 0.0525
-2.4511 0.3314 0.0525
-0.3001 -1.0333 0.1225
-0.2003 -1.0333 0.1488
-2.0403 0.3150 -0.1415
-2.0342 0.3314 -0.1500
0.1920 -0.1841 -0.1414
0.1919 -0.3277 -0.1324
-0.2962 -1.2049 -0.0197
-0.3310 -1.2043 0.0514
0.3339 -0.1841 0.2212
0.3334 -0.3273 0.2239
-1.9585 0.2972 0.0499
-2.0664 0.3001 0.0493
-0.1492 -1.3847 -0.3235
-0.1395 -1.3721 -0.3444
0.1289 -1.3869 -0.2216
0.1015 -1.3679 -0.2239
2.3907 0.3196 0.0806
2.4102 0.3175 0.0525
-0.1787 0.4126 0.1867
-0.1287 0.4500 0.1790
-1.5791 0.2939 -0.0109
-1.5791 0.3314 -0.0346
-0.3016 -0.9796 -0.0187
-0.3032 -0.9246 -0.0198
-1.7844 0.3012 0.1106
-1.7848 0.2898 0.0520
-0.1920 -0.1841 0.2806
-0.1919 -0.3277 0.2730
0.0000 1.3371 -0.1973
0.1300 1.3369 -0.1872
0.3154 -0.6026 -0.0311
0.3235 -0.5129 -0.0431
0.0998 -1.3094 -0.0660
0.2003 -1.2949 -0.0986
-1.1932 0.4022 0.0525
-1.0052 0.4116 0.0525
0.0807 0.5960 -0.1002
0.1179 0.6656 -0.1707
0.2962 -1.2049 -0.0197
0.3310 -1.2043 0.0514
0.2846 -1.3865 -0.0730
0.3195 -1.3613 -0.0725
-0.1403 0.5960 0.1587
-0.2051 0.6656 0.2078
-1.5791 0.3314 -0.0346
-1.3817 0.3314 -0.0416
0.1488 -1.3582 -0.3243
0.1395 -1.3721 -0.3444
0.8117 0.2662 0.1357
0.8117 0.3314 0.1668
0.0990 -0.9796 0.1236
0.0974 -0.9246 0.1247
-0.2980 -1.1053 -0.0161
-0.2962 -1.2049 -0.0197
-2.0682 0.3114 -0.1500
-2.0680 0.3024 -0.0988
0.2003 -1.3946 -0.0728
0.2003 -1.3938 -0.2234
0.3056 -0.8440 0.1264
0.3450 -0.8440 0.0525
-0.0000 -0.1841 0.2862
-0.1920 -0.1841 0.2806
0.0990 -0.9796 -0.0187
0.0974 -0.9246 -0.0198
-0.2253 1.3361 0.2203
-0.2575 1.3366 0.0525
0.0000 0.4116 -0.0851
0.0000 0.4498 -0.0791
-0.3001 -1.0333 -0.0176
-0.2003 -1.0333 -0.0438
-0.2846 -1.3865 -0.0730
-0.2856 -1.3850 0.0427
-2.0403 0.3479 -0.1415
-2.0682 0.3515 -0.1500
0.2950 1.0045 -0.1709
0.1696 1.0045 -0.2686
0.8117 0.2662 0.1357
0.8117 0.2417 0.0525
-1.5791 0.3690 0.1159
-1.5791 0.3831 0.0525
0.4028 0.1906 0.1696
0.4563 0.1535 0.0564
-0.0000 0.6656 0.2854
-0.1179 0.6656 0.2757
-0.0998 -1.3094 -0.0660
-0.1265 -1.3466 -0.2225
-0.3056 -0.8440 0.1264
-0.2003 -0.8440 0.1541
-0.3305 -0.4322 0.2045
-0.3793 -0.4322 0.0758
0.0610 -0.9796 0.0525
0.0631 -1.0333 0.0525
0.0853 -0.6026 0.1364
0.2003 -0.6026 0.1725
0.2869 -1.3570 0.1133
0.2003 -1.3574 0.1361
-1.9454 0.3314 -0.0486
-1.7836 0.3314 -0.0306
0.2003 -1.3564 -0.3449
0.2003 -1.3385 -0.2272
-0.2980 -1.1053 -0.0161
-0.2003 -1.1053 -0.0418
0.0000 0.5960 -0.1069
-0.0807 0.5960 -0.1002
-0.1456 0.4770 0.1362
-0.1167 0.5299 0.1375
-0.1456 0.4770 -0.0312
-0.0837 0.4770 -0.0679
-0.0421 -0.6026 0.0527
-0.0504 -0.7245 0.0525
0.3585 -0.6026 0.0573
0.3696 -0.5129 0.0668
-1.7856 0.3619 -0.0083
-1.7848 0.3731 0.0520
-1.9568 0.3560 0.1066
-1.9568 0.3314 0.1269
-2.2948 0.3142 0.0095
-2.2985 0.3314 -0.0058
-0.2003 -0.9796 -0.0453
-0.2003 -1.0333 -0.0438
1.1932 0.2799 -0.0208
1.3817 0.2868 -0.0160
1.1932 0.3829 -0.0208
1.0052 0.3897 -0.0257
2.1087 0.3102 -0.0983
2.0680 0.3024 -0.0988
0.3056 -0.8440 -0.0214
0.3450 -0.8440 0.0525
2.2956 0.3146 0.0927
2.2972 0.3083 0.0519
1.1932 0.3314 0.1533
1.0052 0.3314 0.1600
-1.9568 0.3069 0.1066
-1.7844 0.3012 0.1106
-0.0998 -1.3094 -0.0660
-0.0811 -1.3613 -0.0725
-2.0961 0.3479 -0.1415
-2.0682 0.3515 -0.1500
0.2698 0.7900 -0.1518
0.3103 0.7900 0.0525
-0.0000 -0.4518 0.1906
0.0000 -0.4848 0.0535
0.0990 -0.9796 -0.0187
0.2003 -0.9796 -0.0453
-2.1646 0.3111 0.1010
-2.1634 0.3028 0.0497
-1.9568 0.3560 0.1066
-2.0663 0.3535 0.1045
0.2051 0.6656 0.2078
0.2358 0.6656 0.0525
2.4102 0.3454 0.0525
2.2972 0.3546 0.0519
0.2769 1.2181 0.2621
0.2253 1.3361 0.2203
0.0000 -0.4848 0.0535
-0.0276 -0.5187 0.0531
-0.2980 -1.1053 -0.0161
-0.3001 -1.0333 -0.0176
0.1026 -1.1053 0.1211
0.1055 -1.2040 0.1191
-0.0990 -0.9796 0.1236
-0.2003 -0.9796 0.1503
-0.1013 1.3809 -0.0853
-0.1300 1.3369 -0.1872
-0.3009 -1.3094 -0.0660
-0.2741 -1.3466 -0.2225
2.0403 0.3479 -0.1415
2.0342 0.3314 -0.1500
0.3016 -0.9796 0.1236
0.3001 -1.0333 0.1225
2.0403 0.3150 -0.1415
2.0682 0.3114 -0.1500
-0.0990 -0.9796 -0.0187
-0.1005 -1.0333 -0.0176
0.3334 -0.3273 -0.0719
0.3834 -0.3273 0.0783
-1.1932 0.2799 0.1258
-1.1932 0.2606 0.0525
2.1634 0.3028 0.0497
2.2972 0.3083 0.0519
-0.3056 -0.8440 -0.0214
-0.2003 -0.8440 -0.0491
-0.1403 0.5960 -0.0538
-0.1167 0.5299 -0.0326
0.4008 0.3262 -0.0795
0.6087 0.3305 -0.0696
-2.1087 0.3102 -0.0983
-2.0680 0.3024 -0.0988
-0.1395 -1.3721 -0.3444
-0.1015 -1.3679 -0.2239
-2.3907 0.3196 0.0806
-2.2956 0.3146 0.0927
1.9724 0.3583 -0.0269
2.0265 0.3529 -0.0988
-1.1932 0.3314 0.1533
-1.0052 0.3314 0.1600
0.0000 0.7900 -0.2540
0.0000 0.6656 -0.1804
0.8117 0.3314 0.1668
1.0052 0.3314 0.1600
-2.4102 0.3314 0.0193
-2.4511 0.3314 0.0525
0.2698 0.7900 -0.1518
0.1551 0.7900 -0.2412
-0.1160 -1.3865 -0.0730
-0.1151 -1.3850 0.0427
-2.1533 0.3553 -0.0229
-2.1769 0.3314 -0.0413
-0.2051 0.6656 0.2078
-0.2358 0.6656 0.0525
0.0000 -0.4518 -0.0746
0.0000 -0.4848 0.0535
-0.0000 0.7900 0.3590
0.1551 0.7900 0.3462
1.9724 0.3583 -0.0269
1.9454 0.3314 -0.0486
0.0951 -0.8440 -0.0214
0.0913 -0.7245 -0.0243
0.1395 -1.3721 -0.3444
0.1015 -1.3679 -0.2239
1.9724 0.3045 -0.0269
1.9454 0.3314 -0.0486
-0.0837 0.4770 -0.0679
-0.0671 0.5299 -0.0698
0.1551 0.7900 0.3462
0.1179 0.6656 0.2757
-0.1160 -1.3865 -0.0730
-0.1289 -1.3869 -0.2216
0.2717 -1.3869 -0.2216
0.2003 -1.3938 -0.2234
2.1646 0.3111 0.1010
2.1646 0.3314 0.1192
-2.1634 0.3028 0.0497
-2.2972 0.3083 0.0519
-0.0000 0.5960 0.2119
-0.0807 0.5960 0.2052
2.1533 0.3076 -0.0229
2.1769 0.3314 -0.0413
-1.0052 0.2732 0.1307
-1.0052 0.3314 0.1600
1.9568 0.3560 0.1066
1.7844 0.3617 0.1106
-0.0951 -0.8440 -0.0214
-0.0974 -0.9246 -0.0198
0.2980 -1.1053 0.1211
0.3346 -1.1053 0.0525
-2.0682 0.3515 -0.1500
-2.0680 0.3605 -0.0988
-0.4028 0.1906 0.1696
-0.1991 0.1812 0.2100
-0.2253 1.3361 0.2203
-0.1300 1.3369 0.2922
-0.2003 -1.3839 0.1101
-0.2003 -1.3574 0.1361
-0.0000 0.1801 0.2148
-0.0000 0.3225 0.1955
-2.1634 0.3600 0.0497
-2.0664 0.3628 0.0493
-1.5791 0.3314 0.1396
-1.7844 0.3314 0.1324
2.0682 0.3114 -0.1500
2.0682 0.3314 -0.1677
-0.2611 -1.3721 -0.3444
-0.2991 -1.3679 -0.2239
0.8117 0.2662 -0.0307
1.0052 0.2732 -0.0257
0.6076 0.4050 0.1420
0.6100 0.4315 0.0525
0.0000 -0.1841 -0.1507
0.1920 -0.1841 -0.1414
0.1403 0.5960 -0.0538
0.1614 0.5960 0.0525
-1.5791 0.3831 0.0525
-1.7848 0.3731 0.0520
-0.0000 0.4770 0.1781
0.0837 0.4770 0.1729
0.8117 0.3314 0.1668
0.6087 0.3305 0.1747
0.3757 0.4210 -0.0517
0.1787 0.4126 -0.0817
0.2698 0.7900 0.2568
0.2051 0.6656 0.2078
-0.0000 0.4498 0.1841
0.1287 0.4500 0.1790
-0.3016 -0.9796 0.1236
-0.3032 -0.9246 0.1247
-0.0719 -1.2998 0.0469
-0.0697 -1.2043 0.0514
-0.3016 -0.9796 -0.0187
-0.3396 -0.9796 0.0525
0.2003 -0.8440 -0.0491
0.2003 -0.9246 -0.0469
0.0000 0.3225 -0.0896
0.1982 0.3231 -0.0879
0.1265 -1.3466 -0.2225
0.1015 -1.3679 -0.2239
0.3154 -0.6026 0.1444
0.2003 -0.6026 0.1725
-0.0000 1.0045 0.3876
-0.1696 1.0045 0.3736
0.2003 -1.3839 0.1101
0.2003 -1.3574 0.1361
0.0000 1.2181 -0.2620
-0.1592 1.2181 -0.2489
2.1646 0.3518 0.1010
2.1646 0.3314 0.1192
0.0998 -1.3094 -0.0660
0.1045 -1.2049 -0.0197
0.1137 -1.3570 0.1133
0.0773 -1.3580 0.0444
-0.8117 0.4212 0.0525
-1.0052 0.4116 0.0525
2.0961 0.3479 -0.1415
2.1022 0.3314 -0.1500
0.1551 0.7900 -0.2412
0.1179 0.6656 -0.1707
-1.3817 0.3761 -0.0160
-1.3817 0.3314 -0.0416
0.2924 -1.2987 0.1172
0.3287 -1.2998 0.0469
-0.2769 1.2181 0.2621
-0.2950 1.0045 0.2759
-0.1026 -1.1053 0.1211
-0.0660 -1.1053 0.0525
0.0719 -1.2998 0.0469
0.0697 -1.2043 0.0514
1.1932 0.2799 0.1258
1.0052 0.2732 0.1307
-0.1026 -1.1053 -0.0161
-0.1045 -1.2049 -0.0197
-0.6076 0.4050 0.1420
-0.6100 0.4315 0.0525
-2.3907 0.3196 0.0243
-2.4102 0.3314 0.0193
1.3817 0.3761 0.1210
1.3817 0.3314 0.1466
-0.0719 -1.2998 0.0469
-0.0773 -1.3580 0.0444
-0.0000 -0.0023 0.2563
0.1934 -0.0021 0.2490
2.1646 0.3314 0.1192
2.0663 0.3314 0.1240
-0.2678 -1.3802 0.0998
-0.2856 -1.3850 0.0427
-0.3001 -1.0333 0.1225
-0.3375 -1.0333 0.0525
-0.2051 0.6656 0.2078
-0.1179 0.6656 0.2757
1.5791 0.3314 0.1396
1.3817 0.3314 0.1466
-0.1082 -1.2987 0.1172
-0.1137 -1.3570 0.1133
1.1932 0.2799 0.1258
1.1932 0.2606 0.0525
-0.1991 0.1812 -0.0980
-0.1934 -0.0021 -0.1226
1.9568 0.3069 0.1066
1.9585 0.2972 0.0499
-0.3094 -0.7245 0.1305
-0.2003 -0.7245 0.1589
2.3907 0.3432 0.0806
2.4102 0.3454 0.0525
-0.1492 -1.3847 -0.3235
-0.1289 -1.3869 -0.2216
-0.2003 -0.8440 -0.0491
-0.2003 -0.7245 -0.0533
0.0719 -1.2998 0.0469
0.0773 -1.3580 0.0444
-0.1551 0.7900 -0.2412
-0.1179 0.6656 -0.1707
-0.1026 -1.1053 -0.0161
-0.1005 -1.0333 -0.0176
-0.0000 0.1801 0.2148
-0.1991 0.1812 0.2100
-1.5791 0.2939 0.1159
-1.5791 0.2798 0.0525
-0.8117 0.2662 -0.0307
-0.6106 0.2526 -0.0375
0.3056 -0.8440 -0.0214
0.3032 -0.9246 -0.0198
0.3793 -0.4322 0.0758
0.3834 -0.3273 0.0783
-1.3817 0.3761 0.1210
-1.3817 0.3314 0.1466
0.2003 -1.2949 -0.0986
0.2003 -1.2039 -0.0464
1.1932 0.3314 0.1533
1.3817 0.3314 0.1466
0.3757 0.4210 0.1566
0.1787 0.4126 0.1867
-0.3339 -0.1841 0.2212
-0.3839 -0.1841 0.0740
0.0000 0.5960 -0.1069
0.0000 0.6656 -0.1804
-0.3154 -0.6026 0.1444
-0.3585 -0.6026 0.0573
1.0052 0.3897 0.1307
1.0052 0.3314 0.1600
1.3817 0.2868 -0.0160
1.3817 0.2700 0.0525
-1.1932 0.3829 0.1258
-1.1932 0.3314 0.1533
-0.2003 -1.2949 -0.0986
-0.2003 -1.3385 -0.2272
0.1403 0.5960 -0.0538
0.0807 0.5960 -0.1002
0.0000 0.4770 -0.0731
0.0837 0.4770 -0.0679
-2.0403 0.3479 -0.1415
-2.0265 0.3529 -0.0988
0.0000 0.6656 -0.1804
-0.1179 0.6656 -0.1707
0.8117 0.3967 0.1357
0.6076 0.4050 0.1420
-0.0000 0.4116 0.1901
-0.0000 0.3225 0.1955
-0.0990 -0.9796 0.1236
-0.1005 -1.0333 0.1225
-0.1013 1.3809 -0.0853
-0.0924 1.3927 0.0525
-0.3305 -0.4322 0.2045
-0.3334 -0.3273 0.2239
2.0403 0.3150 -0.1415
2.0342 0.3314 -0.1500
0.1160 -1.3865 -0.0730
0.0811 -1.3613 -0.0725
0.0000 -0.4518 -0.0746
0.0712 -0.5158 -0.0413
0.3334 -0.3273 0.2239
0.3834 -0.3273 0.0783
0.4028 0.1906 0.1696
0.3410 -0.0020 0.1943
0.1930 -0.4338 0.2370
0.1919 -0.3277 0.2730
0.6106 0.2526 0.1431
0.6087 0.3305 0.1747
2.1533 0.3076 -0.0229
2.1087 0.3102 -0.0983
1.5791 0.2939 -0.0109
1.5791 0.3314 -0.0346
-1.1932 0.3314 0.1533
-1.3817 0.3314 0.1466
0.0000 -0.0023 -0.1313
0.1934 -0.0021 -0.1226
-2.1646 0.3111 0.1010
-2.2956 0.3146 0.0927
1.5791 0.3831 0.0525
1.3817 0.3929 0.0525
-1.0052 0.3897 0.1307
-1.0052 0.3314 0.1600
-0.2003 -1.2987 0.1414
-0.2003 -1.2040 0.1441
-0.1329 -1.3802 0.0998
-0.1151 -1.3850 0.0427
-0.3009 -1.3094 -0.0660
-0.2003 -1.2949 -0.0986
-2.0961 0.3150 -0.1415
-2.1022 0.3314 -0.1500
-0.2051 0.6656 -0.1028
-0.2358 0.6656 0.0525
2.0342 0.3314 -0.1500
2.0108 0.3314 -0.1013
-0.1005 -1.0333 0.1225
-0.0631 -1.0333 0.0525
0.1403 0.5960 0.1587
0.2051 0.6656 0.2078
-0.6076 0.4050 -0.0370
-0.6087 0.3305 -0.0696
-0.0998 -1.3094 -0.0660
-0.0719 -1.2998 0.0469
0.0951 -0.8440 -0.0214
0.2003 -0.8440 -0.0491
0.2698 0.7900 -0.1518
0.2051 0.6656 -0.1028
-0.3154 -0.6026 -0.0311
-0.3235 -0.5129 -0.0431
0.1456 0.4770 -0.0312
0.1167 0.5299 -0.0326
0.3339 -0.1841 -0.0757
0.3334 -0.3273 -0.0719
-0.2518 -1.3582 -0.3243
-0.2741 -1.3466 -0.2225
0.1551 0.7900 0.3462
0.1696 1.0045 0.3736
0.2003 -1.1053 -0.0418
0.2003 -1.0333 -0.0438
-0.0000 1.3371 0.3023
0.1300 1.3369 0.2922
-0.3334 -0.3273 0.2239
-0.3834 -0.3273 0.0783
-0.0990 -0.9796 0.1236
-0.0974 -0.9246 0.1247
-0.1930 -0.4338 0.2370
-0.1919 -0.3277 0.2730
-0.0000 1.3946 0.0525
0.0924 1.3927 0.0525
2.0403 0.3479 -0.1415
2.0682 0.3515 -0.1500
0.0000 0.7900 -0.2540
-0.1551 0.7900 -0.2412
-0.0000 -0.4518 0.1906
-0.1930 -0.4338 0.2370
0.2514 -1.3847 -0.3235
0.2611 -1.3721 -0.3444
0.1005 -1.0333 0.1225
0.0631 -1.0333 0.0525
-0.0990 -0.9796 -0.0187
-0.0974 -0.9246 -0.0198
-0.3839 -0.1841 0.0740
-0.3926 -0.0048 0.0651
0.0000 0.4116 -0.0851
-0.1787 0.4126 -0.0817
-0.2698 0.7900 0.2568
-0.2950 1.0045 0.2759
0.3305 -0.4322 0.2045
0.3793 -0.4322 0.0758
-0.0913 -0.7245 0.1295
-0.0504 -0.7245 0.0525
-2.1634 0.3600 0.0497
-2.2972 0.3546 0.0519
-0.1005 -1.0333 -0.0176
-0.0631 -1.0333 0.0525
-0.0000 -0.1841 0.2862
-0.0000 -0.3289 0.2693
-0.3339 -0.1841 -0.0757
-0.1920 -0.1841 -0.1414
-0.0853 -0.6026 0.1364
-0.0421 -0.6026 0.0527
2.0682 0.3515 -0.1500
2.0682 0.3314 -0.1677
-2.0342 0.3314 -0.1500
-2.0108 0.3314 -0.1013
-2.0663 0.3094 0.1045
-2.0663 0.3314 0.1240
-0.0974 -0.9246 0.1247
-0.0588 -0.9246 0.0525
-0.0811 -1.3613 -0.0725
-0.0773 -1.3580 0.0444
2.0663 0.3535 0.1045
2.0663 0.3314 0.1240
0.2003 -0.6026 0.1725
0.2003 -0.7245 0.1589
0.1456 0.4770 0.1362
0.1167 0.5299 0.1375
-0.1551 0.7900 0.3462
-0.1179 0.6656 0.2757
0.1456 0.4770 -0.0312
0.0837 0.4770 -0.0679
-0.3757 0.4210 0.1566
-0.4008 0.3262 0.1850
-0.3103 0.7900 0.0525
-0.3392 1.0045 0.0525
-0.1329 -1.3802 0.0998
-0.1137 -1.3570 0.1133
-1.9724 0.3045 -0.0269
-1.7856 0.3010 -0.0083
-0.0000 1.3823 0.1950
0.1013 1.3809 0.1903
-0.3757 0.4210 0.1566
-0.4154 0.4424 0.0525
1.9568 0.3069 0.1066
1.7844 0.3012 0.1106
1.9724 0.3045 -0.0269
1.9585 0.2972 0.0499
2.0961 0.3479 -0.1415
2.0682 0.3515 -0.1500
0.2678 -1.3802 0.0998
0.2869 -1.3570 0.1133
-0.2698 0.7900 -0.1518
-0.3103 0.7900 0.0525
2.1646 0.3111 0.1010
2.1634 0.3028 0.0497
1.1932 0.3829 0.1258
1.0052 0.3897 0.1307
1.9568 0.3560 0.1066
2.0663 0.3535 0.1045
0.2924 -1.2987 0.1172
0.2952 -1.2040 0.1191
0.1055 -1.2040 0.1191
0.2003 -1.2040 0.1441
-2.0682 0.3515 -0.1500
-2.0682 0.3314 -0.1677
0.0000 -0.1841 -0.1507
-0.1920 -0.1841 -0.1414
-0.1137 -1.3570 0.1133
-0.2003 -1.3574 0.1361
0.3154 -0.6026 -0.0311
0.3094 -0.7245 -0.0244
-2.1533 0.3553 -0.0229
-2.0671 0.3628 -0.0253
-2.0663 0.3535 0.1045
-2.0663 0.3314 0.1240
-2.1646 0.3518 0.1010
-2.2956 0.3483 0.0927
-2.2956 0.3146 0.0927
-2.2975 0.3314 0.1075
-0.0000 -0.1841 0.2862
0.1920 -0.1841 0.2806
-1.9585 0.3657 0.0499
-1.7848 0.3731 0.0520
2.0682 0.3114 -0.1500
2.0680 0.3024 -0.0988
-0.1026 -1.1053 0.1211
-0.1055 -1.2040 0.1191
0.1026 -1.1053 -0.0161
0.2003 -1.1053 -0.0418
2.2956 0.3483 0.0927
2.2975 0.3314 0.1075
0.3056 -0.8440 0.1264
0.3094 -0.7245 0.1305
1.3817 0.2868 0.1210
1.3817 0.3314 0.1466
0.1403 0.5960 -0.0538
0.1167 0.5299 -0.0326
0.2253 1.3361 0.2203
0.2575 1.3366 0.0525
2.3907 0.3196 0.0806
2.2956 0.3146 0.0927
-0.3334 -0.3273 -0.0719
-0.1919 -0.3277 -0.1324
-0.1026 -1.1053 0.1211
-0.2003 -1.1053 0.1468
-0.1551 0.7900 -0.2412
-0.1696 1.0045 -0.2686
-0.1045 -1.2049 -0.0197
-0.0697 -1.2043 0.0514
-1.1932 0.3829 -0.0208
-1.1932 0.4022 0.0525
0.3154 -0.6026 0.1444
0.3235 -0.5129 0.1730
-0.8117 0.3314 -0.0619
-0.6087 0.3305 -0.0696
-0.3305 -0.4322 -0.0581
-0.3334 -0.3273 -0.0719
0.2980 -1.1053 0.1211
0.3001 -1.0333 0.1225
0.0853 -0.6026 0.1364
0.0913 -0.7245 0.1295
0.1488 -1.3582 -0.3243
0.2003 -1.3564 -0.3449
2.0961 0.3479 -0.1415
2.1087 0.3526 -0.0983
0.1991 0.1812 0.2100
0.1982 0.3231 0.1938
-1.3817 0.3761 -0.0160
-1.3817 0.3929 0.0525
-1.5791 0.3314 0.1396
-1.3817 0.3314 0.1466
-0.3339 -0.1841 0.2212
-0.1920 -0.1841 0.2806
-2.1533 0.3076 -0.0229
-2.2948 0.3142 0.0095
1.9568 0.3314 0.1269
1.7844 0.3314 0.1324
1.5791 0.3690 -0.0109
1.5791 0.3831 0.0525
1.7856 0.3619 -0.0083
1.7848 0.3731 0.0520
0.1045 -1.2049 -0.0197
0.0697 -1.2043 0.0514
-0.0712 -0.5158 0.1514
-0.1988 -0.5133 0.1999
-2.3907 0.3196 0.0243
-2.4102 0.3175 0.0525
-2.2956 0.3483 0.0927
-2.2975 0.3314 0.1075
-0.0000 0.5960 0.2119
-0.0000 0.6656 0.2854
-1.9568 0.3560 0.1066
-1.7844 0.3617 0.1106
2.1087 0.3526 -0.0983
2.1240 0.3314 -0.1005
0.4563 0.1535 0.0564
0.3926 -0.0048 0.0651
-0.2678 -1.3802 0.0998
-0.2003 -1.3839 0.1101
0.3346 -1.1053 0.0525
0.3310 -1.2043 0.0514
0.1991 0.1812 0.2100
0.1934 -0.0021 0.2490
2.0671 0.3628 -0.0253
2.0664 0.3628 0.0493
-0.0000 1.2181 0.3670
0.1592 1.2181 0.3539
0.0000 1.0045 -0.2826
-0.1696 1.0045 -0.2686
-0.0000 0.5299 0.1801
0.0671 0.5299 0.1747
0.0610 -0.9796 0.0525
0.0588 -0.9246 0.0525
0.0853 -0.6026 0.1364
0.0421 -0.6026 0.0527
0.0000 0.5299 -0.0751
0.0671 0.5299 -0.0698
-0.2980 -1.1053 0.1211
-0.3346 -1.1053 0.0525
-1.1932 0.3829 0.1258
-1.1932 0.4022 0.0525
-0.8117 0.2662 -0.0307
-1.0052 0.2732 -0.0257
0.3001 -1.0333 -0.0176
0.3375 -1.0333 0.0525
-0.3793 -0.4322 0.0758
-0.3834 -0.3273 0.0783
2.3907 0.3432 0.0806
2.4102 0.3314 0.0857
0.0712 -0.5158 0.1514
0.1988 -0.5133 0.1999
-0.0990 -0.9796 0.1236
-0.0610 -0.9796 0.0525
0.1013 1.3809 -0.0853
0.1300 1.3369 -0.1872
0.1329 -1.3802 0.0998
0.1137 -1.3570 0.1133
0.2003 -1.3946 -0.0728
0.2003 -1.3932 0.0437
-0.1991 0.1812 0.2100
-0.1982 0.3231 0.1938
-0.2003 -0.9796 -0.0453
-0.2003 -0.9246 -0.0469
-0.0000 0.3225 0.1955
-0.1982 0.3231 0.1938
0.3094 -0.7245 -0.0244
0.2003 -0.7245 -0.0533
-0.0000 0.7900 0.3590
-0.0000 0.6656 0.2854
0.3195 -1.3613 -0.0725
0.2991 -1.3679 -0.2239
-0.2869 -1.3570 0.1133
-0.3234 -1.3580 0.0444
-0.4563 0.1535 0.0564
-0.3926 -0.0048 0.0651
2.0342 0.3314 -0.1500
2.0682 0.3314 -0.1677
-0.0998 -1.3094 -0.0660
-0.2003 -1.2949 -0.0986
0.0000 0.5960 -0.1069
0.0000 0.5299 -0.0751
-0.1991 0.1812 0.2100
-0.1934 -0.0021 0.2490
-2.0671 0.3628 -0.0253
-2.0664 0.3628 0.0493
-0.1167 0.5299 -0.0326
-0.1342 0.5299 0.0525
0.1783 1.3795 0.0525
0.0924 1.3927 0.0525
-0.1488 -1.3582 -0.3243
-0.1395 -1.3721 -0.3444
0.2253 1.3361 -0.1153
0.1300 1.3369 -0.1872
2.4102 0.3314 0.0193
2.4511 0.3314 0.0525
0.0000 -0.3289 -0.1362
-0.1919 -0.3277 -0.1324
0.0951 -0.8440 0.1264
0.0913 -0.7245 0.1295
2.3907 0.3196 0.0243
2.4102 0.3314 0.0193
0.8117 0.2662 0.1357
0.6106 0.2526 0.1431
-0.2980 -1.1053 -0.0161
-0.3346 -1.1053 0.0525
0.2003 -0.9796 -0.0453
0.2003 -1.0333 -0.0438
0.0000 0.4498 -0.0791
0.1287 0.4500 -0.0740
-0.8117 0.3967 -0.0307
-1.0052 0.3897 -0.0257
0.3450 -0.8440 0.0525
0.3418 -0.9246 0.0525
0.3154 -0.6026 -0.0311
0.2003 -0.6026 -0.0625
0.2518 -1.3582 -0.3243
0.2611 -1.3721 -0.3444
0.8117 0.3967 0.1357
1.0052 0.3897 0.1307
0.0837 0.4770 -0.0679
0.0671 0.5299 -0.0698
-0.0000 1.3823 0.1950
-0.0000 1.3371 0.3023
-2.3907 0.3432 0.0806
-2.4102 0.3454 0.0525
-0.0610 -0.9796 0.0525
-0.0631 -1.0333 0.0525
-0.2769 1.2181 -0.1572
-0.2950 1.0045 -0.1709
-0.0853 -0.6026 0.1364
-0.2003 -0.6026 0.1725
-2.0342 0.3314 -0.1500
-2.0682 0.3314 -0.1677
0.0000 0.7900 -0.2540
0.0000 1.0045 -0.2826
2.1022 0.3314 -0.1500
2.0682 0.3314 -0.1677
1.1932 0.2799 -0.0208
1.0052 0.2732 -0.0257
-2.4102 0.3314 0.0193
-2.2985 0.3314 -0.0058
-0.1783 1.3795 0.0525
-0.0924 1.3927 0.0525
-0.2253 1.3361 -0.1153
-0.1300 1.3369 -0.1872
-2.0671 0.3001 -0.0253
-2.0664 0.3001 0.0493
-0.3009 -1.3094 -0.0660
-0.3287 -1.2998 0.0469
1.5791 0.2939 0.1159
1.5791 0.2798 0.0525
-0.2293 0.4516 0.1416
-0.1287 0.4500 0.1790
-0.2952 -1.2040 0.1191
-0.2003 -1.2040 0.1441
-0.3585 -0.6026 0.0573
-0.3696 -0.5129 0.0668
0.8117 0.2662 -0.0307
0.6106 0.2526 -0.0375
1.5791 0.3831 0.0525
1.7848 0.3731 0.0520
0.1783 1.3795 0.0525
0.2575 1.3366 0.0525
-0.3757 0.4210 0.1566
-0.1787 0.4126 0.1867
-0.3056 -0.8440 -0.0214
-0.3032 -0.9246 -0.0198
1.1932 0.3829 0.1258
1.1932 0.3314 0.1533
0.3009 -1.3094 -0.0660
0.3195 -1.3613 -0.0725
0.1082 -1.2987 0.1172
0.0719 -1.2998 0.0469
2.1533 0.3076 -0.0229
2.1634 0.3028 0.0497
-0.1456 0.4770 0.1362
-0.0837 0.4770 0.1729
2.0403 0.3479 -0.1415
2.0265 0.3529 -0.0988
-0.0951 -0.8440 -0.0214
-0.0556 -0.8440 0.0525
-0.8117 0.3967 0.1357
-0.6076 0.4050 0.1420
0.3016 -0.9796 0.1236
0.3032 -0.9246 0.1247
0.2952 -1.2040 0.1191
0.3310 -1.2043 0.0514
-2.1022 0.3314 -0.1500
-2.0682 0.3314 -0.1677
0.1930 -0.4338 0.2370
0.1988 -0.5133 0.1999
0.3305 -0.4322 0.2045
0.3334 -0.3273 0.2239
-0.3287 -1.2998 0.0469
-0.3234 -1.3580 0.0444
1.3817 0.3761 -0.0160
1.3817 0.3314 -0.0416
-0.1005 -1.0333 -0.0176
-0.2003 -1.0333 -0.0438
-0.3339 -0.1841 -0.0757
-0.3839 -0.1841 0.0740
-0.0853 -0.6026 0.1364
-0.0712 -0.5158 0.1514
-2.0663 0.3094 0.1045
-2.0664 0.3001 0.0493
2.1022 0.3314 -0.1500
2.1240 0.3314 -0.1005
-0.1783 1.3795 0.0525
-0.2575 1.3366 0.0525
-0.0000 0.5960 0.2119
-0.0000 0.5299 0.1801
-0.1160 -1.3865 -0.0730
-0.0811 -1.3613 -0.0725
0.2769 1.2181 0.2621
0.3184 1.2181 0.0525
2.1646 0.3111 0.1010
2.2956 0.3146 0.0927
0.1614 0.5960 0.0525
0.2358 0.6656 0.0525
2.1533 0.3076 -0.0229
2.0671 0.3001 -0.0253
0.3287 -1.2998 0.0469
0.3234 -1.3580 0.0444
-0.1592 1.2181 -0.2489
-0.1696 1.0045 -0.2686
0.0913 -0.7245 -0.0243
0.0504 -0.7245 0.0525
-0.1055 -1.2040 0.1191
-0.0697 -1.2043 0.0514
-0.3305 -0.4322 -0.0581
-0.3793 -0.4322 0.0758
0.0660 -1.1053 0.0525
0.0631 -1.0333 0.0525
-0.3346 -1.1053 0.0525
-0.3310 -1.2043 0.0514
0.1991 0.1812 -0.0980
0.1934 -0.0021 -0.1226
0.0974 -0.9246 0.1247
0.2003 -0.9246 0.1518
-0.2698 0.7900 -0.1518
-0.2051 0.6656 -0.1028
-0.1456 0.4770 -0.0312
-0.1167 0.5299 -0.0326
-0.1930 -0.4338 0.2370
-0.1988 -0.5133 0.1999
0.2924 -1.2987 0.1172
0.2003 -1.2987 0.1414
-0.0974 -0.9246 -0.0198
-0.0588 -0.9246 0.0525
-1.3817 0.2868 0.1210
-1.3817 0.3314 0.1466
-0.1732 1.3741 -0.0616
-0.1783 1.3795 0.0525
-0.0951 -0.8440 -0.0214
-0.2003 -0.8440 -0.0491
-0.3346 -1.1053 0.0525
-0.3375 -1.0333 0.0525
0.2846 -1.3865 -0.0730
0.2717 -1.3869 -0.2216
-2.1022 0.3314 -0.1500
-2.1240 0.3314 -0.1005
0.8117 0.3967 -0.0307
0.8117 0.3314 -0.0619
0.3016 -0.9796 -0.0187
0.2003 -0.9796 -0.0453
-0.2003 -1.3839 0.1101
-0.2003 -1.3932 0.0437
-0.1614 0.5960 0.0525
-0.2358 0.6656 0.0525
0.0974 -0.9246 -0.0198
0.0588 -0.9246 0.0525
-0.2514 -1.3847 -0.3235
-0.2611 -1.3721 -0.3444
0.2980 -1.1053 0.1211
0.2952 -1.2040 0.1191
-0.3334 -0.3273 -0.0719
-0.3834 -0.3273 0.0783
0.0000 0.1801 -0.1030
-0.1991 0.1812 -0.0980
0.0556 -0.8440 0.0525
0.0588 -0.9246 0.0525
-0.4028 0.1906 -0.0588
-0.3410 -0.0020 -0.0654
1.7856 0.3010 -0.0083
1.7836 0.3314 -0.0306
-0.1045 -1.2049 -0.0197
-0.2003 -1.2039 -0.0464
0.3009 -1.3094 -0.0660
0.2962 -1.2049 -0.0197
-0.0000 0.7900 0.3590
-0.1551 0.7900 0.3462
0.3757 0.4210 0.1566
0.4008 0.3262 0.1850
0.1013 1.3809 -0.0853
0.0924 1.3927 0.0525
0.3287 -1.2998 0.0469
0.3310 -1.2043 0.0514
0.2003 -1.3839 0.1101
0.2003 -1.3932 0.0437
-0.4028 0.1906 0.1696
-0.3410 -0.0020 0.1943
0.3094 -0.7245 -0.0244
0.3503 -0.7245 0.0531
0.1492 -1.3847 -0.3235
0.2003 -1.3878 -0.3440
-2.1087 0.3526 -0.0983
-2.1240 0.3314 -0.1005
0.1488 -1.3582 -0.3243
0.1265 -1.3466 -0.2225
-1.5791 0.2939 -0.0109
-1.7856 0.3010 -0.0083
0.1930 -0.4338 -0.1051
0.1988 -0.5133 -0.0797
0.3757 0.4210 0.1566
0.4154 0.4424 0.0525
0.0000 0.1801 -0.1030
0.0000 0.3225 -0.0896
0.3094 -0.7245 0.1305
0.2003 -0.7245 0.1589
-0.0998 -1.3094 -0.0660
-0.1045 -1.2049 -0.0197
0.1045 -1.2049 -0.0197
0.2003 -1.2039 -0.0464
-1.1932 0.3829 0.1258
-1.0052 0.3897 0.1307
1.3817 0.3761 0.1210
1.3817 0.3929 0.0525
2.4102 0.3314 0.0857
2.4511 0.3314 0.0525
0.2950 1.0045 -0.1709
0.3392 1.0045 0.0525
0.1732 1.3741 0.1666
0.1013 1.3809 0.1903
-0.2678 -1.3802 0.0998
-0.2869 -1.3570 0.1133
0.2051 0.6656 -0.1028
0.2358 0.6656 0.0525
-2.0403 0.3150 -0.1415
-2.0265 0.3100 -0.0988
2.0671 0.3628 -0.0253
2.0680 0.3605 -0.0988
2.1533 0.3553 -0.0229
2.0671 0.3628 -0.0253
0.6076 0.4050 -0.0370
0.6087 0.3305 -0.0696
0.3154 -0.6026 -0.0311
0.3585 -0.6026 0.0573
0.2950 1.0045 0.2759
0.3392 1.0045 0.0525
0.0853 -0.6026 0.1364
0.0712 -0.5158 0.1514
0.1167 0.5299 -0.0326
0.0671 0.5299 -0.0698
2.1646 0.3518 0.1010
2.2956 0.3483 0.0927
-0.3757 0.4210 -0.0517
-0.6076 0.4050 -0.0370
1.7856 0.3619 -0.0083
1.7836 0.3314 -0.0306
-0.0000 0.4770 0.1781
-0.0837 0.4770 0.1729
-0.8117 0.2662 -0.0307
-0.8117 0.3314 -0.0619
-0.3154 -0.6026 -0.0311
-0.3094 -0.7245 -0.0244
0.1289 -1.3869 -0.2216
0.2003 -1.3938 -0.2234
2.0961 0.3150 -0.1415
2.0682 0.3114 -0.1500
0.0712 -0.5158 -0.0413
0.0276 -0.5187 0.0531
-0.2769 1.2181 -0.1572
-0.3184 1.2181 0.0525
0.3056 -0.8440 0.1264
0.3032 -0.9246 0.1247
-0.1026 -1.1053 -0.0161
-0.2003 -1.1053 -0.0418
-0.2003 -0.8440 0.1541
-0.2003 -0.7245 0.1589
-0.3056 -0.8440 0.1264
-0.3094 -0.7245 0.1305
1.1932 0.2799 -0.0208
1.1932 0.3314 -0.0483
1.1932 0.3829 -0.0208
1.1932 0.4022 0.0525
1.5791 0.3314 -0.0346
1.7836 0.3314 -0.0306
-0.2741 -1.3466 -0.2225
-0.2003 -1.3385 -0.2272
0.8117 0.3967 0.1357
0.8117 0.4212 0.0525
0.3305 -0.4322 -0.0581
0.3334 -0.3273 -0.0719
-1.3817 0.3761 0.1210
-1.3817 0.3929 0.0525
