0.1393 0.1933 -0.4098
-0.1601 -0.1955 0.0878
0.3974 -0.0163 0.0346
-0.0574 0.1241 0.0937
-0.0600 -0.4634 -0.3302
0.2661 0.4168 -0.0185
-0.3468 0.4861 -0.4706
0.2528 0.1280 -0.1929
-0.0792 -0.3948 -0.2789
0.0245 -0.0297 0.4140
-0.2681 0.1135 0.2111
0.1765 0.4329 0.1075
-0.3324 -0.1482 -0.2132
-0.3336 0.1933 0.3602
0.2122 0.3113 -0.2406
0.4868 0.3340 0.0110
-0.0178 0.1108 0.2782
-0.2930 0.1184 -0.4502
-0.0783 0.0664 0.4642
-0.0346 0.2469 -0.1417
-0.2926 -0.1796 -0.1097
-0.3925 -0.1759 -0.0324
-0.3528 0.4927 0.4827
-0.0236 0.0418 -0.2450
0.1369 0.0630 -0.0616
0.0024 0.4155 0.4931
-0.2494 0.2015 -0.1479
-0.3298 0.2583 -0.0069
0.3064 -0.3440 -0.0872
0.4447 0.3982 0.3619
0.0399 -0.1773 -0.0378
-0.2385 -0.2762 0.1853
-0.3459 0.2304 0.1879
0.2177 0.2490 0.3855
-0.0223 -0.4336 -0.4579
0.2351 -0.3630 -0.2858
-0.0839 0.1431 0.4728
0.4343 -0.3769 -0.4507
0.4446 -0.2904 -0.2913
0.2789 0.4942 -0.1463
