0.0801 0.5176 0.0801
0.1094 0.5176 0.0293
-0.1894 0.4375 0.0508
-0.2188 0.3281 0.0586
0.1312 -0.5469 -0.1312
0.1312 -0.4156 -0.2188
-0.1601 0.3281 -0.1601
-0.2188 0.3281 -0.0586
-0.1094 0.5176 -0.0293
-0.1894 0.4375 -0.0508
0.2188 0.3281 -0.0586
0.1894 0.2188 -0.0508
-0.0586 0.3281 -0.2188
-0.1601 0.3281 -0.1601
0.0000 0.1094 0.0000
0.1094 0.1387 0.0293
-0.1312 -0.5469 0.1312
-0.1312 -0.5469 -0.1312
0.1894 0.2188 0.0508
0.1094 0.1387 0.0293
-0.1387 0.2188 -0.1387
-0.1894 0.2188 -0.0508
0.2188 -0.0219 0.1312
0.2188 -0.4156 0.1312
0.1094 0.5176 0.0293
0.1094 0.5176 -0.0293
0.1387 0.4375 0.1387
0.1894 0.4375 0.0508
-0.2188 0.3281 0.0586
-0.1894 0.2188 0.0508
0.0000 0.5469 0.0000
0.0801 0.5176 0.0801
0.2188 -0.4156 0.1312
0.2188 -0.4156 -0.1312
0.0586 0.3281 0.2188
0.1601 0.3281 0.1601
0.2188 0.3281 0.0586
0.2188 0.3281 -0.0586
0.0000 0.1094 0.0000
-0.0293 0.1387 -0.1094
0.1312 0.1094 0.1312
-0.1312 0.1094 0.1312
-0.1894 0.2188 0.0508
-0.1094 0.1387 0.0293
-0.1312 -0.5469 -0.1312
-0.1312 -0.4156 -0.2188
0.2188 -0.0219 0.1312
0.2188 -0.0219 -0.1312
-0.0801 0.1387 -0.0801
-0.1094 0.1387 -0.0293
0.0000 0.5469 0.0000
-0.0801 0.5176 -0.0801
-0.1094 0.5176 0.0293
-0.1894 0.4375 0.0508
0.2188 -0.4156 -0.1312
0.2188 -0.0219 -0.1312
0.0801 0.5176 -0.0801
0.1387 0.4375 -0.1387
-0.0801 0.5176 -0.0801
-0.1094 0.5176 -0.0293
-0.1094 0.5176 0.0293
0.0000 0.5469 0.0000
-0.1894 0.4375 0.0508
-0.1387 0.4375 0.1387
0.1094 0.5176 -0.0293
0.1894 0.4375 -0.0508
0.0000 0.1094 0.0000
0.0801 0.1387 0.0801
0.2188 0.3281 -0.0586
0.1601 0.3281 -0.1601
0.1894 0.4375 0.0508
0.2188 0.3281 0.0586
0.1387 0.4375 -0.1387
0.1601 0.3281 -0.1601
-0.1312 -0.5469 -0.1312
-0.2188 -0.4156 -0.1312
0.1894 0.2188 0.0508
0.1894 0.2188 -0.0508
0.0801 0.1387 0.0801
0.1094 0.1387 0.0293
0.0000 0.1094 0.0000
-0.1094 0.1387 0.0293
-0.0293 0.5176 0.1094
-0.0508 0.4375 0.1894
-0.2188 0.3281 0.0586
-0.1601 0.3281 0.1601
-0.2188 -0.4156 -0.1312
-0.2188 -0.0219 -0.1312
-0.1387 0.4375 0.1387
-0.1601 0.3281 0.1601
0.2188 -0.0219 0.1312
0.1312 0.1094 0.1312
0.1601 0.3281 -0.1601
0.1387 0.2188 -0.1387
0.0508 0.4375 0.1894
-0.0508 0.4375 0.1894
-0.1894 0.2188 0.0508
-0.1387 0.2188 0.1387
0.0000 0.5469 0.0000
-0.0293 0.5176 -0.1094
-0.1894 0.4375 -0.0508
-0.1894 0.4375 0.0508
-0.1094 0.5176 0.0293
-0.1094 0.5176 -0.0293
0.1894 0.2188 -0.0508
0.1094 0.1387 -0.0293
-0.1094 0.5176 0.0293
-0.0801 0.5176 0.0801
0.0508 0.2188 -0.1894
0.0293 0.1387 -0.1094
0.0801 0.5176 -0.0801
0.0293 0.5176 -0.1094
0.1387 0.2188 -0.1387
0.0801 0.1387 -0.0801
0.0000 0.1094 0.0000
0.0293 0.1387 0.1094
0.1094 0.5176 -0.0293
0.0801 0.5176 -0.0801
-0.0508 0.4375 0.1894
-0.0586 0.3281 0.2188
0.1894 0.4375 -0.0508
0.1387 0.4375 -0.1387
-0.1312 0.1094 0.1312
-0.2188 -0.0219 0.1312
-0.1312 -0.4156 0.2188
-0.1312 -0.0219 0.2188
0.2188 -0.4156 0.1312
0.1312 -0.4156 0.2188
0.1894 0.4375 0.0508
0.1894 0.4375 -0.0508
0.1387 0.4375 -0.1387
0.0508 0.4375 -0.1894
-0.1601 0.3281 0.1601
-0.1387 0.2188 0.1387
-0.0801 0.1387 0.0801
-0.0293 0.1387 0.1094
-0.0586 0.3281 0.2188
-0.0508 0.2188 0.1894
-0.1094 0.1387 0.0293
-0.0801 0.1387 0.0801
-0.1312 -0.4156 -0.2188
-0.1312 -0.0219 -0.2188
0.1601 0.3281 0.1601
0.2188 0.3281 0.0586
0.0508 0.2188 0.1894
-0.0508 0.2188 0.1894
0.1312 -0.5469 -0.1312
-0.1312 -0.5469 -0.1312
-0.1387 0.2188 0.1387
-0.0801 0.1387 0.0801
-0.0801 0.5176 0.0801
-0.0293 0.5176 0.1094
0.1312 0.1094 0.1312
0.1312 -0.0219 0.2188
0.1312 0.1094 -0.1312
-0.1312 0.1094 -0.1312
0.0293 0.5176 -0.1094
0.0508 0.4375 -0.1894
0.0293 0.1387 0.1094
-0.0293 0.1387 0.1094
-0.1387 0.4375 0.1387
-0.0508 0.4375 0.1894
-0.0293 0.5176 -0.1094
-0.0508 0.4375 -0.1894
0.0000 0.5469 0.0000
0.0293 0.5176 -0.1094
0.1601 0.3281 -0.1601
0.0586 0.3281 -0.2188
0.0293 0.5176 0.1094
-0.0293 0.5176 0.1094
0.0508 0.4375 -0.1894
0.0586 0.3281 -0.2188
0.0508 0.2188 0.1894
0.0293 0.1387 0.1094
0.1894 0.2188 -0.0508
0.1387 0.2188 -0.1387
0.0508 0.2188 -0.1894
-0.0508 0.2188 -0.1894
0.0000 0.5469 0.0000
0.0293 0.5176 0.1094
0.1094 0.1387 0.0293
0.1094 0.1387 -0.0293
0.0801 0.1387 -0.0801
0.0293 0.1387 -0.1094
0.1312 -0.4156 0.2188
0.1312 -0.0219 0.2188
-0.2188 -0.4156 -0.1312
-0.1312 -0.4156 -0.2188
0.1312 0.1094 -0.1312
0.2188 -0.0219 -0.1312
-0.1312 0.1094 -0.1312
-0.2188 -0.0219 -0.1312
0.1094 0.1387 -0.0293
0.0801 0.1387 -0.0801
-0.1601 0.3281 0.1601
-0.0586 0.3281 0.2188
-0.1312 0.1094 0.1312
-0.1312 -0.0219 0.2188
0.0000 0.1094 0.0000
0.0293 0.1387 -0.1094
0.1312 -0.4156 -0.2188
0.1312 -0.0219 -0.2188
-0.2188 -0.4156 0.1312
-0.2188 -0.4156 -0.1312
0.0293 0.5176 0.1094
0.0508 0.4375 0.1894
0.0586 0.3281 -0.2188
0.0508 0.2188 -0.1894
-0.1601 0.3281 -0.1601
-0.1387 0.2188 -0.1387
-0.1387 0.2188 0.1387
-0.0508 0.2188 0.1894
0.1312 -0.5469 0.1312
-0.1312 -0.5469 0.1312
0.0293 0.1387 -0.1094
-0.0293 0.1387 -0.1094
0.0586 0.3281 0.2188
-0.0586 0.3281 0.2188
-0.0508 0.2188 -0.1894
-0.0293 0.1387 -0.1094
0.0293 0.5176 -0.1094
-0.0293 0.5176 -0.1094
0.1312 0.1094 -0.1312
0.1312 -0.0219 -0.2188
-0.2188 0.3281 -0.0586
-0.2188 0.3281 0.0586
0.0000 0.5469 0.0000
0.0801 0.5176 -0.0801
-0.2188 -0.0219 0.1312
-0.2188 -0.0219 -0.1312
0.0508 0.4375 0.1894
0.0586 0.3281 0.2188
-0.2188 -0.4156 0.1312
-0.1312 -0.4156 0.2188
0.0508 0.4375 -0.1894
-0.0508 0.4375 -0.1894
0.2188 -0.0219 0.1312
0.1312 -0.0219 0.2188
0.0508 0.2188 0.1894
0.1387 0.2188 0.1387
0.0000 0.1094 0.0000
-0.0293 0.1387 0.1094
0.0586 0.3281 0.2188
0.0508 0.2188 0.1894
-0.0508 0.2188 0.1894
-0.0293 0.1387 0.1094
-0.1894 0.2188 -0.0508
-0.1894 0.2188 0.0508
0.0000 0.1094 0.0000
0.0801 0.1387 -0.0801
-0.1312 -0.5469 0.1312
-0.2188 -0.4156 0.1312
0.1312 0.1094 0.1312
0.1312 0.1094 -0.1312
-0.1312 0.1094 -0.1312
-0.1312 -0.0219 -0.2188
0.0293 0.5176 0.1094
0.0801 0.5176 0.0801
-0.0801 0.5176 -0.0801
-0.1387 0.4375 -0.1387
-0.2188 -0.0219 0.1312
-0.1312 -0.0219 0.2188
0.0586 0.3281 -0.2188
-0.0586 0.3281 -0.2188
-0.1094 0.1387 -0.0293
-0.1094 0.1387 0.0293
0.1312 -0.5469 0.1312
0.1312 -0.4156 0.2188
-0.0508 0.4375 -0.1894
-0.0586 0.3281 -0.2188
0.1312 -0.0219 -0.2188
-0.1312 -0.0219 -0.2188
0.1387 0.2188 0.1387
0.0801 0.1387 0.0801
0.1387 0.2188 -0.1387
0.0508 0.2188 -0.1894
-0.0508 0.2188 -0.1894
-0.1387 0.2188 -0.1387
0.0000 0.5469 0.0000
0.1094 0.5176 -0.0293
0.0000 0.1094 0.0000
-0.1094 0.1387 -0.0293
0.0508 0.4375 0.1894
0.1387 0.4375 0.1387
-0.1894 0.4375 -0.0508
-0.2188 0.3281 -0.0586
0.0000 0.1094 0.0000
-0.0801 0.1387 0.0801
-0.1387 0.4375 -0.1387
-0.1601 0.3281 -0.1601
-0.2188 -0.0219 -0.1312
-0.1312 -0.0219 -0.2188
0.2188 -0.4156 -0.1312
0.1312 -0.4156 -0.2188
0.1312 -0.5469 0.1312
0.2188 -0.4156 0.1312
0.0801 0.5176 0.0801
0.1387 0.4375 0.1387
0.0000 0.5469 0.0000
-0.0293 0.5176 0.1094
-0.1312 0.1094 0.1312
-0.1312 0.1094 -0.1312
-0.0586 0.3281 -0.2188
-0.0508 0.2188 -0.1894
-0.2188 0.3281 -0.0586
-0.1894 0.2188 -0.0508
-0.0293 0.1387 -0.1094
-0.0801 0.1387 -0.0801
0.0000 0.1094 0.0000
0.1094 0.1387 -0.0293
-0.2188 -0.4156 0.1312
-0.2188 -0.0219 0.1312
-0.1387 0.2188 -0.1387
-0.0801 0.1387 -0.0801
-0.0293 0.5176 -0.1094
-0.0801 0.5176 -0.0801
-0.1312 -0.5469 0.1312
-0.1312 -0.4156 0.2188
0.1094 0.5176 0.0293
0.1894 0.4375 0.0508
0.1312 -0.5469 0.1312
0.1312 -0.5469 -0.1312
0.2188 -0.0219 -0.1312
0.1312 -0.0219 -0.2188
0.1312 -0.5469 -0.1312
0.2188 -0.4156 -0.1312
0.1387 0.4375 0.1387
0.1601 0.3281 0.1601
0.1894 0.4375 -0.0508
0.2188 0.3281 -0.0586
-0.0508 0.4375 -0.1894
-0.1387 0.4375 -0.1387
0.1312 -0.4156 0.2188
-0.1312 -0.4156 0.2188
0.0000 0.5469 0.0000
0.1094 0.5176 0.0293
0.1387 0.2188 0.1387
0.1894 0.2188 0.0508
-0.1894 0.2188 -0.0508
-0.1094 0.1387 -0.0293
0.1312 -0.0219 0.2188
-0.1312 -0.0219 0.2188
0.2188 0.3281 0.0586
0.1894 0.2188 0.0508
0.1312 -0.4156 -0.2188
-0.1312 -0.4156 -0.2188
0.1601 0.3281 0.1601
0.1387 0.2188 0.1387
0.0293 0.1387 0.1094
0.0801 0.1387 0.0801
0.0000 0.1094 0.0000
-0.0801 0.1387 -0.0801
-0.0801 0.5176 0.0801
-0.1387 0.4375 0.1387
0.0000 0.5469 0.0000
-0.1094 0.5176 -0.0293
-0.1387 0.4375 -0.1387
-0.1894 0.4375 -0.0508
0.0000 0.5469 0.0000
-0.0801 0.5176 0.0801
