-1.1250 0.2562 0.6062
-1.0625 0.2562 0.6062
-0.0670 0.1937 0.9725
-0.1830 0.0018 0.9725
-1.2500 0.2750 0.4812
-1.2500 0.2750 1.4188
0.1830 0.0018 1.4188
0.1830 0.0018 -0.4187
0.1830 0.0018 -0.4187
0.0065 -0.1748 -0.4187
-0.2500 -0.1143 -0.4187
-0.0750 -0.1143 -0.9187
0.0065 -0.1748 -0.9187
0.0088 -0.1789 -0.9187
1.0625 0.2562 0.5437
1.0625 0.2562 0.6062
-0.1830 -0.3643 0.5525
-0.1830 -0.3643 0.9725
-1.0625 0.2562 0.6062
-1.0625 -0.4000 0.6062
1.2500 0.2438 0.4812
1.2500 0.2438 1.4188
-0.0024 -0.1901 1.4188
-0.0024 -0.1901 -0.4187
0.0088 -0.1789 1.4188
0.0088 -0.1789 -0.4187
0.0024 -0.1901 -0.4187
0.0024 -0.1901 -0.9187
-0.0024 -0.1724 0.9725
0.0024 -0.1724 0.9725
0.0670 -0.4313 0.5525
0.0670 -0.4313 0.9725
-0.2500 -0.2482 1.4188
-0.2500 -0.2482 -0.4187
-0.0670 0.0688 -0.4187
-0.0750 0.0688 -0.9187
-0.0670 0.0688 0.5525
-0.1830 0.0018 0.5525
1.2500 -0.4313 0.4812
1.2500 -0.4313 1.4188
0.0065 -0.1877 1.4188
0.0065 -0.1877 -0.4187
-0.1830 0.0018 1.4188
-0.0065 -0.1748 1.4188
0.0088 -0.1836 0.9725
0.0088 -0.1789 0.9725
-1.0625 0.2562 0.5437
-1.0625 -0.4000 0.5437
-0.1830 0.0018 0.5525
-0.0065 -0.1748 0.5525
-0.0750 -0.4313 -0.9187
-0.0024 -0.1901 -0.9187
-0.0670 0.0688 1.4188
0.0670 0.0688 1.4188
-1.1250 0.2562 1.2938
-1.0625 0.2562 1.2938
-0.2500 -0.1143 0.5525
-0.2500 -0.2482 0.5525
-0.0750 -0.3643 -0.9187
-0.0750 -0.2482 -0.9187
-0.2500 -0.1143 1.4188
-0.1830 0.0018 1.4188
-0.0024 -0.1901 -0.4187
0.0024 -0.1901 -0.4187
-0.0065 -0.1877 0.5525
-0.0024 -0.1901 0.5525
0.0065 -0.1748 0.5525
0.0024 -0.1724 0.5525
-1.1250 0.2562 0.5437
-1.0625 0.2562 0.5437
0.0088 -0.1836 -0.4187
0.0065 -0.1877 -0.4187
0.0670 0.0688 1.4188
0.0024 -0.1724 1.4188
-0.2500 -0.2482 -0.4187
-0.0088 -0.1836 -0.4187
0.0024 -0.1724 -0.4187
0.0065 -0.1748 -0.4187
-1.0625 0.2562 1.2938
-1.0625 -0.4000 1.2938
0.0088 -0.1836 0.5525
0.0088 -0.1789 0.5525
0.0670 0.1937 0.9725
0.0024 -0.1724 0.9725
0.0065 -0.1748 -0.4187
0.0088 -0.1789 -0.4187
-0.0750 -0.2482 -0.9187
-0.0088 -0.1836 -0.9187
0.0750 -0.3643 -0.9187
0.0065 -0.1877 -0.9187
-0.2500 -0.1143 -0.4187
-0.1830 0.0018 -0.4187
-0.0065 -0.1748 -0.4187
-0.0024 -0.1724 -0.4187
0.0065 -0.1877 0.5525
0.0065 -0.1877 0.9725
-0.0670 -0.4313 -0.4187
-0.1830 -0.3643 -0.4187
0.0024 -0.1724 -0.4187
0.0024 -0.1724 -0.9187
-0.0065 -0.1748 0.9725
-0.0088 -0.1789 0.9725
-0.0065 -0.1877 0.5525
-0.1830 -0.3643 0.5525
-0.1830 -0.3643 -0.4187
-0.2500 -0.2482 -0.4187
0.0088 -0.1789 1.4188
0.0088 -0.1836 1.4188
0.1830 0.0018 0.9725
0.0670 0.1937 0.9725
-0.1830 -0.3643 1.4188
-0.0065 -0.1877 1.4188
-0.0024 -0.1901 0.9725
0.0024 -0.1901 0.9725
-0.1830 0.0018 1.4188
-0.1830 0.0018 -0.4187
-0.1830 0.0018 -0.4187
-0.0065 -0.1748 -0.4187
-0.0670 -0.4313 -0.4187
-0.0750 -0.4313 -0.9187
0.0750 -0.2482 -0.9187
0.0750 -0.3643 -0.9187
-0.0750 0.4375 -1.4188
-0.0750 -0.4375 -1.4188
-0.0065 -0.1748 -0.9187
-0.0024 -0.1724 -0.9187
-1.0625 0.2562 0.5437
-1.0625 0.2562 0.6062
-0.1830 0.0018 0.5525
-0.1830 0.0018 0.9725
0.0024 -0.1724 1.4188
0.0065 -0.1748 1.4188
-0.1830 -0.3643 -0.4187
-0.0065 -0.1877 -0.4187
-0.2500 -0.2482 1.4188
-0.2500 -0.1143 1.4188
-0.0750 0.4375 -0.9187
-0.0750 -0.4375 -0.9187
1.0625 -0.4000 1.2938
1.0625 -0.4000 1.3563
0.0088 -0.1789 0.5525
0.0088 -0.1789 0.9725
-0.0088 -0.1836 -0.9187
-0.0088 -0.1789 -0.9187
-0.0024 -0.1724 1.4188
-0.0024 -0.1724 -0.4187
0.0088 -0.1789 -0.4187
0.0088 -0.1789 -0.9187
-0.0670 -0.4313 1.4188
-0.1830 -0.3643 1.4188
-0.0088 -0.1789 0.5525
-0.0088 -0.1789 0.9725
-0.0024 -0.1901 -0.9187
0.0024 -0.1901 -0.9187
-1.2500 0.2750 1.4188
-1.2500 0.2438 1.4188
0.0670 0.0688 0.5525
0.0670 0.1937 0.9725
-0.2500 -0.2482 -0.4187
-0.0750 -0.2482 -0.9187
0.1830 -0.3643 -0.4187
0.0750 -0.3643 -0.9187
-1.2500 0.2438 0.4812
-1.2500 0.2438 1.4188
0.0065 -0.1748 1.4188
0.0065 -0.1748 -0.4187
-1.2500 -0.4000 0.4812
-1.2500 -0.4313 0.4812
1.0625 -0.4000 0.5437
1.0625 -0.4000 0.6062
-1.2500 -0.4000 1.4188
-1.2500 -0.4313 1.4188
0.0670 -0.4313 0.9725
0.0024 -0.1901 0.9725
-0.1830 -0.3643 1.4188
-0.1830 -0.3643 -0.4187
0.2500 -0.2482 -0.4187
0.0088 -0.1836 -0.4187
-0.0750 0.4375 -1.4188
-0.0750 0.4375 -0.9187
0.1830 -0.3643 -0.4187
0.0670 -0.4313 -0.4187
0.0024 -0.1724 -0.4187
0.0065 -0.1748 -0.4187
0.2500 -0.1143 -0.4187
0.2500 -0.2482 -0.4187
0.0670 -0.4313 1.4188
0.0024 -0.1901 1.4188
-0.0088 -0.1789 -0.4187
-0.0065 -0.1748 -0.4187
-1.1250 0.2562 0.5437
-1.1250 -0.4000 0.5437
-0.0024 -0.1901 0.5525
0.0024 -0.1901 0.5525
0.2500 -0.2482 0.9725
0.0088 -0.1836 0.9725
-1.1250 -0.4000 0.6062
-1.0625 -0.4000 0.6062
-0.0065 -0.1748 -0.4187
-0.0024 -0.1724 -0.4187
0.0670 -0.4313 -0.4187
0.0024 -0.1901 -0.4187
0.0750 0.0018 -0.9187
0.0065 -0.1748 -0.9187
-0.0670 -0.4313 -0.4187
-0.1830 -0.3643 -0.4187
-0.0065 -0.1877 -0.4187
-0.0088 -0.1836 -0.4187
-0.1830 -0.3643 0.9725
-0.0065 -0.1877 0.9725
-0.0750 -0.4375 -0.9187
0.0750 -0.4375 -0.9187
-0.0088 -0.1789 -0.4187
-0.0088 -0.1789 -0.9187
0.0750 -0.1143 -0.9187
0.0750 -0.2482 -0.9187
0.1830 -0.3643 1.4188
0.0670 -0.4313 1.4188
-0.0024 -0.1724 1.4188
0.0024 -0.1724 1.4188
0.1830 -0.3643 0.9725
0.2500 -0.2482 0.9725
-1.2500 -0.4000 0.4812
-1.2500 -0.4000 1.4188
0.1830 0.0018 0.5525
0.0065 -0.1748 0.5525
0.0750 0.0688 -0.9187
0.0750 0.0018 -0.9187
-0.1830 -0.3643 -0.4187
-0.0065 -0.1877 -0.4187
0.2500 -0.2482 1.4188
0.2500 -0.2482 -0.4187
0.2500 -0.2482 -0.4187
0.0088 -0.1836 -0.4187
1.1250 0.2562 1.3563
1.1250 -0.4000 1.3563
-0.0065 -0.1877 -0.9187
-0.0088 -0.1836 -0.9187
-0.0088 -0.1789 1.4188
-0.0065 -0.1748 1.4188
0.1830 0.0018 0.9725
0.0065 -0.1748 0.9725
0.0670 0.0688 -0.4187
0.0024 -0.1724 -0.4187
-1.1250 -0.4000 0.5437
-1.0625 -0.4000 0.5437
0.0750 -0.2482 -0.9187
0.0088 -0.1836 -0.9187
-0.0024 -0.1724 0.5525
-0.0065 -0.1748 0.5525
-1.0625 0.2562 1.3563
-1.0625 -0.4000 1.3563
0.1830 -0.3643 -0.4187
0.0670 -0.4313 -0.4187
0.0024 -0.1901 0.5525
0.0024 -0.1901 0.9725
-0.0088 -0.1836 1.4188
-0.0088 -0.1836 -0.4187
0.1830 0.0018 -0.4187
0.2500 -0.1143 -0.4187
-0.0024 -0.1724 -0.4187
-0.0024 -0.1724 -0.9187
0.2500 -0.1143 0.5525
0.1830 0.0018 0.5525
0.2500 -0.1143 -0.4187
0.2500 -0.2482 -0.4187
1.0625 0.2562 1.3563
1.1250 0.2562 1.3563
-0.0670 0.0688 -0.4187
0.0670 0.0688 -0.4187
-0.0670 -0.4313 1.4188
-0.0024 -0.1901 1.4188
0.2500 -0.2482 0.5525
0.2500 -0.2482 0.9725
0.0670 -0.4313 1.4188
0.0670 -0.4313 -0.4187
-1.1250 0.2562 1.3563
-1.0625 0.2562 1.3563
0.0670 -0.4313 -0.4187
0.0024 -0.1901 -0.4187
-0.0065 -0.1877 -0.4187
-0.0088 -0.1836 -0.4187
-1.1250 -0.4000 1.2938
-1.0625 -0.4000 1.2938
1.1250 0.2562 0.6062
1.1250 -0.4000 0.6062
-0.0065 -0.1748 1.4188
-0.0065 -0.1748 -0.4187
1.1250 0.2562 1.2938
1.1250 -0.4000 1.2938
-1.0625 -0.4000 0.5437
-1.0625 -0.4000 0.6062
-0.0065 -0.1748 0.5525
-0.0065 -0.1748 0.9725
-0.2500 -0.2482 0.5525
-0.0088 -0.1836 0.5525
0.1830 0.0018 0.5525
0.1830 0.0018 0.9725
0.0750 -0.4375 -1.4188
0.0750 -0.4375 -0.9187
1.0625 0.2562 0.6062
1.1250 0.2562 0.6062
0.2500 -0.2482 -0.4187
0.0750 -0.2482 -0.9187
-0.2500 -0.2482 0.9725
-0.0088 -0.1836 0.9725
1.0625 0.2562 1.2938
1.1250 0.2562 1.2938
0.1830 0.0018 -0.4187
0.0750 0.0018 -0.9187
1.2500 0.2750 0.4812
1.2500 0.2438 0.4812
-0.0670 -0.4313 0.5525
-0.0024 -0.1901 0.5525
0.2500 -0.1143 1.4188
0.0088 -0.1789 1.4188
-0.2500 -0.1143 0.9725
-0.2500 -0.2482 0.9725
1.1250 0.2562 0.5437
1.1250 -0.4000 0.5437
-0.0024 -0.1901 -0.4187
-0.0024 -0.1901 -0.9187
-0.0670 -0.4313 0.9725
-0.0024 -0.1901 0.9725
-0.0750 0.0018 -0.9187
-0.0065 -0.1748 -0.9187
0.0065 -0.1748 0.9725
0.0024 -0.1724 0.9725
0.0088 -0.1836 -0.9187
0.0065 -0.1877 -0.9187
-1.2500 0.2750 0.4812
1.2500 0.2750 0.4812
0.1830 0.0018 1.4188
0.2500 -0.1143 1.4188
1.0625 0.2562 0.5437
1.1250 0.2562 0.5437
1.1250 0.2562 1.2938
1.1250 0.2562 1.3563
0.1830 -0.3643 0.5525
0.0065 -0.1877 0.5525
-0.0750 -0.1143 -0.9187
-0.0750 0.0018 -0.9187
0.0670 0.0688 -0.4187
0.0024 -0.1724 -0.4187
-0.0024 -0.1901 1.4188
-0.0065 -0.1877 1.4188
-0.2500 -0.2482 0.5525
-0.2500 -0.2482 0.9725
-0.2500 -0.1143 -0.4187
-0.0088 -0.1789 -0.4187
-1.1250 0.2562 0.6062
-1.1250 -0.4000 0.6062
-0.0670 0.1937 0.9725
-0.0024 -0.1724 0.9725
0.0088 -0.1789 -0.4187
0.0088 -0.1836 -0.4187
0.0024 -0.1724 0.5525
0.0024 -0.1724 0.9725
-0.0088 -0.1836 -0.4187
-0.0088 -0.1836 -0.9187
0.0670 -0.4313 0.5525
0.1830 -0.3643 0.5525
-0.0670 0.0688 -0.4187
0.0670 0.0688 -0.4187
-0.2500 -0.2482 -0.4187
-0.2500 -0.1143 -0.4187
-0.0670 -0.4313 0.5525
-0.0670 -0.4313 0.9725
-0.0750 0.0688 -0.9187
0.0750 0.0688 -0.9187
0.2500 -0.1143 -0.4187
0.0088 -0.1789 -0.4187
1.1250 0.2562 0.5437
1.1250 0.2562 0.6062
-0.0670 -0.4313 -0.4187
0.0670 -0.4313 -0.4187
0.0065 -0.1877 1.4188
0.0024 -0.1901 1.4188
-1.1250 0.2562 1.3563
-1.1250 -0.4000 1.3563
0.0065 -0.1877 0.9725
0.0088 -0.1836 0.9725
0.0670 0.0688 1.4188
0.0670 0.0688 -0.4187
-1.2500 -0.4313 0.4812
-1.2500 -0.4313 1.4188
0.0024 -0.1724 -0.9187
0.0065 -0.1748 -0.9187
-1.0625 0.2562 1.2938
-1.0625 0.2562 1.3563
-0.0750 -0.4375 -1.4188
-0.0750 -0.4375 -0.9187
-0.0088 -0.1836 0.9725
-0.0065 -0.1877 0.9725
0.1830 0.0018 -0.4187
0.2500 -0.1143 -0.4187
-0.1830 -0.3643 0.5525
-0.0670 -0.4313 0.5525
-0.0670 0.0688 0.5525
-0.0024 -0.1724 0.5525
0.0065 -0.1877 -0.4187
0.0065 -0.1877 -0.9187
0.0670 0.0688 -0.4187
0.0750 0.0688 -0.9187
-0.0024 -0.1901 -0.4187
-0.0065 -0.1877 -0.4187
-0.0670 -0.4313 1.4188
0.0670 -0.4313 1.4188
-0.1830 0.0018 -0.4187
-0.0750 0.0018 -0.9187
0.0024 -0.1901 1.4188
0.0024 -0.1901 -0.4187
1.0625 0.2562 1.2938
1.0625 -0.4000 1.2938
-0.0670 0.0688 1.4188
-0.0024 -0.1724 1.4188
-1.1250 0.2562 1.2938
-1.1250 -0.4000 1.2938
0.0088 -0.1836 1.4188
0.0088 -0.1836 -0.4187
0.0065 -0.1877 0.5525
0.0088 -0.1836 0.5525
-0.2500 -0.1143 0.5525
-0.0088 -0.1789 0.5525
-0.0750 -0.3643 -0.9187
-0.0065 -0.1877 -0.9187
-0.2500 -0.1143 1.4188
-0.0088 -0.1789 1.4188
-0.0024 -0.1724 0.9725
-0.0065 -0.1748 0.9725
-0.1830 0.0018 1.4188
-0.0670 0.0688 1.4188
-0.1830 0.0018 0.5525
-0.2500 -0.1143 0.5525
0.2500 -0.1143 0.9725
0.1830 0.0018 0.9725
-0.0750 -0.4313 -0.9187
-0.0750 -0.3643 -0.9187
-0.2500 -0.1143 -0.4187
-0.0088 -0.1789 -0.4187
1.0625 -0.4000 1.2938
1.1250 -0.4000 1.2938
0.0088 -0.1789 0.5525
0.0065 -0.1748 0.5525
-0.0670 0.0688 0.5525
-0.0670 0.1937 0.9725
-0.0670 -0.4313 -0.4187
-0.0024 -0.1901 -0.4187
0.0088 -0.1789 -0.4187
0.0088 -0.1836 -0.4187
1.0625 -0.4000 1.3563
1.1250 -0.4000 1.3563
0.0750 -0.4313 -0.9187
0.0024 -0.1901 -0.9187
-0.0088 -0.1789 0.5525
-0.0088 -0.1836 0.5525
-0.0065 -0.1877 0.5525
-0.0088 -0.1836 0.5525
-0.0024 -0.1724 -0.4187
0.0024 -0.1724 -0.4187
0.0088 -0.1789 -0.9187
0.0088 -0.1836 -0.9187
-1.1250 -0.4000 1.3563
-1.0625 -0.4000 1.3563
-0.0088 -0.1789 0.9725
-0.0088 -0.1836 0.9725
-0.2500 -0.2482 -0.4187
-0.2500 -0.1143 -0.4187
-0.2500 -0.2482 1.4188
-0.0088 -0.1836 1.4188
-0.0750 -0.2482 -0.9187
-0.0750 -0.1143 -0.9187
0.0750 -0.3643 -0.9187
0.0750 -0.4313 -0.9187
-1.2500 0.2438 0.4812
1.2500 0.2438 0.4812
0.0750 0.4375 -1.4188
0.0750 -0.4375 -1.4188
0.0065 -0.1748 1.4188
0.0088 -0.1789 1.4188
0.0065 -0.1877 -0.4187
0.0024 -0.1901 -0.4187
1.0625 -0.4000 0.5437
1.1250 -0.4000 0.5437
-0.0065 -0.1877 0.9725
-0.0024 -0.1901 0.9725
-0.2500 -0.1143 1.4188
-0.2500 -0.1143 -0.4187
-0.0065 -0.1877 0.5525
-0.0065 -0.1877 0.9725
0.0065 -0.1748 -0.4187
0.0088 -0.1789 -0.4187
-0.0088 -0.1789 -0.9187
-0.0065 -0.1748 -0.9187
-1.1250 0.2562 0.5437
-1.1250 0.2562 0.6062
1.0625 -0.4000 0.6062
1.1250 -0.4000 0.6062
-0.1830 -0.3643 1.4188
-0.2500 -0.2482 1.4188
-0.1830 0.0018 -0.4187
-0.0670 0.0688 -0.4187
-0.0750 0.4375 -1.4188
0.0750 0.4375 -1.4188
0.0088 -0.1836 0.5525
0.0088 -0.1836 0.9725
-0.1830 -0.3643 -0.4187
-0.2500 -0.2482 -0.4187
0.0065 -0.1748 -0.4187
0.0065 -0.1748 -0.9187
-0.0750 0.4375 -0.9187
0.0750 0.4375 -0.9187
0.0088 -0.1836 1.4188
0.0065 -0.1877 1.4188
0.0024 -0.1901 0.9725
0.0065 -0.1877 0.9725
-0.1830 -0.3643 -0.4187
-0.0750 -0.3643 -0.9187
-0.0024 -0.1724 -0.9187
0.0024 -0.1724 -0.9187
-1.2500 0.2750 1.4188
1.2500 0.2750 1.4188
1.1250 -0.4000 0.5437
1.1250 -0.4000 0.6062
1.1250 -0.4000 1.2938
1.1250 -0.4000 1.3563
0.0024 -0.1724 1.4188
0.0024 -0.1724 -0.4187
1.2500 -0.4000 1.4188
1.2500 -0.4313 1.4188
-1.0625 -0.4000 1.2938
-1.0625 -0.4000 1.3563
-0.0088 -0.1789 -0.4187
-0.0065 -0.1748 -0.4187
0.1830 -0.3643 -0.4187
0.0065 -0.1877 -0.4187
-0.0088 -0.1836 0.5525
-0.0088 -0.1836 0.9725
0.0750 0.4375 -1.4188
0.0750 0.4375 -0.9187
-0.0024 -0.1901 -0.4187
-0.0065 -0.1877 -0.4187
1.2500 0.2750 1.4188
1.2500 0.2438 1.4188
-0.0670 -0.4313 1.4188
-0.0670 -0.4313 -0.4187
-1.2500 -0.4000 0.4812
1.2500 -0.4000 0.4812
0.2500 -0.1143 -0.4187
0.0088 -0.1789 -0.4187
0.0670 -0.4313 -0.4187
0.0750 -0.4313 -0.9187
0.2500 -0.2482 1.4188
0.1830 -0.3643 1.4188
-1.2500 -0.4000 1.4188
1.2500 -0.4000 1.4188
0.0670 -0.4313 0.9725
0.1830 -0.3643 0.9725
0.2500 -0.2482 -0.4187
0.1830 -0.3643 -0.4187
-0.0670 0.1937 0.9725
0.0670 0.1937 0.9725
-0.0670 -0.4313 -0.4187
-0.0024 -0.1901 -0.4187
0.0024 -0.1901 0.5525
0.0065 -0.1877 0.5525
-0.0088 -0.1836 1.4188
-0.0088 -0.1789 1.4188
0.2500 -0.1143 0.9725
0.0088 -0.1789 0.9725
1.2500 -0.4000 0.4812
1.2500 -0.4313 0.4812
-0.0024 -0.1724 0.5525
0.0024 -0.1724 0.5525
-0.0024 -0.1724 -0.4187
0.0024 -0.1724 -0.4187
0.0750 -0.1143 -0.9187
0.0088 -0.1789 -0.9187
0.1830 -0.3643 1.4188
0.0065 -0.1877 1.4188
-0.0088 -0.1836 -0.4187
-0.0088 -0.1789 -0.4187
0.0065 -0.1877 -0.4187
0.0024 -0.1901 -0.4187
0.1830 -0.3643 0.9725
0.0065 -0.1877 0.9725
0.2500 -0.2482 0.5525
0.2500 -0.1143 0.5525
0.0750 0.0688 -0.9187
0.0024 -0.1724 -0.9187
0.2500 -0.2482 0.9725
0.2500 -0.1143 0.9725
-0.1830 0.0018 -0.4187
-0.0670 0.0688 -0.4187
0.0670 0.0688 0.5525
0.0024 -0.1724 0.5525
0.0750 0.0018 -0.9187
0.0750 -0.1143 -0.9187
0.1830 -0.3643 -0.4187
0.0065 -0.1877 -0.4187
-0.1830 0.0018 0.9725
-0.2500 -0.1143 0.9725
-0.1830 -0.3643 0.9725
-0.0670 -0.4313 0.9725
-0.0065 -0.1748 1.4188
-0.0024 -0.1724 1.4188
0.1830 0.0018 -0.4187
0.0065 -0.1748 -0.4187
1.2500 0.2750 0.4812
1.2500 0.2750 1.4188
0.2500 -0.1143 0.5525
0.0088 -0.1789 0.5525
-0.0065 -0.1748 0.5525
-0.0088 -0.1789 0.5525
0.2500 -0.1143 1.4188
0.2500 -0.1143 -0.4187
1.0625 0.2562 1.3563
1.0625 -0.4000 1.3563
-0.0024 -0.1901 -0.9187
-0.0065 -0.1877 -0.9187
-0.0670 0.0688 0.5525
0.0670 0.0688 0.5525
-0.0670 0.0688 -0.4187
-0.0024 -0.1724 -0.4187
0.1830 0.0018 0.5525
0.0670 0.0688 0.5525
0.2500 -0.2482 -0.4187
0.1830 -0.3643 -0.4187
-0.0024 -0.1901 1.4188
0.0024 -0.1901 1.4188
-0.0024 -0.1901 0.5525
-0.0024 -0.1901 0.9725
-0.0065 -0.1877 1.4188
-0.0065 -0.1877 -0.4187
0.0670 0.0688 -0.4187
0.1830 0.0018 -0.4187
-0.0065 -0.1748 -0.4187
-0.0065 -0.1748 -0.9187
1.2500 -0.4000 0.4812
1.2500 -0.4000 1.4188
0.1830 -0.3643 0.5525
0.1830 -0.3643 0.9725
0.1830 -0.3643 1.4188
0.1830 -0.3643 -0.4187
1.0625 0.2562 0.6062
1.0625 -0.4000 0.6062
-0.0088 -0.1789 1.4188
-0.0088 -0.1789 -0.4187
-1.1250 -0.4000 0.5437
-1.1250 -0.4000 0.6062
-0.0024 -0.1724 0.5525
-0.0024 -0.1724 0.9725
0.0088 -0.1789 0.9725
0.0065 -0.1748 0.9725
0.2500 -0.1143 0.5525
0.2500 -0.1143 0.9725
0.2500 -0.1143 -0.4187
0.0750 -0.1143 -0.9187
-0.2500 -0.1143 0.9725
-0.0088 -0.1789 0.9725
-0.2500 -0.2482 0.5525
-0.1830 -0.3643 0.5525
0.2500 -0.2482 1.4188
0.0088 -0.1836 1.4188
-0.0024 -0.1901 -0.4187
0.0024 -0.1901 -0.4187
-0.2500 -0.2482 0.9725
-0.1830 -0.3643 0.9725
-0.0065 -0.1877 -0.4187
-0.0065 -0.1877 -0.9187
-1.2500 0.2750 0.4812
-1.2500 0.2438 0.4812
-0.0088 -0.1836 -0.4187
-0.0088 -0.1789 -0.4187
-1.1250 -0.4000 1.2938
-1.1250 -0.4000 1.3563
-1.2500 0.2438 1.4188
1.2500 0.2438 1.4188
0.1830 0.0018 1.4188
0.0065 -0.1748 1.4188
1.0625 0.2562 0.5437
1.0625 -0.4000 0.5437
0.0065 -0.1877 -0.9187
0.0024 -0.1901 -0.9187
-0.0670 -0.4313 0.5525
0.0670 -0.4313 0.5525
-0.0750 -0.1143 -0.9187
-0.0088 -0.1789 -0.9187
0.2500 -0.1143 1.4188
0.2500 -0.2482 1.4188
-0.0670 -0.4313 0.9725
0.0670 -0.4313 0.9725
0.2500 -0.2482 0.5525
0.0088 -0.1836 0.5525
-0.0750 0.0018 -0.9187
-0.0750 0.0688 -0.9187
0.0670 0.0688 1.4188
0.1830 0.0018 1.4188
-1.2500 -0.4313 0.4812
1.2500 -0.4313 0.4812
-0.0065 -0.1877 1.4188
-0.0088 -0.1836 1.4188
-0.1830 0.0018 -0.4187
-0.0065 -0.1748 -0.4187
1.0625 0.2562 1.2938
1.0625 0.2562 1.3563
0.0670 -0.4313 0.5525
0.0024 -0.1901 0.5525
-0.0750 -0.4375 -1.4188
0.0750 -0.4375 -1.4188
-1.2500 -0.4313 1.4188
1.2500 -0.4313 1.4188
-0.0670 -0.4313 -0.4187
0.0670 -0.4313 -0.4187
-0.0670 0.0688 1.4188
-0.0670 0.0688 -0.4187
-0.1830 0.0018 0.9725
-0.0065 -0.1748 0.9725
-0.0670 0.0688 -0.4187
-0.0024 -0.1724 -0.4187
0.0088 -0.1836 -0.4187
0.0065 -0.1877 -0.4187
-1.1250 0.2562 1.2938
-1.1250 0.2562 1.3563
-0.2500 -0.1143 0.5525
-0.2500 -0.1143 0.9725
-0.2500 -0.2482 -0.4187
-0.0088 -0.1836 -0.4187
-0.0750 -0.4313 -0.9187
0.0750 -0.4313 -0.9187
0.1830 -0.3643 0.5525
0.2500 -0.2482 0.5525
-0.0750 0.0688 -0.9187
-0.0024 -0.1724 -0.9187
0.0750 0.4375 -0.9187
0.0750 -0.4375 -0.9187
0.0670 0.0688 -0.4187
0.1830 0.0018 -0.4187
0.0065 -0.1748 0.5525
0.0065 -0.1748 0.9725
-0.2500 -0.1143 -0.4187
-0.1830 0.0018 -0.4187
0.0088 -0.1836 -0.4187
0.0088 -0.1836 -0.9187
