0.2594 -0.0170 0.1329
0.2594 -0.0254 0.1474
-0.2594 -0.0483 -0.0005
-0.2594 -0.0399 0.0308
-0.2406 -0.0567 0.1558
-0.2406 -0.0712 0.1474
-0.2625 -0.0140 -0.1365
-0.2625 0.0327 -0.1952
0.2594 -0.0795 -0.1339
0.2594 -0.0712 -0.1484
-0.2406 -0.0254 -0.0859
-0.2406 -0.0170 -0.0714
0.2625 -0.0764 -0.1567
0.2625 -0.0827 -0.1567
-0.2625 -0.0827 -0.1567
-0.2375 -0.0827 -0.1567
0.2406 -0.0795 0.1329
0.2594 -0.0795 0.1329
0.2594 -0.0483 -0.1255
0.2594 -0.0399 -0.0942
0.2406 -0.0483 0.1870
0.2406 -0.0712 0.1641
-0.2594 -0.0795 0.0536
-0.2594 -0.0712 0.0391
-0.2594 -0.0483 -0.1255
-0.2594 -0.0170 -0.1339
0.2406 -0.0399 -0.0317
0.2594 -0.0399 -0.0317
-0.2594 -0.0483 0.1870
-0.2594 -0.0170 0.1954
0.2406 -0.0712 -0.1484
0.2406 -0.0567 -0.1567
0.2406 -0.0170 -0.0546
0.2594 -0.0170 -0.0546
-0.2594 -0.0483 0.0620
-0.2594 -0.0795 0.0704
-0.2625 -0.0139 -0.1442
-0.2375 -0.0139 -0.1442
-0.2594 -0.0254 -0.1026
-0.2594 -0.0399 -0.0942
0.2625 -0.0202 0.2308
0.2625 -0.0202 -0.1442
-0.2594 -0.0483 0.0620
-0.2594 -0.0399 0.0933
-0.2406 -0.0567 0.2183
-0.2406 -0.0712 0.2099
-0.2594 -0.0483 -0.0630
-0.2594 -0.0712 -0.0859
-0.2406 -0.0170 0.1329
-0.2594 -0.0170 0.1329
-0.2406 -0.0254 -0.0234
-0.2406 -0.0170 -0.0089
-0.2625 0.0256 -0.1900
-0.2375 0.0256 -0.1900
0.2594 0.0058 -0.2109
0.2594 0.0142 -0.1964
-0.2406 -0.0795 -0.1339
-0.2594 -0.0795 -0.1339
0.2406 -0.0795 0.1954
0.2594 -0.0795 0.1954
0.2594 -0.0170 -0.1880
0.2594 -0.0399 -0.2109
-0.2375 -0.0139 0.2308
-0.2375 -0.0202 0.2308
-0.2594 -0.0795 0.1161
-0.2594 -0.0712 0.1016
-0.2594 -0.0170 -0.1880
-0.2594 -0.0399 -0.1651
0.2406 -0.0399 0.0308
0.2594 -0.0399 0.0308
-0.2594 -0.0483 0.1245
-0.2594 -0.0795 0.1329
0.2406 -0.0712 -0.0859
0.2406 -0.0567 -0.0942
0.2406 -0.0170 0.0079
0.2594 -0.0170 0.0079
-0.0792 0.0830 0.0448
0.0792 0.0830 0.0448
-0.2594 -0.0254 -0.0401
-0.2594 -0.0399 -0.0317
0.2406 -0.0254 -0.1567
0.2594 -0.0254 -0.1567
-0.2594 -0.0483 0.1245
-0.2594 -0.0399 0.1558
0.2625 -0.0140 -0.1365
0.2625 -0.0189 -0.1404
-0.2594 -0.0483 -0.0005
-0.2594 -0.0712 -0.0234
-0.2406 -0.0170 -0.1880
-0.2406 0.0142 -0.1964
-0.2375 -0.0139 -0.1442
-0.2375 -0.0202 -0.1442
-0.2625 -0.0189 -0.1404
-0.2375 -0.0189 -0.1404
0.2375 0.0295 -0.1949
0.2375 -0.0194 -0.2338
-0.2375 -0.0194 -0.2338
-0.2375 -0.0233 -0.2289
-0.2406 -0.0170 0.1954
-0.2594 -0.0170 0.1954
-0.2406 -0.0254 0.0391
-0.2406 -0.0170 0.0536
-0.2625 -0.0827 0.2339
-0.2375 -0.0827 0.2339
-0.2375 0.0330 -0.1974
-0.2375 -0.0170 -0.1270
-0.2406 -0.0567 0.0308
-0.2594 -0.0567 0.0308
-0.2406 -0.0795 -0.0714
-0.2594 -0.0795 -0.0714
-0.2375 0.0330 -0.1974
-0.0792 0.0330 -0.1974
0.2594 -0.0483 -0.1255
0.2594 -0.0712 -0.1484
-0.2406 -0.0399 -0.1651
-0.2406 -0.0483 -0.1796
-0.2594 -0.0483 -0.1255
-0.2594 -0.0712 -0.1026
0.2406 -0.0399 0.0933
0.2594 -0.0399 0.0933
-0.2594 -0.0483 0.1870
-0.2594 -0.0795 0.1954
-0.2375 -0.0827 0.2308
-0.2375 -0.0827 -0.1567
0.2406 -0.0170 0.0704
0.2594 -0.0170 0.0704
-0.0792 0.0330 -0.1974
-0.0792 -0.0202 -0.2317
-0.2594 -0.0254 0.0224
-0.2594 -0.0399 0.0308
0.2406 -0.0567 -0.0942
0.2594 -0.0567 -0.0942
-0.2594 -0.0483 0.1870
-0.2594 -0.0399 0.2183
-0.2594 -0.0483 0.0620
-0.2594 -0.0712 0.0391
-0.2625 -0.0139 0.2308
-0.2375 -0.0139 0.2308
-0.2594 -0.0399 -0.1651
-0.2594 -0.0483 -0.1796
0.2594 -0.0483 -0.0630
0.2594 -0.0170 -0.0546
-0.2625 -0.0830 -0.1556
-0.2625 -0.0207 -0.2339
-0.2594 -0.0483 -0.0630
-0.2594 -0.0399 -0.0942
-0.2375 -0.0608 -0.0880
-0.2375 -0.0608 -0.1645
0.0792 0.0330 -0.1974
0.0792 -0.0202 -0.2317
-0.2406 -0.0567 0.0933
-0.2594 -0.0567 0.0933
-0.2406 -0.0795 -0.0089
-0.2594 -0.0795 -0.0089
-0.2406 -0.0254 -0.1484
-0.2594 -0.0254 -0.1484
0.2406 -0.0399 0.1558
0.2594 -0.0399 0.1558
-0.2375 -0.0827 0.2339
-0.2375 -0.0827 0.2276
-0.2406 0.0058 -0.1651
-0.2594 0.0058 -0.1651
0.2594 -0.0170 -0.1880
0.2594 -0.0087 -0.2192
-0.2375 -0.0170 0.0448
-0.2375 -0.0608 0.0448
0.2406 -0.0567 -0.0317
0.2594 -0.0567 -0.0317
-0.2594 -0.0483 0.1245
-0.2594 -0.0712 0.1016
-0.2406 -0.0170 -0.1880
-0.2406 -0.0399 -0.1651
-0.2594 -0.0712 -0.1026
-0.2594 -0.0795 -0.1171
0.2594 -0.0483 -0.0005
0.2594 -0.0170 0.0079
0.2625 -0.0764 0.2308
0.2625 -0.0764 -0.1567
-0.2594 -0.0483 -0.0005
-0.2594 -0.0399 -0.0317
-0.2406 -0.0170 -0.1880
-0.2406 0.0058 -0.1651
-0.2375 0.0330 -0.1974
-0.2375 -0.0202 -0.2317
0.2406 -0.0567 0.0308
0.2406 -0.0712 0.0224
-0.2406 -0.0567 0.1558
-0.2594 -0.0567 0.1558
-0.2406 -0.0795 0.0536
-0.2594 -0.0795 0.0536
-0.2406 -0.0483 -0.1255
-0.2406 -0.0399 -0.1567
0.2406 0.0058 -0.2109
0.2406 0.0142 -0.1964
-0.2406 -0.0254 -0.0859
-0.2594 -0.0254 -0.0859
-0.2406 -0.0254 -0.2192
-0.2406 -0.0087 -0.2192
-0.2406 -0.0254 -0.1026
-0.2594 -0.0254 -0.1026
0.2594 -0.0170 0.1954
0.2594 -0.0254 0.2099
0.2594 -0.0483 -0.1255
0.2594 -0.0399 -0.1567
-0.2406 -0.0795 0.1161
-0.2406 -0.0712 0.1016
-0.2375 -0.0189 -0.1404
-0.2375 0.0278 -0.1991
-0.2594 -0.0483 0.1870
-0.2594 -0.0712 0.1641
-0.0792 -0.0608 0.0448
-0.0792 -0.0608 0.1776
0.2594 -0.0795 -0.0714
0.2594 -0.0712 -0.0859
0.2594 -0.0483 0.0620
0.2594 -0.0170 0.0704
0.2594 -0.0483 -0.0630
0.2594 -0.0795 -0.0546
-0.2594 -0.0483 0.0620
-0.2594 -0.0399 0.0308
0.2375 -0.0608 0.1776
0.0792 -0.0608 0.1776
0.2594 -0.0483 -0.0630
0.2594 -0.0399 -0.0317
0.2406 -0.0567 0.0933
0.2406 -0.0712 0.0849
-0.2406 -0.0567 0.2183
-0.2594 -0.0567 0.2183
-0.2594 -0.0399 0.0308
-0.2594 -0.0254 0.0391
-0.2406 -0.0483 -0.0630
-0.2406 -0.0399 -0.0942
0.2406 -0.0254 -0.1484
0.2406 -0.0170 -0.1339
-0.2406 -0.0254 -0.0234
-0.2594 -0.0254 -0.0234
-0.2406 -0.0254 -0.0401
-0.2594 -0.0254 -0.0401
-0.2406 -0.0795 0.1786
-0.2406 -0.0712 0.1641
-0.2375 -0.0139 0.2308
-0.2375 -0.0139 -0.1442
0.2594 -0.0795 -0.0089
0.2594 -0.0712 -0.0234
0.2594 -0.0170 -0.1880
0.2594 0.0142 -0.1964
0.2625 0.0278 -0.1991
0.2375 0.0278 -0.1991
0.2594 -0.0483 0.1245
0.2594 -0.0170 0.1329
0.2594 -0.0483 -0.0005
0.2594 -0.0795 0.0079
-0.2406 -0.0254 0.0224
-0.2406 -0.0399 0.0308
0.2594 -0.0254 -0.1484
0.2594 -0.0170 -0.1339
-0.2594 -0.0483 0.1245
-0.2594 -0.0399 0.0933
0.2594 0.0058 -0.1651
0.2594 -0.0087 -0.1567
-0.2406 -0.0170 -0.1880
-0.2406 -0.0483 -0.1964
0.2594 -0.0483 -0.0005
0.2594 -0.0399 0.0308
0.2406 -0.0567 0.1558
0.2406 -0.0712 0.1474
0.2625 -0.0140 -0.1365
0.2625 0.0327 -0.1952
-0.2594 -0.0795 0.1786
-0.2594 -0.0712 0.1641
-0.2594 -0.0399 0.0933
-0.2594 -0.0254 0.1016
0.2406 -0.0712 -0.0234
0.2406 -0.0567 -0.0317
-0.2406 -0.0483 -0.0005
-0.2406 -0.0399 -0.0317
0.2406 -0.0254 -0.0859
0.2406 -0.0170 -0.0714
-0.2406 -0.0254 0.0391
-0.2594 -0.0254 0.0391
0.2375 -0.0608 0.0448
0.0792 -0.0608 0.0448
-0.2406 -0.0483 -0.1255
-0.2406 -0.0170 -0.1339
-0.2406 -0.0399 -0.1651
-0.2594 -0.0399 -0.1651
0.2594 -0.0795 0.0536
0.2594 -0.0712 0.0391
0.2594 -0.0483 -0.1255
0.2594 -0.0170 -0.1339
0.2625 -0.0139 -0.1442
0.2375 -0.0139 -0.1442
0.2594 -0.0483 0.0620
0.2594 -0.0795 0.0704
-0.2406 -0.0254 0.1016
-0.2406 -0.0170 0.1161
0.2375 -0.0608 0.1776
0.2375 -0.0608 0.0448
-0.2406 -0.0254 0.0849
-0.2406 -0.0399 0.0933
0.2594 -0.0254 -0.0859
0.2594 -0.0170 -0.0714
-0.2594 -0.0483 0.1870
-0.2594 -0.0399 0.1558
-0.0792 0.0330 -0.1974
0.0792 0.0330 -0.1974
0.2594 -0.0254 -0.1026
0.2594 -0.0399 -0.0942
0.2594 -0.0483 0.0620
0.2594 -0.0399 0.0933
0.2406 -0.0567 0.2183
0.2406 -0.0712 0.2099
0.2594 -0.0483 -0.0630
0.2594 -0.0712 -0.0859
-0.2406 -0.0712 -0.1026
-0.2406 -0.0795 -0.1171
0.2375 -0.0170 0.2339
0.0792 -0.0170 0.2339
-0.2594 -0.0399 0.1558
-0.2594 -0.0254 0.1641
0.2406 -0.0170 0.1329
0.2594 -0.0170 0.1329
-0.2406 -0.0483 0.0620
-0.2406 -0.0399 0.0308
0.2406 -0.0254 -0.0234
0.2406 -0.0170 -0.0089
0.2625 0.0256 -0.1900
0.2375 0.0256 -0.1900
-0.2375 -0.0170 0.2339
-0.2375 -0.0608 0.2339
-0.2594 -0.0254 0.0849
-0.2594 -0.0399 0.0933
0.2406 -0.0795 -0.1339
0.2594 -0.0795 -0.1339
-0.2406 -0.0483 -0.0630
-0.2406 -0.0170 -0.0714
0.2375 -0.0139 0.2308
0.2375 -0.0202 0.2308
-0.2594 -0.0399 -0.2109
-0.2594 -0.0254 -0.2192
0.2594 -0.0795 0.1161
0.2594 -0.0712 0.1016
0.2594 -0.0170 -0.1880
0.2594 -0.0399 -0.1651
0.2594 -0.0483 0.1245
0.2594 -0.0795 0.1329
-0.2406 -0.0254 0.1641
-0.2406 -0.0170 0.1786
-0.2406 -0.0254 0.1474
-0.2406 -0.0399 0.1558
0.2594 -0.0254 -0.0234
0.2594 -0.0170 -0.0089
0.0792 -0.0608 -0.0880
0.0792 -0.0608 0.0448
0.2594 -0.0254 -0.0401
0.2594 -0.0399 -0.0317
0.2594 -0.0483 0.1245
0.2594 -0.0399 0.1558
0.2594 -0.0483 -0.0005
0.2594 -0.0712 -0.0234
0.2406 -0.0170 -0.1880
0.2406 0.0142 -0.1964
-0.2406 -0.0712 -0.0401
-0.2406 -0.0795 -0.0546
0.2375 -0.0139 -0.1442
0.2375 -0.0202 -0.1442
-0.2375 -0.0608 0.2339
-0.0792 -0.0608 0.2339
0.2375 -0.0194 -0.2338
0.2375 -0.0233 -0.2289
-0.2406 -0.0170 -0.1880
-0.2406 -0.0254 -0.2192
0.2406 -0.0170 0.1954
0.2594 -0.0170 0.1954
-0.2406 -0.0483 0.1245
-0.2406 -0.0399 0.0933
0.2406 -0.0254 0.0391
0.2406 -0.0170 0.0536
0.2594 -0.0483 0.1870
0.2594 -0.0254 0.1641
0.2625 -0.0827 0.2339
0.2375 -0.0827 0.2339
-0.2594 -0.0254 0.1474
-0.2594 -0.0399 0.1558
0.2406 -0.0567 0.0308
0.2594 -0.0567 0.0308
0.2406 -0.0795 -0.0714
0.2594 -0.0795 -0.0714
-0.2406 -0.0483 -0.0005
-0.2406 -0.0170 -0.0089
0.2406 -0.0399 -0.1651
0.2406 -0.0483 -0.1796
-0.2406 -0.0483 -0.1255
-0.2406 -0.0712 -0.1026
0.0792 0.0830 0.0448
0.0792 0.0830 0.1776
-0.2594 -0.0712 -0.1484
-0.2594 -0.0567 -0.1567
0.2594 -0.0483 -0.1255
0.2594 -0.0712 -0.1026
0.2406 0.0058 -0.2109
0.2594 0.0058 -0.2109
-0.2406 -0.0483 -0.1255
-0.2406 -0.0254 -0.1026
-0.2406 -0.0254 0.2099
-0.2406 -0.0399 0.2183
0.2594 -0.0254 0.0391
0.2594 -0.0170 0.0536
-0.2406 -0.0483 0.1870
-0.2406 -0.0399 0.2183
-0.2406 -0.0795 0.1161
-0.2594 -0.0795 0.1161
0.2375 -0.0170 0.0448
0.0792 0.0830 0.0448
0.2594 -0.0483 0.0620
0.2594 -0.0712 0.0391
-0.2406 -0.0712 0.0224
-0.2406 -0.0795 0.0079
0.2594 -0.0399 -0.1651
0.2594 -0.0483 -0.1796
-0.2406 -0.0567 -0.1567
-0.2406 -0.0399 -0.1567
0.2625 -0.0830 -0.1556
0.2625 -0.0207 -0.2339
0.2594 -0.0483 -0.0630
0.2594 -0.0399 -0.0942
-0.2406 0.0142 -0.1964
-0.2406 0.0142 -0.1796
-0.2594 -0.0254 0.2099
-0.2594 -0.0399 0.2183
0.2406 -0.0567 0.0933
0.2594 -0.0567 0.0933
0.2406 -0.0795 -0.0089
0.2594 -0.0795 -0.0089
-0.2406 -0.0483 0.0620
-0.2406 -0.0170 0.0536
-0.2406 -0.0483 -0.0630
-0.2406 -0.0712 -0.0401
-0.0792 -0.0170 0.2339
-0.0792 0.0830 0.1776
-0.2594 -0.0712 -0.0859
-0.2594 -0.0567 -0.0942
0.2406 -0.0254 -0.1484
0.2594 -0.0254 -0.1484
0.2375 -0.0827 0.2339
0.2375 -0.0827 0.2276
-0.2406 -0.0483 -0.0630
-0.2406 -0.0254 -0.0401
-0.2594 0.0142 -0.1964
-0.2594 0.0142 -0.1796
0.2594 -0.0254 0.1016
0.2594 -0.0170 0.1161
-0.2625 0.0327 -0.1952
-0.2625 0.0278 -0.1991
0.2375 -0.0202 -0.2317
0.2375 -0.0608 -0.1645
-0.2406 -0.0795 0.1786
-0.2594 -0.0795 0.1786
0.2594 -0.0483 0.1245
0.2594 -0.0712 0.1016
-0.2406 -0.0712 0.0849
-0.2406 -0.0795 0.0704
0.0792 -0.0170 0.2339
0.0792 0.0830 0.1776
0.2594 -0.0712 -0.1026
0.2594 -0.0795 -0.1171
-0.2406 -0.0567 -0.0942
-0.2406 -0.0399 -0.0942
-0.2406 -0.0254 0.0224
-0.2594 -0.0254 0.0224
0.2594 -0.0483 -0.0005
0.2594 -0.0399 -0.0317
-0.2406 -0.0170 -0.1339
-0.2406 -0.0170 -0.1171
0.2594 -0.0483 0.1870
0.2594 -0.0567 0.2183
0.2406 -0.0170 -0.1880
0.2406 0.0058 -0.1651
-0.2375 -0.0158 -0.2300
-0.2375 -0.0207 -0.2339
0.2406 -0.0567 0.1558
0.2594 -0.0567 0.1558
-0.2406 -0.0170 -0.1880
-0.2406 0.0058 -0.2109
-0.2625 -0.0827 0.2276
-0.2625 -0.0139 0.2276
0.2406 -0.0795 0.0536
0.2594 -0.0795 0.0536
-0.2406 -0.0483 0.1245
-0.2406 -0.0170 0.1161
-0.2406 -0.0483 -0.0005
-0.2406 -0.0712 0.0224
0.2594 -0.0483 0.1870
0.2594 -0.0170 0.1954
-0.2375 -0.0202 -0.2317
-0.2375 -0.0608 -0.1645
-0.2594 -0.0712 -0.0234
-0.2594 -0.0567 -0.0317
0.2406 -0.0254 -0.0859
0.2594 -0.0254 -0.0859
0.2406 -0.0254 -0.1026
0.2594 -0.0254 -0.1026
-0.2406 -0.0483 -0.0005
-0.2406 -0.0254 0.0224
-0.2406 -0.0483 0.1870
-0.2406 -0.0712 0.1641
-0.2406 -0.0483 -0.1255
-0.2406 -0.0795 -0.1339
-0.2594 -0.0170 -0.1339
-0.2594 -0.0170 -0.1171
0.2406 -0.0795 0.1161
0.2406 -0.0712 0.1016
0.2375 -0.0189 -0.1404
0.2375 0.0278 -0.1991
-0.2406 -0.0712 0.1474
-0.2406 -0.0795 0.1329
0.2375 -0.0170 0.2339
0.2375 -0.0170 0.1776
-0.2406 -0.0567 -0.0317
-0.2406 -0.0399 -0.0317
-0.2406 -0.0254 0.0849
-0.2594 -0.0254 0.0849
0.2594 -0.0483 0.0620
0.2594 -0.0399 0.0308
-0.2406 -0.0170 -0.0714
-0.2406 -0.0170 -0.0546
-0.2406 -0.0712 -0.1026
-0.2594 -0.0712 -0.1026
0.2406 -0.0567 0.2183
0.2594 -0.0567 0.2183
-0.2625 -0.0139 0.2308
-0.2625 -0.0202 0.2308
-0.2406 -0.0399 -0.2109
-0.2594 -0.0399 -0.2109
-0.2406 -0.0483 0.0620
-0.2406 -0.0712 0.0849
-0.2625 0.0295 -0.1949
-0.2625 0.0256 -0.1900
-0.0792 0.0830 -0.0880
-0.0792 0.0830 -0.1270
-0.2625 -0.0202 -0.1442
-0.2375 -0.0202 -0.1442
0.2406 -0.0254 -0.0234
0.2594 -0.0254 -0.0234
-0.2406 -0.0483 0.0620
-0.2406 -0.0254 0.0849
-0.2406 -0.0483 -0.0630
-0.2406 -0.0795 -0.0714
-0.2594 -0.0170 -0.0714
-0.2594 -0.0170 -0.0546
-0.2625 -0.0158 -0.2300
-0.2375 -0.0158 -0.2300
0.2406 -0.0795 0.1786
0.2406 -0.0712 0.1641
0.2375 -0.0139 0.2308
0.2375 -0.0139 -0.1442
-0.2625 -0.0194 -0.2338
-0.2625 -0.0233 -0.2289
0.2375 -0.0170 -0.0880
0.0792 0.0830 -0.0880
-0.2406 -0.0567 0.0308
-0.2406 -0.0399 0.0308
-0.2406 -0.0254 0.1474
-0.2594 -0.0254 0.1474
0.2594 -0.0483 0.1245
0.2594 -0.0399 0.0933
0.2406 -0.0170 -0.1880
0.2406 -0.0483 -0.1964
-0.2406 -0.0712 -0.0401
-0.2594 -0.0712 -0.0401
-0.2406 -0.0170 -0.1880
-0.2406 -0.0254 -0.1567
-0.2406 -0.0712 -0.1484
-0.2594 -0.0712 -0.1484
0.2594 -0.0795 0.1786
0.2594 -0.0712 0.1641
-0.2406 -0.0483 0.1245
-0.2406 -0.0712 0.1474
0.2594 -0.0483 0.1870
0.2594 -0.0795 0.1954
0.2594 -0.0399 0.0933
0.2594 -0.0254 0.1016
0.2406 -0.0483 -0.0005
0.2406 -0.0399 -0.0317
-0.2625 -0.0827 0.2308
-0.2625 -0.0827 -0.1567
0.2406 -0.0254 0.0391
0.2594 -0.0254 0.0391
0.2594 -0.0254 0.0224
0.2594 -0.0399 0.0308
-0.2406 -0.0483 0.1245
-0.2406 -0.0254 0.1474
-0.2406 -0.0483 -0.0005
-0.2406 -0.0795 -0.0089
0.2594 -0.0483 0.1870
0.2594 -0.0399 0.2183
-0.2594 -0.0170 -0.0089
-0.2594 -0.0170 0.0079
0.2406 -0.0483 -0.1255
0.2406 -0.0170 -0.1339
0.2406 -0.0399 -0.1651
0.2594 -0.0399 -0.1651
-0.2406 -0.0483 -0.1255
-0.2406 -0.0567 -0.1567
-0.2406 -0.0483 0.1870
-0.2406 -0.0399 0.1558
0.2406 -0.0254 0.1016
0.2406 -0.0170 0.1161
-0.2406 -0.0254 0.2099
-0.2594 -0.0254 0.2099
0.2406 -0.0712 -0.1026
0.2406 -0.0795 -0.1171
-0.2406 -0.0712 0.0224
-0.2594 -0.0712 0.0224
-0.2406 -0.0712 -0.0859
-0.2594 -0.0712 -0.0859
0.2594 -0.0483 -0.0630
0.2594 -0.0712 -0.0401
0.2594 -0.0399 0.1558
0.2594 -0.0254 0.1641
0.2406 -0.0483 0.0620
0.2406 -0.0399 0.0308
-0.2375 -0.0781 -0.1517
-0.2375 -0.0830 -0.1556
-0.2406 0.0142 -0.1964
-0.2594 0.0142 -0.1964
0.2594 -0.0254 0.0849
0.2594 -0.0399 0.0933
-0.2406 -0.0483 0.0620
-0.2406 -0.0795 0.0536
0.2406 -0.0483 -0.0630
0.2406 -0.0170 -0.0714
-0.2406 -0.0712 -0.0234
-0.2406 -0.0567 -0.0317
-0.0792 -0.0170 0.2339
0.0792 -0.0170 0.2339
0.2594 -0.0399 -0.2109
0.2594 -0.0254 -0.2192
-0.2406 -0.0483 -0.0630
-0.2406 -0.0567 -0.0942
0.2406 -0.0254 0.1641
0.2406 -0.0170 0.1786
0.2406 -0.0483 0.1245
0.2406 -0.0399 0.1558
-0.2594 -0.0567 0.1558
-0.2594 -0.0712 0.1474
0.2375 -0.0170 -0.0880
0.2375 -0.0170 -0.1270
0.2406 -0.0712 -0.0401
0.2406 -0.0795 -0.0546
-0.2406 -0.0712 0.0849
-0.2594 -0.0712 0.0849
0.2594 -0.0483 -0.0005
0.2594 -0.0712 0.0224
-0.2594 -0.0254 -0.0859
-0.2594 -0.0170 -0.0714
0.2406 -0.0170 -0.1880
0.2406 -0.0254 -0.2192
0.2406 -0.0254 -0.2192
0.2406 -0.0087 -0.2192
-0.2406 -0.0170 -0.1339
-0.2594 -0.0170 -0.1339
0.2594 -0.0254 0.1474
0.2594 -0.0399 0.1558
-0.2406 -0.0483 0.1245
-0.2406 -0.0795 0.1161
0.2594 -0.0483 0.1870
0.2594 -0.0712 0.1641
0.2406 -0.0483 -0.0005
0.2406 -0.0170 -0.0089
0.2406 -0.0483 -0.1255
0.2406 -0.0712 -0.1026
0.2594 -0.0712 -0.0401
0.2594 -0.0795 -0.0546
-0.2406 -0.0712 0.0391
-0.2406 -0.0567 0.0308
0.2375 -0.0608 0.0448
0.2375 -0.0170 0.0448
0.2594 -0.0712 -0.1484
0.2594 -0.0567 -0.1567
-0.2406 -0.0483 -0.0005
-0.2406 -0.0567 -0.0317
0.2406 -0.0483 -0.1255
0.2406 -0.0254 -0.1026
-0.2625 -0.0781 -0.1517
-0.2375 -0.0781 -0.1517
0.2406 -0.0483 0.1870
0.2406 -0.0399 0.2183
-0.2594 -0.0567 0.2183
-0.2594 -0.0712 0.2099
0.2406 -0.0795 0.1161
0.2594 -0.0795 0.1161
-0.2406 -0.0483 0.1870
-0.2406 -0.0170 0.1786
0.2406 -0.0712 0.0224
0.2406 -0.0795 0.0079
-0.2406 -0.0712 0.1474
-0.2594 -0.0712 0.1474
-0.2594 -0.0712 0.0391
-0.2594 -0.0567 0.0308
-0.2594 -0.0254 -0.0234
-0.2594 -0.0170 -0.0089
0.2406 -0.0567 -0.1567
0.2406 -0.0399 -0.1567
0.2406 -0.0254 -0.0401
0.2594 -0.0254 -0.0401
-0.2375 -0.0170 0.1776
-0.0792 0.0830 0.1776
0.2406 0.0142 -0.1964
0.2406 0.0142 -0.1796
-0.2406 -0.0170 -0.0714
-0.2594 -0.0170 -0.0714
0.2594 -0.0254 0.2099
0.2594 -0.0399 0.2183
-0.2406 -0.0712 0.2099
-0.2406 -0.0795 0.1954
0.2406 -0.0483 0.0620
0.2406 -0.0170 0.0536
0.2406 -0.0483 -0.0630
0.2406 -0.0712 -0.0401
0.2594 -0.0712 0.0224
0.2594 -0.0795 0.0079
-0.2406 -0.0712 0.1016
-0.2406 -0.0567 0.0933
-0.2625 0.0295 -0.1949
-0.2625 -0.0194 -0.2338
0.2594 -0.0712 -0.0859
0.2594 -0.0567 -0.0942
-0.2406 -0.0483 0.0620
-0.2406 -0.0567 0.0308
-0.2375 -0.0170 -0.0880
-0.0792 0.0830 -0.0880
-0.2406 -0.0170 -0.0089
-0.2406 -0.0170 0.0079
-0.0792 0.0830 -0.0880
0.0792 0.0830 -0.0880
0.2406 -0.0483 -0.0630
0.2406 -0.0254 -0.0401
0.2594 0.0142 -0.1964
0.2594 0.0142 -0.1796
0.2375 -0.0608 0.2339
0.0792 -0.0608 0.2339
0.2625 0.0327 -0.1952
0.2625 0.0278 -0.1991
0.2406 -0.0795 0.1786
0.2594 -0.0795 0.1786
0.2406 -0.0712 0.0849
0.2406 -0.0795 0.0704
-0.2594 -0.0712 0.1016
-0.2594 -0.0567 0.0933
-0.2594 -0.0254 0.0391
-0.2594 -0.0170 0.0536
0.2406 -0.0567 -0.0942
0.2406 -0.0399 -0.0942
0.2406 -0.0254 0.0224
0.2594 -0.0254 0.0224
0.2406 -0.0170 -0.1339
0.2406 -0.0170 -0.1171
0.2375 -0.0158 -0.2300
0.2375 -0.0207 -0.2339
0.2406 -0.0170 -0.1880
0.2406 0.0058 -0.2109
0.2406 -0.0483 -0.0005
0.2406 -0.0712 0.0224
-0.2406 -0.0712 0.1641
-0.2406 -0.0567 0.1558
0.2594 -0.0712 0.0849
0.2594 -0.0795 0.0704
0.2594 -0.0712 -0.0234
0.2594 -0.0567 -0.0317
-0.2406 -0.0483 0.1245
-0.2406 -0.0567 0.0933
-0.2406 -0.0170 0.0536
-0.2406 -0.0170 0.0704
0.2406 -0.0483 -0.0005
0.2406 -0.0254 0.0224
0.2406 -0.0483 -0.1255
0.2406 -0.0795 -0.1339
0.2594 -0.0170 -0.1339
0.2594 -0.0170 -0.1171
-0.2406 -0.0483 0.1870
-0.2406 -0.0712 0.2099
-0.2406 -0.0483 -0.1796
-0.2406 -0.0483 -0.1964
-0.2594 -0.0712 0.1641
-0.2594 -0.0567 0.1558
0.2406 -0.0254 0.1016
0.2594 -0.0254 0.1016
-0.2594 -0.0254 0.1016
-0.2594 -0.0170 0.1161
0.2406 -0.0567 -0.0317
0.2406 -0.0399 -0.0317
0.2406 -0.0254 0.0849
0.2594 -0.0254 0.0849
-0.2406 -0.0483 0.1870
-0.2406 -0.0254 0.2099
-0.0792 -0.0202 -0.2317
-0.0792 -0.0608 -0.1645
0.2406 -0.0712 -0.1026
0.2594 -0.0712 -0.1026
0.2625 -0.0139 0.2308
0.2625 -0.0202 0.2308
-0.2625 -0.0202 0.2308
-0.2375 -0.0202 0.2308
0.2406 -0.0483 0.0620
0.2406 -0.0712 0.0849
0.2625 0.0295 -0.1949
0.2625 0.0256 -0.1900
0.2594 -0.0712 0.1474
0.2594 -0.0795 0.1329
-0.2375 -0.0139 0.2339
-0.2375 -0.0139 0.2276
0.2375 -0.0608 0.2339
0.2375 -0.0608 0.1776
-0.2375 -0.0781 -0.1517
-0.2375 -0.0158 -0.2300
-0.2406 -0.0170 0.1161
-0.2406 -0.0170 0.1329
0.2406 -0.0483 0.0620
0.2406 -0.0254 0.0849
0.2406 -0.0483 -0.0630
0.2406 -0.0795 -0.0714
0.2594 -0.0170 -0.0714
0.2594 -0.0170 -0.0546
0.0792 -0.0202 -0.2317
0.0792 -0.0608 -0.1645
0.2625 -0.0158 -0.2300
0.2375 -0.0158 -0.2300
-0.2406 -0.0712 -0.0234
-0.2594 -0.0712 -0.0234
-0.2406 -0.0795 -0.1171
-0.2406 -0.0795 -0.1339
0.2406 -0.0483 0.1245
0.2406 -0.0399 0.0933
0.2625 -0.0194 -0.2338
0.2625 -0.0233 -0.2289
0.2406 -0.0254 0.1641
0.2594 -0.0254 0.1641
-0.2625 -0.0233 -0.2289
-0.2375 -0.0233 -0.2289
0.2406 -0.0567 0.0308
0.2406 -0.0399 0.0308
0.2406 -0.0254 0.1474
0.2594 -0.0254 0.1474
-0.2594 -0.0170 -0.1880
-0.2594 0.0058 -0.1651
0.2406 -0.0712 -0.0401
0.2594 -0.0712 -0.0401
0.2406 -0.0170 -0.1880
0.2406 -0.0254 -0.1567
-0.2594 -0.0254 -0.2192
-0.2594 -0.0087 -0.2192
0.2625 -0.0827 0.2308
0.2625 -0.0827 -0.1567
-0.2406 -0.0170 0.1786
-0.2406 -0.0170 0.1954
-0.2406 -0.0254 -0.1567
-0.2406 -0.0087 -0.1567
0.2406 -0.0483 -0.0005
0.2406 -0.0795 -0.0089
0.0792 -0.0608 0.0448
0.0792 -0.0608 0.1776
-0.2406 -0.0712 0.0391
-0.2594 -0.0712 0.0391
-0.2406 -0.0795 -0.0546
-0.2406 -0.0795 -0.0714
0.2406 -0.0483 -0.1255
0.2406 -0.0567 -0.1567
0.2406 -0.0483 0.1870
0.2406 -0.0399 0.1558
-0.2625 -0.0139 0.2339
-0.2375 -0.0139 0.2339
-0.2594 -0.0483 -0.1255
-0.2594 -0.0254 -0.1026
0.2406 -0.0254 0.2099
0.2594 -0.0254 0.2099
-0.2406 -0.0483 0.1870
-0.2406 -0.0795 0.1786
-0.2375 -0.0764 0.2308
-0.2375 -0.0827 0.2308
0.2594 -0.0567 0.0933
0.2594 -0.0712 0.0849
0.2406 -0.0712 0.0224
0.2594 -0.0712 0.0224
0.2625 -0.0827 0.2276
0.2625 -0.0139 0.2276
-0.0792 -0.0608 0.1776
-0.0792 -0.0608 0.2339
-0.2594 -0.0567 -0.1567
-0.2594 -0.0399 -0.1567
0.2375 -0.0781 -0.1517
0.2375 -0.0830 -0.1556
0.2406 0.0142 -0.1964
0.2594 0.0142 -0.1964
-0.2406 -0.0567 -0.0942
-0.2406 -0.0399 -0.0942
0.2406 -0.0483 0.0620
0.2406 -0.0795 0.0536
-0.2375 -0.0764 -0.1567
-0.2375 -0.0827 -0.1567
-0.2406 -0.0712 0.1016
-0.2594 -0.0712 0.1016
-0.2375 -0.0170 -0.1270
-0.0792 0.0830 -0.1270
0.2406 -0.0483 -0.0630
0.2406 -0.0567 -0.0942
-0.2594 -0.0170 -0.1880
-0.2594 -0.0483 -0.1964
0.2594 -0.0567 0.1558
0.2594 -0.0712 0.1474
0.2406 -0.0483 0.1245
0.2406 -0.0170 0.1161
-0.2375 -0.0202 0.2308
-0.2375 -0.0202 -0.1442
0.2406 -0.0712 0.0849
0.2594 -0.0712 0.0849
0.2406 -0.0399 -0.2109
0.2594 -0.0399 -0.2109
0.2625 -0.0202 -0.1442
0.2375 -0.0202 -0.1442
0.2406 -0.0170 -0.1339
0.2594 -0.0170 -0.1339
-0.2406 -0.0567 -0.0317
-0.2406 -0.0399 -0.0317
-0.2625 -0.0764 0.2308
-0.2375 -0.0764 0.2308
-0.2594 0.0142 -0.1796
-0.2594 0.0058 -0.1651
0.2406 -0.0712 0.1474
0.2406 -0.0795 0.1329
0.2406 -0.0712 0.0391
0.2406 -0.0567 0.0308
-0.2406 -0.0712 0.1641
-0.2594 -0.0712 0.1641
0.2406 -0.0483 -0.0005
0.2406 -0.0567 -0.0317
0.2406 -0.0170 -0.0714
0.2406 -0.0170 -0.0546
-0.2406 -0.0087 -0.1567
-0.2594 -0.0087 -0.1567
0.2625 -0.0781 -0.1517
0.2375 -0.0781 -0.1517
-0.2406 -0.0399 0.0308
-0.2594 -0.0399 0.0308
-0.2594 -0.0483 -0.1255
-0.2594 -0.0795 -0.1339
0.2594 -0.0567 0.2183
0.2594 -0.0712 0.2099
-0.2625 -0.0764 -0.1567
-0.2375 -0.0764 -0.1567
0.2406 -0.0483 0.1870
0.2406 -0.0170 0.1786
-0.2406 -0.0483 -0.1796
-0.2594 -0.0483 -0.1796
0.2406 -0.0712 -0.1484
0.2594 -0.0712 -0.1484
-0.2375 -0.0140 -0.1365
-0.2375 -0.0189 -0.1404
0.2594 -0.0712 0.0391
0.2594 -0.0567 0.0308
-0.0792 -0.0202 -0.2317
0.0792 -0.0202 -0.2317
-0.2594 -0.0483 -0.0630
-0.2594 -0.0170 -0.0714
0.2406 -0.0712 0.2099
0.2406 -0.0795 0.1954
0.2406 -0.0712 0.1016
0.2406 -0.0567 0.0933
0.2625 0.0295 -0.1949
0.2625 -0.0194 -0.2338
-0.2594 -0.0254 0.1641
-0.2594 -0.0170 0.1786
0.2406 -0.0483 0.0620
0.2406 -0.0567 0.0308
0.2406 -0.0170 -0.0089
0.2406 -0.0170 0.0079
-0.2406 -0.0399 -0.0942
-0.2594 -0.0399 -0.0942
-0.2406 -0.0399 0.0933
-0.2594 -0.0399 0.0933
0.2406 -0.0483 0.1245
0.2406 -0.0712 0.1474
-0.2406 -0.0795 -0.1171
-0.2594 -0.0795 -0.1171
0.2406 -0.0712 -0.0859
0.2594 -0.0712 -0.0859
-0.0792 0.0830 0.0448
-0.0792 0.0830 -0.0880
-0.2594 -0.0170 -0.1880
-0.2594 -0.0254 -0.2192
0.2594 -0.0712 0.1016
0.2594 -0.0567 0.0933
0.2406 -0.0483 0.1245
0.2406 -0.0254 0.1474
-0.2594 -0.0483 -0.0005
-0.2594 -0.0170 -0.0089
0.2406 -0.0712 0.1641
0.2406 -0.0567 0.1558
-0.2625 -0.0140 -0.1365
-0.2375 -0.0140 -0.1365
0.2406 -0.0170 0.0536
0.2406 -0.0170 0.0704
-0.2406 -0.0399 -0.0317
-0.2594 -0.0399 -0.0317
0.2406 -0.0483 0.1870
0.2406 -0.0712 0.2099
0.2406 -0.0483 -0.1796
0.2406 -0.0483 -0.1964
-0.2594 -0.0483 -0.0005
-0.2594 -0.0795 0.0079
-0.2406 -0.0795 -0.0546
-0.2594 -0.0795 -0.0546
-0.2594 -0.0483 -0.1255
-0.2594 -0.0567 -0.1567
0.2594 -0.0712 0.1641
0.2594 -0.0567 0.1558
-0.2375 0.0256 -0.1900
-0.2375 -0.0233 -0.2289
-0.2625 -0.0781 -0.1517
-0.2625 -0.0830 -0.1556
0.2406 -0.0483 0.1870
0.2406 -0.0254 0.2099
-0.2375 -0.0764 0.2308
-0.2375 -0.0764 -0.1567
-0.2594 -0.0483 0.0620
-0.2594 -0.0170 0.0536
-0.2594 -0.0483 -0.0630
-0.2594 -0.0712 -0.0401
-0.2406 -0.0795 0.0079
-0.2406 -0.0795 -0.0089
0.2375 0.0330 -0.1974
0.2375 -0.0170 -0.1270
0.2625 -0.0202 0.2308
0.2375 -0.0202 0.2308
0.2594 -0.0483 -0.1796
0.2594 -0.0483 -0.1964
0.2375 0.0330 -0.1974
0.0792 0.0330 -0.1974
0.2375 -0.0139 0.2339
0.2375 -0.0139 0.2276
-0.2594 -0.0483 -0.0630
-0.2594 -0.0254 -0.0401
0.2375 -0.0781 -0.1517
0.2375 -0.0158 -0.2300
-0.2406 0.0142 -0.1796
-0.2406 0.0058 -0.1651
0.2406 -0.0170 0.1161
0.2406 -0.0170 0.1329
-0.2594 -0.0712 0.0849
-0.2594 -0.0795 0.0704
0.2406 -0.0795 -0.1171
0.2406 -0.0795 -0.1339
-0.2375 -0.0827 0.2339
-0.2375 -0.0139 0.2339
-0.2594 -0.0567 -0.0942
-0.2594 -0.0399 -0.0942
0.2625 -0.0233 -0.2289
0.2375 -0.0233 -0.2289
0.2594 -0.0170 -0.1880
0.2594 0.0058 -0.1651
0.2406 -0.0483 0.1245
0.2406 -0.0795 0.1161
-0.2594 -0.0170 -0.1880
-0.2594 0.0058 -0.2109
-0.2594 -0.0483 0.1245
-0.2594 -0.0170 0.1161
-0.2594 -0.0483 -0.0005
-0.2594 -0.0712 0.0224
-0.2406 -0.0795 0.0704
-0.2406 -0.0795 0.0536
-0.0792 0.0830 0.1776
0.0792 0.0830 0.1776
0.2594 -0.0254 -0.2192
0.2594 -0.0087 -0.2192
-0.2594 -0.0483 -0.0005
-0.2594 -0.0254 0.0224
-0.2406 -0.0170 -0.1171
-0.2406 -0.0254 -0.1026
0.2406 -0.0170 0.1786
0.2406 -0.0170 0.1954
0.2406 -0.0254 -0.1567
0.2406 -0.0087 -0.1567
-0.2594 -0.0712 -0.0401
-0.2594 -0.0795 -0.0546
-0.2594 -0.0712 0.1474
-0.2594 -0.0795 0.1329
0.2406 -0.0712 0.0391
0.2594 -0.0712 0.0391
0.2406 -0.0795 -0.0546
0.2406 -0.0795 -0.0714
-0.2406 -0.0254 -0.2192
-0.2594 -0.0254 -0.2192
-0.2594 -0.0567 -0.0317
-0.2594 -0.0399 -0.0317
0.2406 -0.0170 -0.0714
0.2594 -0.0170 -0.0714
0.2625 -0.0139 0.2339
0.2375 -0.0139 0.2339
0.2406 -0.0087 -0.2192
0.2406 0.0058 -0.2109
0.2594 -0.0483 -0.1255
0.2594 -0.0254 -0.1026
0.2406 -0.0483 0.1870
0.2406 -0.0795 0.1786
0.2375 -0.0764 0.2308
0.2375 -0.0827 0.2308
-0.0792 -0.0608 0.0448
0.0792 -0.0608 0.0448
-0.2594 -0.0483 -0.1255
-0.2594 -0.0254 -0.1484
-0.2625 -0.0139 -0.1442
-0.2625 -0.0202 -0.1442
-0.2594 -0.0483 0.1870
-0.2594 -0.0170 0.1786
-0.2594 -0.0483 0.0620
-0.2594 -0.0712 0.0849
-0.2406 -0.0795 0.1329
-0.2406 -0.0795 0.1161
0.2594 -0.0567 -0.1567
0.2594 -0.0399 -0.1567
-0.2594 -0.0483 0.0620
-0.2594 -0.0254 0.0849
0.2625 -0.0827 0.2276
0.2375 -0.0827 0.2276
-0.2594 -0.0483 -0.0630
-0.2594 -0.0795 -0.0714
-0.2406 -0.0170 -0.0546
-0.2406 -0.0254 -0.0401
0.2406 -0.0567 -0.0942
0.2406 -0.0399 -0.0942
-0.2625 -0.0830 -0.1556
-0.2375 -0.0830 -0.1556
0.2375 -0.0764 -0.1567
0.2375 -0.0827 -0.1567
-0.2594 -0.0712 0.0224
-0.2594 -0.0795 0.0079
-0.2594 -0.0712 0.2099
-0.2594 -0.0795 0.1954
0.2406 -0.0712 0.1016
0.2594 -0.0712 0.1016
-0.2594 -0.0567 0.0308
-0.2594 -0.0399 0.0308
0.2406 -0.0399 -0.1567
0.2406 -0.0254 -0.1484
0.2594 -0.0170 -0.1880
0.2594 -0.0483 -0.1964
0.2375 -0.0608 -0.0880
0.0792 -0.0608 -0.0880
-0.2625 -0.0207 -0.2339
-0.2375 -0.0207 -0.2339
-0.2594 -0.0170 -0.1880
-0.2594 -0.0254 -0.1567
0.2375 -0.0202 0.2308
0.2375 -0.0202 -0.1442
-0.2594 -0.0483 0.1245
-0.2594 -0.0712 0.1474
-0.2406 -0.0795 0.1954
-0.2406 -0.0795 0.1786
0.0792 0.0830 -0.0880
0.0792 0.0830 -0.1270
-0.2594 -0.0483 0.1245
-0.2594 -0.0254 0.1474
-0.2406 -0.0399 0.1558
-0.2594 -0.0399 0.1558
-0.2594 -0.0483 -0.0005
-0.2594 -0.0795 -0.0089
-0.2406 -0.0170 0.0079
-0.2406 -0.0254 0.0224
0.2406 -0.0567 -0.0317
0.2406 -0.0399 -0.0317
0.2625 -0.0764 0.2308
0.2375 -0.0764 0.2308
0.2594 0.0142 -0.1796
0.2594 0.0058 -0.1651
0.2406 -0.0712 -0.0234
0.2594 -0.0712 -0.0234
0.2406 -0.0712 0.1641
0.2594 -0.0712 0.1641
-0.2625 -0.0827 0.2339
-0.2625 -0.0827 0.2276
-0.2594 -0.0567 0.0933
-0.2594 -0.0399 0.0933
0.2406 -0.0087 -0.1567
0.2594 -0.0087 -0.1567
0.2406 -0.0399 -0.0942
0.2406 -0.0254 -0.0859
0.2594 -0.0483 -0.1255
0.2594 -0.0795 -0.1339
0.2625 -0.0764 -0.1567
0.2375 -0.0764 -0.1567
-0.2594 -0.0483 -0.1255
-0.2594 -0.0567 -0.0942
0.2406 -0.0483 -0.1796
0.2594 -0.0483 -0.1796
-0.2594 -0.0483 0.1870
-0.2594 -0.0712 0.2099
0.2375 -0.0140 -0.1365
0.2375 -0.0189 -0.1404
-0.2406 -0.0254 0.1016
-0.2594 -0.0254 0.1016
0.2375 0.0330 -0.1974
0.2375 -0.0202 -0.2317
-0.2594 -0.0483 0.1870
-0.2594 -0.0254 0.2099
-0.2406 -0.0399 0.2183
-0.2594 -0.0399 0.2183
-0.2594 -0.0483 0.0620
-0.2594 -0.0795 0.0536
-0.2406 -0.0170 0.0704
-0.2406 -0.0254 0.0849
-0.2375 -0.0170 0.1776
-0.2375 -0.0170 0.0448
0.2594 -0.0483 -0.0630
0.2594 -0.0170 -0.0714
-0.2594 -0.0483 -0.0630
-0.2594 -0.0567 -0.0942
-0.2406 -0.0483 -0.1964
-0.2406 -0.0399 -0.2109
0.2594 -0.0254 0.1641
0.2594 -0.0170 0.1786
0.2406 -0.0399 -0.0942
0.2594 -0.0399 -0.0942
0.2375 -0.0608 -0.0880
0.2375 -0.0608 -0.1645
-0.0792 -0.0608 -0.1645
-0.0792 -0.0608 -0.0880
-0.2375 -0.0608 -0.0880
-0.0792 -0.0608 -0.0880
0.2406 -0.0795 -0.1171
0.2594 -0.0795 -0.1171
-0.2406 -0.0254 0.1641
-0.2594 -0.0254 0.1641
0.2594 -0.0170 -0.1880
0.2594 -0.0254 -0.2192
-0.2594 -0.0170 -0.1880
-0.2594 -0.0483 -0.1796
-0.2375 -0.0830 -0.1556
-0.2375 -0.0207 -0.2339
-0.2594 -0.0483 0.1245
-0.2594 -0.0795 0.1161
0.2375 -0.0170 0.1776
0.2375 -0.0608 0.1776
-0.2375 -0.0170 0.0448
-0.0792 0.0830 0.0448
0.2594 -0.0483 -0.0005
0.2594 -0.0170 -0.0089
-0.2594 -0.0483 -0.0005
-0.2594 -0.0567 -0.0317
0.2625 -0.0140 -0.1365
0.2375 -0.0140 -0.1365
-0.2406 -0.0170 -0.1880
-0.2406 0.0142 -0.1796
0.2406 -0.0399 -0.0317
0.2594 -0.0399 -0.0317
0.2406 -0.0795 -0.0546
0.2594 -0.0795 -0.0546
0.2375 0.0256 -0.1900
0.2375 -0.0233 -0.2289
0.2594 -0.0483 -0.1255
0.2594 -0.0567 -0.1567
0.2625 -0.0781 -0.1517
0.2625 -0.0830 -0.1556
-0.2594 -0.0483 -0.1255
-0.2594 -0.0795 -0.1171
0.2375 -0.0764 0.2308
0.2375 -0.0764 -0.1567
-0.2594 -0.0483 0.1870
-0.2594 -0.0795 0.1786
0.2594 -0.0483 0.0620
0.2594 -0.0170 0.0536
0.2406 -0.0795 0.0079
0.2406 -0.0795 -0.0089
-0.2406 -0.0567 -0.1567
-0.2594 -0.0567 -0.1567
-0.2594 -0.0483 0.0620
-0.2594 -0.0567 0.0308
0.2594 -0.0483 -0.0630
0.2594 -0.0254 -0.0401
0.2406 0.0142 -0.1796
0.2406 0.0058 -0.1651
0.2406 -0.0399 0.0308
0.2594 -0.0399 0.0308
-0.2625 -0.0139 0.2276
-0.2375 -0.0139 0.2276
-0.2375 -0.0608 -0.0880
-0.2375 -0.0170 -0.0880
-0.2375 -0.0170 0.2339
-0.2375 -0.0170 0.1776
0.2375 -0.0608 -0.0880
0.2375 -0.0608 0.0448
0.2375 -0.0827 0.2339
0.2375 -0.0139 0.2339
-0.0792 -0.0608 0.2339
-0.0792 -0.0170 0.2339
0.2594 -0.0567 -0.0942
0.2594 -0.0399 -0.0942
0.2594 -0.0170 -0.1880
0.2594 0.0058 -0.2109
0.2594 -0.0483 0.1245
0.2594 -0.0170 0.1161
0.2406 -0.0795 0.0704
0.2406 -0.0795 0.0536
-0.2406 -0.0567 -0.0942
-0.2594 -0.0567 -0.0942
-0.2594 -0.0483 0.1245
-0.2594 -0.0567 0.0933
-0.2406 -0.0170 -0.1880
-0.2406 -0.0483 -0.1796
0.2594 -0.0483 -0.0005
0.2594 -0.0254 0.0224
0.2406 -0.0170 -0.1171
0.2406 -0.0254 -0.1026
-0.2625 -0.0189 -0.1404
-0.2625 0.0278 -0.1991
-0.2406 -0.0170 -0.1880
-0.2406 -0.0087 -0.1567
-0.2406 -0.0567 0.1558
-0.2406 -0.0399 0.1558
0.2594 -0.0567 -0.0317
0.2594 -0.0399 -0.0317
-0.2406 -0.0483 -0.1255
-0.2406 -0.0254 -0.1484
0.2406 -0.0567 0.0308
0.2406 -0.0399 0.0308
0.2594 -0.0483 -0.1255
0.2594 -0.0254 -0.1484
0.2625 -0.0139 -0.1442
0.2625 -0.0202 -0.1442
0.2594 -0.0483 0.0620
0.2594 -0.0712 0.0849
0.2406 -0.0795 0.1329
0.2406 -0.0795 0.1161
-0.2406 -0.0567 -0.0317
-0.2594 -0.0567 -0.0317
-0.2594 -0.0483 0.1870
-0.2594 -0.0567 0.1558
0.2594 -0.0483 0.0620
0.2594 -0.0254 0.0849
0.2594 -0.0483 -0.0630
0.2594 -0.0795 -0.0714
0.2406 -0.0170 -0.0546
0.2406 -0.0254 -0.0401
-0.2625 -0.0139 0.2308
-0.2625 -0.0139 -0.1442
0.2625 -0.0830 -0.1556
0.2375 -0.0830 -0.1556
-0.2594 -0.0483 -0.0630
-0.2594 -0.0567 -0.0317
-0.2375 -0.0608 -0.0880
-0.2375 -0.0608 0.0448
0.2594 -0.0567 0.0308
0.2594 -0.0399 0.0308
-0.2406 -0.0170 0.1329
-0.2406 -0.0254 0.1474
-0.2406 -0.0483 -0.0630
-0.2406 -0.0254 -0.0859
0.2406 -0.0567 0.0933
0.2406 -0.0399 0.0933
0.2375 -0.0608 -0.1645
0.0792 -0.0608 -0.1645
-0.0792 -0.0608 -0.1645
0.0792 -0.0608 -0.1645
0.2625 -0.0207 -0.2339
0.2375 -0.0207 -0.2339
0.2594 -0.0170 -0.1880
0.2594 -0.0254 -0.1567
0.2594 -0.0483 0.1245
0.2594 -0.0712 0.1474
-0.2406 -0.0795 -0.1339
-0.2406 -0.0712 -0.1484
0.2406 -0.0795 0.1954
0.2406 -0.0795 0.1786
-0.2406 -0.0567 0.0308
-0.2594 -0.0567 0.0308
0.2594 -0.0170 -0.1880
0.2594 0.0142 -0.1796
-0.2594 -0.0254 -0.1567
-0.2594 -0.0087 -0.1567
0.2594 -0.0483 0.1245
0.2594 -0.0254 0.1474
0.2594 -0.0483 -0.0005
0.2594 -0.0795 -0.0089
0.2406 -0.0170 0.0079
0.2406 -0.0254 0.0224
-0.2594 -0.0483 -0.0005
-0.2594 -0.0567 0.0308
0.2375 -0.0170 0.1776
0.2375 -0.0170 0.0448
-0.2406 -0.0170 -0.1880
-0.2406 -0.0399 -0.2109
-0.2406 -0.0567 0.0933
-0.2406 -0.0399 0.0933
0.2594 -0.0483 0.1870
0.2594 -0.0399 0.1558
0.2625 -0.0827 0.2339
0.2625 -0.0827 0.2276
-0.2625 -0.0827 0.2276
-0.2375 -0.0827 0.2276
-0.2594 -0.0087 -0.2192
-0.2594 0.0058 -0.2109
0.2594 -0.0567 0.0933
0.2594 -0.0399 0.0933
0.0792 0.0830 0.0448
0.0792 0.0830 -0.0880
-0.2406 -0.0170 0.1954
-0.2406 -0.0254 0.2099
-0.2406 -0.0483 -0.0005
-0.2406 -0.0254 -0.0234
0.2406 -0.0567 0.1558
0.2406 -0.0399 0.1558
-0.2406 -0.0483 -0.1255
-0.2406 -0.0567 -0.0942
-0.2375 -0.0202 -0.2317
-0.0792 -0.0202 -0.2317
0.2594 -0.0483 -0.1255
0.2594 -0.0567 -0.0942
-0.2406 -0.0795 -0.0714
-0.2406 -0.0712 -0.0859
-0.2406 -0.0483 -0.1255
-0.2406 -0.0170 -0.1171
0.2375 -0.0170 0.2339
0.2375 -0.0608 0.2339
-0.2594 -0.0170 0.0536
-0.2594 -0.0170 0.0704
0.2594 -0.0483 -0.1255
0.2594 -0.0170 -0.1171
-0.2594 -0.0567 -0.0942
-0.2594 -0.0399 -0.0942
0.2594 -0.0483 0.0620
0.2594 -0.0795 0.0536
0.2406 -0.0170 0.0704
0.2406 -0.0254 0.0849
-0.2594 -0.0483 0.0620
-0.2594 -0.0567 0.0933
-0.2594 -0.0483 -0.1796
-0.2594 -0.0483 -0.1964
0.2594 -0.0483 -0.0630
0.2594 -0.0567 -0.0942
0.2406 -0.0483 -0.1964
0.2406 -0.0399 -0.2109
-0.2594 -0.0399 -0.1567
-0.2594 -0.0254 -0.1484
-0.2406 -0.0483 0.0620
-0.2406 -0.0254 0.0391
-0.2406 -0.0483 -0.0630
-0.2406 -0.0567 -0.0317
0.2406 -0.0567 0.2183
0.2406 -0.0399 0.2183
-0.2406 -0.0795 -0.0089
-0.2406 -0.0712 -0.0234
-0.2406 -0.0483 -0.0630
-0.2406 -0.0170 -0.0546
-0.2594 -0.0170 0.1161
-0.2594 -0.0170 0.1329
0.2406 -0.0399 0.0933
0.2594 -0.0399 0.0933
0.2594 -0.0170 -0.1880
0.2594 -0.0483 -0.1796
-0.2594 -0.0567 -0.0317
-0.2594 -0.0399 -0.0317
0.2594 -0.0483 0.1245
0.2594 -0.0795 0.1161
-0.2406 0.0058 -0.1651
-0.2406 -0.0087 -0.1567
-0.2594 -0.0483 0.1245
-0.2594 -0.0567 0.1558
-0.2594 -0.0795 -0.1171
-0.2594 -0.0795 -0.1339
0.2406 -0.0254 -0.2192
0.2594 -0.0254 -0.2192
0.2594 -0.0483 -0.0005
0.2594 -0.0567 -0.0317
0.2406 -0.0170 -0.1880
0.2406 0.0142 -0.1796
-0.2594 -0.0399 -0.0942
-0.2594 -0.0254 -0.0859
-0.2406 -0.0170 -0.1880
-0.2406 -0.0087 -0.2192
0.2625 -0.0764 0.2308
0.2625 -0.0827 0.2308
-0.2406 -0.0483 0.1245
-0.2406 -0.0254 0.1016
-0.2406 -0.0483 -0.0005
-0.2406 -0.0567 0.0308
0.2594 -0.0483 0.1870
0.2594 -0.0170 0.1786
-0.2625 -0.0827 0.2308
-0.2375 -0.0827 0.2308
-0.2375 0.0327 -0.1952
-0.2375 0.0278 -0.1991
-0.2406 -0.0567 0.1558
-0.2594 -0.0567 0.1558
-0.2406 -0.0795 0.0536
-0.2406 -0.0712 0.0391
-0.2406 -0.0483 -0.0005
-0.2406 -0.0170 0.0079
-0.2406 -0.0483 -0.1255
-0.2406 -0.0795 -0.1171
-0.2406 -0.0087 -0.2192
-0.2406 0.0058 -0.2109
-0.2594 -0.0170 0.1786
-0.2594 -0.0170 0.1954
0.2406 -0.0399 0.1558
0.2594 -0.0399 0.1558
0.2594 -0.0483 -0.1255
0.2594 -0.0795 -0.1171
-0.2594 -0.0567 0.0308
-0.2594 -0.0399 0.0308
-0.2406 -0.0254 -0.1026
-0.2406 -0.0399 -0.0942
-0.2406 -0.0483 -0.1255
-0.2406 -0.0399 -0.0942
-0.2594 -0.0483 0.1870
-0.2594 -0.0567 0.2183
-0.2594 -0.0795 -0.0546
-0.2594 -0.0795 -0.0714
0.2406 -0.0567 -0.1567
0.2594 -0.0567 -0.1567
0.2594 -0.0483 0.0620
0.2594 -0.0567 0.0308
-0.2594 -0.0399 -0.0317
-0.2594 -0.0254 -0.0234
-0.2406 -0.0712 0.2099
-0.2594 -0.0712 0.2099
-0.2406 -0.0483 0.0620
-0.2406 -0.0567 0.0933
0.2594 -0.0483 -0.0630
0.2594 -0.0254 -0.0859
0.0792 -0.0608 0.1776
0.0792 -0.0608 0.2339
0.2625 0.0256 -0.1900
0.2625 -0.0233 -0.2289
-0.2406 -0.0170 -0.0089
-0.2594 -0.0170 -0.0089
-0.2406 -0.0483 0.0620
-0.2406 -0.0170 0.0704
-0.2406 -0.0483 -0.0630
-0.2406 -0.0795 -0.0546
-0.2406 -0.0399 -0.1567
-0.2406 -0.0254 -0.1484
-0.2625 -0.0158 -0.2300
-0.2625 -0.0207 -0.2339
0.2406 -0.0399 0.2183
0.2594 -0.0399 0.2183
-0.2594 -0.0567 0.0933
-0.2594 -0.0399 0.0933
-0.2406 -0.0254 -0.0401
-0.2406 -0.0399 -0.0317
-0.2406 -0.0483 -0.0630
-0.2406 -0.0399 -0.0317
0.2375 -0.0170 -0.1270
0.0792 0.0830 -0.1270
-0.2594 -0.0795 0.0079
-0.2594 -0.0795 -0.0089
-0.2625 0.0327 -0.1952
-0.2375 0.0327 -0.1952
0.2406 -0.0567 -0.0942
0.2594 -0.0567 -0.0942
0.2594 -0.0483 0.1245
0.2594 -0.0567 0.0933
0.2406 -0.0170 -0.1880
0.2406 -0.0483 -0.1796
0.2625 -0.0189 -0.1404
0.2625 0.0278 -0.1991
-0.2406 -0.0483 0.1245
-0.2406 -0.0567 0.1558
0.2594 -0.0483 -0.0005
0.2594 -0.0254 -0.0234
0.2594 -0.0483 0.1870
0.2594 -0.0712 0.2099
0.2406 -0.0170 -0.1880
0.2406 -0.0087 -0.1567
-0.2406 -0.0567 0.0933
-0.2594 -0.0567 0.0933
0.2625 -0.0827 0.2339
0.2625 -0.0139 0.2339
-0.2406 -0.0170 0.0536
-0.2594 -0.0170 0.0536
-0.2406 -0.0483 0.1245
-0.2406 -0.0170 0.1329
-0.2406 -0.0483 -0.0005
-0.2406 -0.0795 0.0079
-0.2406 -0.0399 -0.0942
-0.2406 -0.0254 -0.0859
0.2594 -0.0483 0.1870
0.2594 -0.0254 0.2099
0.2406 -0.0483 -0.1255
0.2406 -0.0254 -0.1484
0.2375 -0.0830 -0.1556
0.2375 -0.0207 -0.2339
-0.2406 -0.0483 -0.0005
-0.2406 -0.0399 0.0308
-0.2406 -0.0483 -0.1255
-0.2406 -0.0712 -0.1484
-0.2406 -0.0483 0.1870
-0.2406 -0.0567 0.1558
0.2406 -0.0567 -0.0317
0.2594 -0.0567 -0.0317
0.2594 -0.0567 0.1558
0.2594 -0.0399 0.1558
0.2625 -0.0139 0.2308
0.2625 -0.0139 -0.1442
0.2594 -0.0483 0.0620
0.2594 -0.0254 0.0391
0.2594 -0.0483 -0.0630
0.2594 -0.0567 -0.0317
0.2406 -0.0483 -0.1964
0.2594 -0.0483 -0.1964
-0.2406 -0.0170 0.1161
-0.2594 -0.0170 0.1161
-0.2406 -0.0483 0.0620
-0.2406 -0.0795 0.0704
-0.2625 0.0295 -0.1949
-0.2375 0.0295 -0.1949
0.2406 -0.0170 0.1329
0.2406 -0.0254 0.1474
0.2406 -0.0483 -0.0630
0.2406 -0.0254 -0.0859
0.2594 -0.0712 0.2099
0.2594 -0.0795 0.1954
-0.2406 -0.0483 0.0620
-0.2406 -0.0399 0.0933
-0.2406 -0.0483 -0.0630
-0.2406 -0.0712 -0.0859
0.2406 -0.0795 -0.1339
0.2406 -0.0712 -0.1484
0.2406 -0.0567 0.0308
0.2594 -0.0567 0.0308
-0.2375 -0.0827 0.2276
-0.2375 -0.0139 0.2276
0.2594 -0.0170 -0.0089
0.2594 -0.0170 0.0079
-0.2625 -0.0194 -0.2338
-0.2375 -0.0194 -0.2338
0.2594 -0.0483 0.1245
0.2594 -0.0254 0.1016
0.2594 -0.0483 -0.0005
0.2594 -0.0567 0.0308
0.2406 -0.0170 -0.1880
0.2406 -0.0399 -0.2109
0.2406 -0.0567 0.0933
0.2406 -0.0399 0.0933
-0.2406 -0.0170 0.1786
-0.2594 -0.0170 0.1786
-0.2406 -0.0483 0.1245
-0.2406 -0.0795 0.1329
0.2594 -0.0087 -0.2192
0.2594 0.0058 -0.2109
0.2594 -0.0483 0.1870
0.2594 -0.0795 0.1786
0.2406 -0.0170 0.1954
0.2406 -0.0254 0.2099
0.2406 -0.0483 -0.0005
0.2406 -0.0254 -0.0234
0.2406 -0.0483 -0.1255
0.2406 -0.0567 -0.0942
-0.2406 -0.0483 0.1245
-0.2406 -0.0399 0.1558
-0.2406 -0.0483 -0.0005
-0.2406 -0.0712 -0.0234
0.2406 -0.0795 -0.0714
0.2406 -0.0712 -0.0859
0.2406 -0.0483 -0.1255
0.2406 -0.0170 -0.1171
-0.2406 -0.0087 -0.2192
-0.2594 -0.0087 -0.2192
-0.2375 0.0295 -0.1949
-0.2375 0.0256 -0.1900
0.2594 -0.0170 0.0536
0.2594 -0.0170 0.0704
0.2625 -0.0139 0.2276
0.2375 -0.0139 0.2276
-0.2406 -0.0483 0.1870
-0.2406 -0.0254 0.1641
-0.0792 -0.0608 0.1776
0.0792 -0.0608 0.1776
0.2594 -0.0483 0.0620
0.2594 -0.0567 0.0933
0.2406 -0.0567 0.1558
0.2406 -0.0399 0.1558
0.2594 -0.0399 -0.1567
0.2594 -0.0254 -0.1484
0.2406 -0.0483 0.0620
0.2406 -0.0254 0.0391
0.2406 -0.0483 -0.0630
0.2406 -0.0567 -0.0317
-0.2406 -0.0483 0.0620
-0.2406 -0.0712 0.0391
0.2406 -0.0795 -0.0089
0.2406 -0.0712 -0.0234
0.2406 -0.0483 -0.0630
0.2406 -0.0170 -0.0546
-0.2406 -0.0399 -0.1567
-0.2594 -0.0399 -0.1567
0.2594 -0.0170 0.1161
0.2594 -0.0170 0.1329
0.2594 -0.0567 -0.0317
0.2594 -0.0399 -0.0317
0.2375 -0.0170 -0.0880
0.2375 -0.0608 -0.0880
-0.2594 -0.0254 -0.1567
-0.2594 -0.0399 -0.1651
0.2594 -0.0483 0.1245
0.2594 -0.0567 0.1558
0.2594 -0.0795 -0.1171
0.2594 -0.0795 -0.1339
0.2375 -0.0202 -0.2317
0.0792 -0.0202 -0.2317
0.2594 -0.0399 -0.0942
0.2594 -0.0254 -0.0859
-0.2594 -0.0567 0.1558
-0.2594 -0.0399 0.1558
0.2406 -0.0712 0.1474
0.2594 -0.0712 0.1474
0.2406 -0.0170 -0.1880
0.2406 -0.0087 -0.2192
0.2406 -0.0483 -0.0005
0.2406 -0.0567 0.0308
0.2625 -0.0827 0.2308
0.2375 -0.0827 0.2308
-0.2594 -0.0795 0.0704
-0.2594 -0.0795 0.0536
-0.2406 -0.0483 0.1245
-0.2406 -0.0712 0.1016
0.2594 -0.0483 0.1870
0.2594 -0.0567 0.1558
0.2406 -0.0795 0.0536
0.2406 -0.0712 0.0391
0.2406 -0.0483 -0.0005
0.2406 -0.0170 0.0079
0.2406 -0.0483 -0.1255
0.2406 -0.0795 -0.1171
-0.2406 -0.0567 0.0308
-0.2406 -0.0399 0.0308
0.2594 -0.0170 0.1786
0.2594 -0.0170 0.1954
0.2594 -0.0254 -0.1567
0.2594 -0.0087 -0.1567
-0.2406 -0.0399 -0.0942
-0.2594 -0.0399 -0.0942
-0.2406 -0.0483 0.1870
-0.2406 -0.0567 0.2183
0.2594 -0.0567 0.0308
0.2594 -0.0399 0.0308
-0.2594 -0.0170 -0.1171
-0.2594 -0.0254 -0.1026
0.2406 -0.0254 -0.1026
0.2406 -0.0399 -0.0942
0.2406 -0.0483 -0.1255
0.2406 -0.0399 -0.0942
0.2625 -0.0827 -0.1567
0.2375 -0.0827 -0.1567
-0.2594 -0.0567 -0.0942
-0.2594 -0.0712 -0.1026
0.2594 -0.0795 -0.0546
0.2594 -0.0795 -0.0714
-0.2375 -0.0140 -0.1365
-0.2375 0.0327 -0.1952
-0.2406 -0.0483 0.1870
-0.2406 -0.0170 0.1954
-0.2406 -0.0399 -0.0317
-0.2406 -0.0254 -0.0234
0.2594 -0.0399 -0.0317
0.2594 -0.0254 -0.0234
-0.2594 -0.0567 0.2183
-0.2594 -0.0399 0.2183
0.2406 -0.0712 0.2099
0.2594 -0.0712 0.2099
0.2406 -0.0483 0.0620
0.2406 -0.0567 0.0933
-0.2594 -0.0795 0.1329
-0.2594 -0.0795 0.1161
0.2406 -0.0170 -0.0089
0.2594 -0.0170 -0.0089
-0.2406 -0.0399 -0.2109
-0.2406 -0.0254 -0.2192
0.2406 -0.0483 0.0620
0.2406 -0.0170 0.0704
0.2406 -0.0483 -0.0630
0.2406 -0.0795 -0.0546
-0.2406 -0.0567 0.0933
-0.2406 -0.0399 0.0933
-0.2594 -0.0170 -0.0546
-0.2594 -0.0254 -0.0401
0.2625 -0.0158 -0.2300
0.2625 -0.0207 -0.2339
0.2594 -0.0567 -0.0942
0.2594 -0.0399 -0.0942
-0.2375 -0.0608 0.1776
-0.0792 -0.0608 0.1776
0.2406 -0.0483 -0.0630
0.2406 -0.0399 -0.0317
0.2406 -0.0483 0.1245
0.2406 -0.0567 0.0933
-0.2594 -0.0567 -0.0317
-0.2594 -0.0712 -0.0401
0.2594 -0.0795 0.0079
0.2594 -0.0795 -0.0089
0.2625 0.0327 -0.1952
0.2375 0.0327 -0.1952
-0.2594 -0.0170 -0.1880
-0.2594 0.0142 -0.1796
-0.2406 -0.0399 0.0308
-0.2406 -0.0254 0.0391
0.2375 -0.0170 -0.1270
0.2375 -0.0608 -0.1645
0.2375 -0.0170 -0.0880
0.2375 -0.0170 0.0448
-0.2406 -0.0254 -0.1567
-0.2406 -0.0399 -0.1651
-0.2594 -0.0795 0.1954
-0.2594 -0.0795 0.1786
0.2406 -0.0567 0.0933
0.2594 -0.0567 0.0933
0.2406 -0.0170 0.0536
0.2594 -0.0170 0.0536
0.2625 -0.0189 -0.1404
0.2375 -0.0189 -0.1404
0.2406 -0.0483 -0.0005
0.2406 -0.0795 0.0079
-0.2406 -0.0567 0.1558
-0.2406 -0.0399 0.1558
-0.2406 -0.0712 -0.1484
-0.2406 -0.0567 -0.1567
-0.2594 -0.0170 0.0079
-0.2594 -0.0254 0.0224
-0.0792 0.0830 -0.1270
-0.0792 0.0330 -0.1974
0.2406 0.0058 -0.1651
0.2406 -0.0087 -0.1567
0.2406 -0.0483 -0.0005
0.2406 -0.0399 0.0308
0.2406 -0.0483 -0.1255
0.2406 -0.0712 -0.1484
0.2406 -0.0483 0.1870
0.2406 -0.0567 0.1558
-0.2594 -0.0567 0.0308
-0.2594 -0.0712 0.0224
-0.2625 -0.0139 0.2339
-0.2625 -0.0139 0.2276
-0.2625 -0.0781 -0.1517
-0.2625 -0.0158 -0.2300
-0.2594 -0.0483 -0.1255
-0.2594 -0.0170 -0.1171
-0.2406 -0.0483 0.1870
-0.2406 -0.0795 0.1954
-0.2406 -0.0399 0.0933
-0.2406 -0.0254 0.1016
-0.2375 0.0295 -0.1949
-0.2375 -0.0194 -0.2338
0.0792 0.0830 -0.1270
0.0792 0.0330 -0.1974
-0.2406 -0.0795 0.0079
-0.2594 -0.0795 0.0079
-0.2375 -0.0608 0.0448
-0.0792 -0.0608 0.0448
-0.2406 -0.0567 -0.0942
-0.2406 -0.0712 -0.1026
0.2375 0.0327 -0.1952
0.2375 0.0278 -0.1991
0.2406 -0.0567 0.1558
0.2594 -0.0567 0.1558
-0.2406 0.0142 -0.1796
-0.2594 0.0142 -0.1796
0.2406 -0.0170 0.1161
0.2594 -0.0170 0.1161
0.2625 -0.0139 0.2308
0.2375 -0.0139 0.2308
0.2406 -0.0483 0.0620
0.2406 -0.0795 0.0704
0.2625 0.0295 -0.1949
0.2375 0.0295 -0.1949
-0.2406 -0.0567 0.2183
-0.2406 -0.0399 0.2183
-0.2594 -0.0170 0.0704
-0.2594 -0.0254 0.0849
-0.2406 -0.0712 -0.0859
-0.2406 -0.0567 -0.0942
-0.2375 -0.0608 0.1776
-0.2375 -0.0608 0.0448
0.2406 -0.0483 0.0620
0.2406 -0.0399 0.0933
0.2406 -0.0483 -0.0630
0.2406 -0.0712 -0.0859
-0.2594 -0.0567 0.0933
-0.2594 -0.0712 0.0849
-0.2594 -0.0483 -0.1964
-0.2594 -0.0399 -0.2109
0.2375 -0.0827 0.2276
0.2375 -0.0139 0.2276
-0.2406 -0.0399 0.1558
-0.2406 -0.0254 0.1641
0.2406 -0.0483 0.1245
0.2406 -0.0254 0.1016
0.2625 -0.0194 -0.2338
0.2375 -0.0194 -0.2338
-0.2594 -0.0254 -0.1484
-0.2594 -0.0170 -0.1339
-0.2406 -0.0795 0.0704
-0.2594 -0.0795 0.0704
-0.2594 -0.0170 -0.1880
-0.2594 -0.0087 -0.1567
-0.2406 -0.0567 -0.0317
-0.2406 -0.0712 -0.0401
-0.2375 -0.0608 0.2339
-0.2375 -0.0608 0.1776
0.0792 -0.0608 -0.1645
0.0792 -0.0608 -0.0880
-0.0792 0.0830 0.0448
-0.0792 0.0830 0.1776
-0.2406 -0.0170 -0.1171
-0.2594 -0.0170 -0.1171
0.2406 -0.0170 0.1786
0.2594 -0.0170 0.1786
0.2406 -0.0170 -0.1880
0.2406 -0.0399 -0.1651
-0.2625 -0.0764 0.2308
-0.2625 -0.0827 0.2308
0.2375 -0.0170 0.1776
0.0792 0.0830 0.1776
-0.2594 -0.0170 0.1329
-0.2594 -0.0254 0.1474
-0.0792 -0.0608 -0.0880
-0.0792 -0.0608 0.0448
-0.2375 -0.0608 -0.1645
-0.2375 -0.0170 -0.1270
0.2406 -0.0483 -0.0005
0.2406 -0.0712 -0.0234
-0.2594 -0.0795 -0.1339
-0.2594 -0.0712 -0.1484
0.2406 -0.0087 -0.2192
0.2594 -0.0087 -0.2192
0.2406 -0.0483 -0.1255
0.2406 -0.0399 -0.1567
-0.2625 -0.0764 -0.1567
-0.2625 -0.0827 -0.1567
0.2406 -0.0483 0.1870
0.2406 -0.0254 0.1641
-0.2406 -0.0795 0.1329
-0.2594 -0.0795 0.1329
-0.2594 -0.0483 -0.1255
-0.2594 -0.0399 -0.0942
-0.2406 -0.0399 -0.0317
-0.2594 -0.0399 -0.0317
-0.2406 -0.0170 -0.0546
-0.2594 -0.0170 -0.0546
-0.2406 0.0058 -0.2109
-0.2406 0.0142 -0.1964
-0.2594 -0.0483 -0.0630
-0.2594 -0.0254 -0.0859
0.2594 -0.0567 0.0933
0.2594 -0.0399 0.0933
0.2406 -0.0254 -0.0401
0.2406 -0.0399 -0.0317
-0.2625 -0.0202 0.2308
-0.2625 -0.0202 -0.1442
-0.2625 0.0256 -0.1900
-0.2625 -0.0233 -0.2289
0.2406 -0.0483 0.0620
0.2406 -0.0712 0.0391
0.2406 -0.0399 -0.1567
0.2594 -0.0399 -0.1567
0.2594 -0.0399 0.0308
0.2594 -0.0254 0.0391
0.2406 -0.0483 -0.0630
0.2406 -0.0399 -0.0942
-0.2594 0.0058 -0.2109
-0.2594 0.0142 -0.1964
0.2406 -0.0483 0.1245
0.2406 -0.0567 0.1558
0.2375 -0.0827 0.2308
0.2375 -0.0827 -0.1567
-0.2406 -0.0795 0.1954
-0.2594 -0.0795 0.1954
-0.2594 -0.0170 -0.1880
-0.2594 -0.0399 -0.2109
0.0792 -0.0608 0.2339
0.0792 -0.0170 0.2339
0.2406 -0.0483 0.1245
0.2406 -0.0170 0.1329
-0.2406 -0.0399 0.0308
-0.2594 -0.0399 0.0308
-0.2406 -0.0170 0.0079
-0.2594 -0.0170 0.0079
-0.2594 -0.0483 -0.0005
-0.2594 -0.0254 -0.0234
0.2594 -0.0567 0.1558
0.2594 -0.0399 0.1558
0.2406 -0.0254 0.0224
0.2406 -0.0399 0.0308
-0.2406 -0.0254 -0.1567
-0.2594 -0.0254 -0.1567
-0.2625 -0.0140 -0.1365
-0.2625 -0.0189 -0.1404
-0.2625 -0.0827 0.2339
-0.2625 -0.0139 0.2339
0.2594 -0.0795 0.0704
0.2594 -0.0795 0.0536
-0.0792 0.0830 -0.1270
0.0792 0.0830 -0.1270
0.2406 -0.0399 -0.0942
0.2594 -0.0399 -0.0942
0.2594 -0.0170 -0.1171
0.2594 -0.0254 -0.1026
0.2406 -0.0483 0.1870
0.2406 -0.0567 0.2183
0.2406 0.0058 -0.1651
0.2594 0.0058 -0.1651
-0.2375 -0.0608 -0.1645
-0.0792 -0.0608 -0.1645
0.2375 -0.0140 -0.1365
0.2375 0.0327 -0.1952
-0.2594 -0.0483 -0.1255
-0.2594 -0.0712 -0.1484
-0.2594 -0.0567 0.1558
-0.2594 -0.0399 0.1558
0.2406 -0.0483 0.1870
0.2406 -0.0170 0.1954
0.2406 -0.0399 -0.0317
0.2406 -0.0254 -0.0234
-0.2406 -0.0399 0.0933
-0.2594 -0.0399 0.0933
-0.2406 -0.0170 0.0704
-0.2594 -0.0170 0.0704
-0.2594 -0.0483 0.0620
-0.2594 -0.0254 0.0391
0.2594 -0.0567 0.2183
0.2594 -0.0399 0.2183
0.2406 -0.0254 0.0849
0.2406 -0.0399 0.0933
-0.2406 -0.0567 -0.0942
-0.2594 -0.0567 -0.0942
-0.2406 -0.0483 -0.1964
-0.2594 -0.0483 -0.1964
0.2594 -0.0795 0.1329
0.2594 -0.0795 0.1161
-0.2594 -0.0483 -0.0630
-0.2594 -0.0170 -0.0546
0.2594 -0.0170 -0.0546
0.2594 -0.0254 -0.0401
-0.2375 -0.0170 -0.0880
-0.2375 -0.0170 -0.1270
0.2594 -0.0567 -0.0317
0.2594 -0.0712 -0.0401
0.2406 -0.0483 0.1245
0.2406 -0.0795 0.1329
0.2406 -0.0399 0.0308
0.2406 -0.0254 0.0391
-0.2406 -0.0399 0.1558
-0.2594 -0.0399 0.1558
-0.2594 -0.0170 -0.1880
-0.2594 -0.0087 -0.2192
-0.2594 -0.0483 0.1245
-0.2594 -0.0254 0.1016
0.2406 -0.0254 0.1474
0.2406 -0.0399 0.1558
0.2406 -0.0254 -0.1567
0.2406 -0.0399 -0.1651
-0.2406 -0.0567 -0.0317
-0.2594 -0.0567 -0.0317
0.2594 -0.0795 0.1954
0.2594 -0.0795 0.1786
-0.2594 -0.0483 -0.0005
-0.2594 -0.0170 0.0079
0.2375 0.0295 -0.1949
0.2375 0.0256 -0.1900
-0.2625 -0.0764 0.2308
-0.2625 -0.0764 -0.1567
0.2594 -0.0170 0.0079
0.2594 -0.0254 0.0224
-0.2406 -0.0567 0.0308
-0.2406 -0.0712 0.0224
-0.0792 -0.0608 -0.0880
0.0792 -0.0608 -0.0880
0.2594 -0.0254 -0.1567
0.2594 -0.0399 -0.1651
0.2594 -0.0567 0.0308
0.2594 -0.0712 0.0224
0.2625 -0.0139 0.2339
0.2625 -0.0139 0.2276
0.2625 -0.0781 -0.1517
0.2625 -0.0158 -0.2300
0.2406 -0.0483 0.1870
0.2406 -0.0795 0.1954
0.2406 -0.0399 0.0933
0.2406 -0.0254 0.1016
-0.2594 -0.0170 0.1954
-0.2594 -0.0254 0.2099
-0.2594 -0.0483 -0.1255
-0.2594 -0.0399 -0.1567
-0.2594 -0.0483 0.1870
-0.2594 -0.0254 0.1641
-0.2375 -0.0170 0.1776
-0.2375 -0.0608 0.1776
0.2406 -0.0795 0.0079
0.2594 -0.0795 0.0079
0.2406 -0.0254 0.2099
0.2406 -0.0399 0.2183
0.2406 -0.0567 -0.0942
0.2406 -0.0712 -0.1026
-0.2594 -0.0795 -0.0714
-0.2594 -0.0712 -0.0859
-0.2594 -0.0483 0.0620
-0.2594 -0.0170 0.0704
-0.2594 -0.0483 -0.0630
-0.2594 -0.0795 -0.0546
0.2406 0.0142 -0.1796
0.2594 0.0142 -0.1796
-0.2406 0.0058 -0.2109
-0.2594 0.0058 -0.2109
0.2594 -0.0170 0.0704
0.2594 -0.0254 0.0849
-0.2594 -0.0483 -0.0630
-0.2594 -0.0399 -0.0317
-0.2406 -0.0567 0.0933
-0.2406 -0.0712 0.0849
-0.0792 -0.0608 0.2339
0.0792 -0.0608 0.2339
0.2594 -0.0567 -0.0942
0.2594 -0.0712 -0.1026
0.2594 -0.0483 -0.1964
0.2594 -0.0399 -0.2109
-0.2375 -0.0170 -0.0880
-0.2375 -0.0170 0.0448
-0.2406 -0.0254 -0.1484
-0.2406 -0.0170 -0.1339
0.2406 -0.0399 0.1558
0.2406 -0.0254 0.1641
-0.2375 -0.0170 0.2339
-0.0792 -0.0170 0.2339
0.2406 -0.0795 0.0704
0.2594 -0.0795 0.0704
0.2594 -0.0170 -0.1880
0.2594 -0.0087 -0.1567
0.2406 -0.0483 0.1245
0.2406 -0.0712 0.1016
0.2406 -0.0567 -0.0317
0.2406 -0.0712 -0.0401
-0.2594 -0.0795 -0.0089
-0.2594 -0.0712 -0.0234
-0.2594 -0.0170 -0.1880
-0.2594 0.0142 -0.1964
-0.2625 0.0278 -0.1991
-0.2375 0.0278 -0.1991
-0.2594 -0.0483 0.1245
-0.2594 -0.0170 0.1329
0.2406 -0.0399 -0.2109
0.2406 -0.0254 -0.2192
0.2406 -0.0170 -0.1171
0.2594 -0.0170 -0.1171
-0.2594 0.0058 -0.1651
-0.2594 -0.0087 -0.1567
