0.0691 0.5176 -0.1715
0.0984 0.5176 -0.2223
-0.2004 0.4375 -0.2008
-0.2297 0.3281 -0.1930
0.1203 -0.5469 -0.3828
0.1203 -0.4156 -0.4703
-0.1711 0.3281 -0.4117
-0.2297 0.3281 -0.3102
-0.1203 0.5176 -0.2809
-0.2004 0.4375 -0.3023
0.1859 0.0059 0.0766
0.1859 -0.0059 0.0766
0.2078 0.3281 -0.3102
0.1785 0.2188 -0.3023
-0.0695 0.3281 -0.4703
-0.1711 0.3281 -0.4117
-0.0109 0.1094 -0.2516
0.0984 0.1387 -0.2223
0.2078 0.0000 0.0766
0.2137 -0.0219 0.0766
-0.1422 -0.5469 -0.1203
-0.1422 -0.5469 -0.3828
0.2297 -0.0219 -0.4047
0.1859 -0.0219 -0.4047
0.1785 0.2188 -0.2008
0.0984 0.1387 -0.2223
-0.1496 0.2188 -0.3902
-0.2004 0.2188 -0.3023
0.2078 -0.0219 -0.1203
0.2078 -0.4156 -0.1203
0.2078 0.0000 -0.1422
0.1918 0.0160 -0.1422
0.2020 0.0219 -0.1422
0.2020 0.0219 0.0766
0.2297 -0.0656 0.4703
0.1859 -0.0656 0.4703
0.0984 0.5176 -0.2223
0.0984 0.5176 -0.2809
0.1859 -0.0437 0.2297
0.1859 -0.0437 0.0984
0.2297 -0.0437 -0.2953
0.2297 -0.2188 -0.2953
0.2238 0.0160 -0.1422
0.2238 0.0160 0.0766
0.1277 0.4375 -0.1129
0.1785 0.4375 -0.2008
-0.2297 0.3281 -0.1930
-0.2004 0.2188 -0.2008
-0.0109 0.5469 -0.2516
0.0691 0.5176 -0.1715
0.1859 -0.0219 0.4703
0.1859 -0.0656 0.4703
0.2078 0.0000 0.0766
0.2238 -0.0160 0.0766
0.2078 -0.4156 -0.1203
0.2078 -0.4156 -0.3828
0.0477 0.3281 -0.0328
0.1492 0.3281 -0.0914
0.2078 0.3281 -0.1930
0.2078 0.3281 -0.3102
-0.0109 0.1094 -0.2516
-0.0402 0.1387 -0.3609
0.1203 0.1094 -0.1203
-0.1422 0.1094 -0.1203
-0.2004 0.2188 -0.2008
-0.1203 0.1387 -0.2223
0.2297 -0.0219 0.4703
0.2297 -0.0656 0.4703
-0.1422 -0.5469 -0.3828
-0.1422 -0.4156 -0.4703
0.2078 -0.0219 -0.1203
0.2078 -0.0219 -0.3828
-0.0910 0.1387 -0.3316
-0.1203 0.1387 -0.2809
0.2078 0.0000 -0.1422
0.1859 0.0059 -0.1422
0.1859 -0.0059 -0.1422
0.1859 -0.0059 0.0766
-0.0109 0.5469 -0.2516
-0.0910 0.5176 -0.3316
0.1859 -0.0219 -0.4047
0.1859 -0.0656 -0.4047
0.2297 0.0059 -0.1422
0.2238 0.0160 -0.1422
0.2297 -0.0656 -0.4047
0.1859 -0.0656 -0.4047
-0.1203 0.5176 -0.2223
-0.2004 0.4375 -0.2008
0.2078 -0.4156 -0.3828
0.2078 -0.0219 -0.3828
0.2297 -0.0437 -0.2953
0.1859 -0.0437 -0.2953
0.0691 0.5176 -0.3316
0.1277 0.4375 -0.3902
-0.0910 0.5176 -0.3316
-0.1203 0.5176 -0.2809
-0.1203 0.5176 -0.2223
-0.0109 0.5469 -0.2516
-0.2004 0.4375 -0.2008
-0.1496 0.4375 -0.1129
0.0984 0.5176 -0.2809
0.1785 0.4375 -0.3023
0.2238 -0.0160 -0.1422
0.2297 -0.0059 -0.1422
-0.0109 0.1094 -0.2516
0.0691 0.1387 -0.1715
0.2078 0.3281 -0.3102
0.1492 0.3281 -0.4117
0.1859 -0.1312 0.2297
0.1859 -0.1312 0.0984
0.1785 0.4375 -0.2008
0.2078 0.3281 -0.1930
0.2078 0.0000 -0.1422
0.2137 -0.0219 -0.1422
0.1277 0.4375 -0.3902
0.1492 0.3281 -0.4117
-0.1422 -0.5469 -0.3828
-0.2297 -0.4156 -0.3828
0.1785 0.2188 -0.2008
0.1785 0.2188 -0.3023
0.2297 -0.0219 0.4703
0.1859 -0.0219 0.4703
0.2238 -0.0160 0.0766
0.2297 -0.0059 0.0766
0.2297 -0.2188 -0.2953
0.1859 -0.2188 -0.2953
0.2078 0.0000 -0.1422
0.1859 -0.0059 -0.1422
0.2078 0.0000 0.0766
0.1859 0.0059 0.0766
0.0691 0.1387 -0.1715
0.0984 0.1387 -0.2223
-0.0109 0.1094 -0.2516
-0.1203 0.1387 -0.2223
0.2137 -0.0219 0.0766
0.2020 -0.0219 0.0766
-0.0402 0.5176 -0.1422
-0.0617 0.4375 -0.0621
-0.2297 0.3281 -0.1930
-0.1711 0.3281 -0.0914
0.1859 -0.0437 -0.2953
0.1859 -0.2188 -0.2953
0.1918 -0.0160 -0.1422
0.1918 -0.0160 0.0766
0.2020 0.0219 0.0766
0.1918 0.0160 0.0766
0.1859 -0.0656 0.4703
0.1859 -0.0656 -0.4047
-0.2297 -0.4156 -0.3828
-0.2297 -0.0219 -0.3828
-0.1496 0.4375 -0.1129
-0.1711 0.3281 -0.0914
0.2078 -0.0219 -0.1203
0.1203 0.1094 -0.1203
0.2078 0.0000 -0.1422
0.2238 -0.0160 -0.1422
0.1492 0.3281 -0.4117
0.1277 0.2188 -0.3902
0.0398 0.4375 -0.0621
-0.0617 0.4375 -0.0621
0.2238 0.0160 0.0766
0.2137 0.0219 0.0766
-0.2004 0.2188 -0.2008
-0.1496 0.2188 -0.1129
0.1859 0.0059 -0.1422
0.1859 0.0059 0.0766
-0.0109 0.5469 -0.2516
-0.0402 0.5176 -0.3609
0.2297 -0.0059 -0.1422
0.2297 0.0059 -0.1422
-0.2004 0.4375 -0.3023
-0.2004 0.4375 -0.2008
0.2078 0.0000 -0.1422
0.1918 -0.0160 -0.1422
-0.1203 0.5176 -0.2223
-0.1203 0.5176 -0.2809
0.2078 0.0000 0.0766
0.1859 -0.0059 0.0766
0.2297 -0.0656 0.4703
0.2297 -0.0656 -0.4047
0.2297 -0.2188 -0.4266
0.1859 -0.2188 -0.4266
0.1785 0.2188 -0.3023
0.0984 0.1387 -0.2809
-0.1203 0.5176 -0.2223
-0.0910 0.5176 -0.1715
0.2297 -0.0059 0.0766
0.2297 0.0059 0.0766
0.0398 0.2188 -0.4410
0.0184 0.1387 -0.3609
0.2020 -0.0219 -0.1422
0.2020 -0.0219 0.0766
0.0691 0.5176 -0.3316
0.0184 0.5176 -0.3609
0.1277 0.2188 -0.3902
0.0691 0.1387 -0.3316
0.2137 -0.0219 -0.1422
0.2238 -0.0160 -0.1422
-0.0109 0.1094 -0.2516
0.0184 0.1387 -0.1422
0.0984 0.5176 -0.2809
0.0691 0.5176 -0.3316
-0.0617 0.4375 -0.0621
-0.0695 0.3281 -0.0328
0.2137 0.0219 -0.1422
0.2020 0.0219 -0.1422
0.1859 -0.0437 -0.4266
0.1859 -0.2188 -0.4266
0.1785 0.4375 -0.3023
0.1277 0.4375 -0.3902
-0.1422 0.1094 -0.1203
-0.2297 -0.0219 -0.1203
-0.1422 -0.4156 -0.0328
-0.1422 -0.0219 -0.0328
0.2078 -0.4156 -0.1203
0.1203 -0.4156 -0.0328
0.1785 0.4375 -0.2008
0.1785 0.4375 -0.3023
0.1277 0.4375 -0.3902
0.0398 0.4375 -0.4410
-0.1711 0.3281 -0.0914
-0.1496 0.2188 -0.1129
0.2078 0.0000 -0.1422
0.2297 -0.0059 -0.1422
-0.0910 0.1387 -0.1715
-0.0402 0.1387 -0.1422
-0.0695 0.3281 -0.0328
-0.0617 0.2188 -0.0621
0.2297 -0.0437 -0.4266
0.2297 -0.2188 -0.4266
-0.1203 0.1387 -0.2223
-0.0910 0.1387 -0.1715
0.2078 0.0000 -0.1422
0.2020 -0.0219 -0.1422
-0.1422 -0.4156 -0.4703
-0.1422 -0.0219 -0.4703
0.1492 0.3281 -0.0914
0.2078 0.3281 -0.1930
0.2078 0.0000 0.0766
0.1918 -0.0160 0.0766
0.0398 0.2188 -0.0621
-0.0617 0.2188 -0.0621
0.1203 -0.5469 -0.3828
-0.1422 -0.5469 -0.3828
-0.1496 0.2188 -0.1129
-0.0910 0.1387 -0.1715
-0.0910 0.5176 -0.1715
-0.0402 0.5176 -0.1422
0.1203 0.1094 -0.1203
0.1203 -0.0219 -0.0328
0.2137 0.0219 0.0766
0.2020 0.0219 0.0766
0.1859 -0.0219 0.4703
0.1859 -0.0219 -0.4047
0.1203 0.1094 -0.3828
-0.1422 0.1094 -0.3828
0.2137 -0.0219 -0.1422
0.2020 -0.0219 -0.1422
0.0184 0.5176 -0.3609
0.0398 0.4375 -0.4410
0.0184 0.1387 -0.1422
-0.0402 0.1387 -0.1422
-0.1496 0.4375 -0.1129
-0.0617 0.4375 -0.0621
0.2297 0.0059 0.0766
0.2238 0.0160 0.0766
-0.0402 0.5176 -0.3609
-0.0617 0.4375 -0.4410
0.2078 0.0000 -0.1422
0.2297 0.0059 -0.1422
0.2078 0.0000 0.0766
0.2297 -0.0059 0.0766
-0.0109 0.5469 -0.2516
0.0184 0.5176 -0.3609
0.1492 0.3281 -0.4117
0.0477 0.3281 -0.4703
0.2297 -0.0219 0.4703
0.2297 -0.0219 -0.4047
0.2297 -0.0437 -0.4266
0.1859 -0.0437 -0.4266
0.0184 0.5176 -0.1422
-0.0402 0.5176 -0.1422
0.1859 -0.0437 0.2297
0.1859 -0.1312 0.2297
0.2078 0.0000 0.0766
0.2020 -0.0219 0.0766
0.0398 0.4375 -0.4410
0.0477 0.3281 -0.4703
0.0398 0.2188 -0.0621
0.0184 0.1387 -0.1422
0.1785 0.2188 -0.3023
0.1277 0.2188 -0.3902
0.0398 0.2188 -0.4410
-0.0617 0.2188 -0.4410
0.2238 0.0160 -0.1422
0.2137 0.0219 -0.1422
0.2297 -0.0437 0.2297
0.2297 -0.1312 0.2297
0.2238 -0.0160 -0.1422
0.2238 -0.0160 0.0766
-0.0109 0.5469 -0.2516
0.0184 0.5176 -0.1422
0.0984 0.1387 -0.2223
0.0984 0.1387 -0.2809
0.0691 0.1387 -0.3316
0.0184 0.1387 -0.3609
0.1203 -0.4156 -0.0328
0.1203 -0.0219 -0.0328
-0.2297 -0.4156 -0.3828
-0.1422 -0.4156 -0.4703
0.1203 0.1094 -0.3828
0.2078 -0.0219 -0.3828
-0.1422 0.1094 -0.3828
-0.2297 -0.0219 -0.3828
0.0984 0.1387 -0.2809
0.0691 0.1387 -0.3316
-0.1711 0.3281 -0.0914
-0.0695 0.3281 -0.0328
0.2078 0.0000 -0.1422
0.2238 0.0160 -0.1422
-0.1422 0.1094 -0.1203
-0.1422 -0.0219 -0.0328
0.2078 0.0000 0.0766
0.2297 0.0059 0.0766
0.2297 -0.0437 0.0984
0.2297 -0.1312 0.0984
-0.0109 0.1094 -0.2516
0.0184 0.1387 -0.3609
0.1859 -0.0059 -0.1422
0.1918 -0.0160 -0.1422
0.1203 -0.4156 -0.4703
0.1203 -0.0219 -0.4703
-0.2297 -0.4156 -0.1203
-0.2297 -0.4156 -0.3828
0.0184 0.5176 -0.1422
0.0398 0.4375 -0.0621
0.0477 0.3281 -0.4703
0.0398 0.2188 -0.4410
0.1918 0.0160 -0.1422
0.1859 0.0059 -0.1422
-0.1711 0.3281 -0.4117
-0.1496 0.2188 -0.3902
-0.1496 0.2188 -0.1129
-0.0617 0.2188 -0.0621
0.1203 -0.5469 -0.1203
-0.1422 -0.5469 -0.1203
0.0184 0.1387 -0.3609
-0.0402 0.1387 -0.3609
0.2297 -0.0437 0.2297
0.1859 -0.0437 0.2297
0.0477 0.3281 -0.0328
-0.0695 0.3281 -0.0328
-0.0617 0.2188 -0.4410
-0.0402 0.1387 -0.3609
0.0184 0.5176 -0.3609
-0.0402 0.5176 -0.3609
0.1203 0.1094 -0.3828
0.1203 -0.0219 -0.4703
-0.2297 0.3281 -0.3102
-0.2297 0.3281 -0.1930
0.1918 0.0160 0.0766
0.1859 0.0059 0.0766
-0.0109 0.5469 -0.2516
0.0691 0.5176 -0.3316
0.2078 0.0000 -0.1422
0.2137 0.0219 -0.1422
0.2297 -0.0437 0.0984
0.1859 -0.0437 0.0984
0.2078 0.0000 0.0766
0.2238 0.0160 0.0766
-0.2297 -0.0219 -0.1203
-0.2297 -0.0219 -0.3828
0.0398 0.4375 -0.0621
0.0477 0.3281 -0.0328
-0.2297 -0.4156 -0.1203
-0.1422 -0.4156 -0.0328
0.0398 0.4375 -0.4410
-0.0617 0.4375 -0.4410
0.2078 -0.0219 -0.1203
0.1203 -0.0219 -0.0328
0.0398 0.2188 -0.0621
0.1277 0.2188 -0.1129
0.2137 -0.0219 -0.1422
0.2137 -0.0219 0.0766
-0.0109 0.1094 -0.2516
-0.0402 0.1387 -0.1422
0.2297 -0.0437 -0.2953
0.2297 -0.0437 -0.4266
0.1918 -0.0160 -0.1422
0.2020 -0.0219 -0.1422
0.0477 0.3281 -0.0328
0.0398 0.2188 -0.0621
-0.0617 0.2188 -0.0621
-0.0402 0.1387 -0.1422
0.1859 -0.2188 -0.2953
0.1859 -0.2188 -0.4266
-0.2004 0.2188 -0.3023
-0.2004 0.2188 -0.2008
0.1859 0.0059 -0.1422
0.1859 -0.0059 -0.1422
-0.0109 0.1094 -0.2516
0.0691 0.1387 -0.3316
-0.1422 -0.5469 -0.1203
-0.2297 -0.4156 -0.1203
0.2078 0.0000 0.0766
0.2137 0.0219 0.0766
0.2297 -0.1312 0.2297
0.1859 -0.1312 0.2297
0.1203 0.1094 -0.1203
0.1203 0.1094 -0.3828
-0.1422 0.1094 -0.3828
-0.1422 -0.0219 -0.4703
0.0184 0.5176 -0.1422
0.0691 0.5176 -0.1715
0.2297 -0.2188 -0.2953
0.2297 -0.2188 -0.4266
0.2020 0.0219 -0.1422
0.1918 0.0160 -0.1422
-0.0910 0.5176 -0.3316
-0.1496 0.4375 -0.3902
0.2297 -0.1312 0.0984
0.1859 -0.1312 0.0984
-0.2297 -0.0219 -0.1203
-0.1422 -0.0219 -0.0328
0.0477 0.3281 -0.4703
-0.0695 0.3281 -0.4703
-0.1203 0.1387 -0.2809
-0.1203 0.1387 -0.2223
0.2297 0.0059 -0.1422
0.2297 0.0059 0.0766
0.1203 -0.5469 -0.1203
0.1203 -0.4156 -0.0328
-0.0617 0.4375 -0.4410
-0.0695 0.3281 -0.4703
0.1203 -0.0219 -0.4703
-0.1422 -0.0219 -0.4703
0.1277 0.2188 -0.1129
0.0691 0.1387 -0.1715
0.1277 0.2188 -0.3902
0.0398 0.2188 -0.4410
-0.0617 0.2188 -0.4410
-0.1496 0.2188 -0.3902
-0.0109 0.5469 -0.2516
0.0984 0.5176 -0.2809
0.1859 -0.0437 0.0984
0.1859 -0.1312 0.0984
0.2078 0.0000 0.0766
0.2020 0.0219 0.0766
-0.0109 0.1094 -0.2516
-0.1203 0.1387 -0.2809
0.0398 0.4375 -0.0621
0.1277 0.4375 -0.1129
-0.2004 0.4375 -0.3023
-0.2297 0.3281 -0.3102
-0.0109 0.1094 -0.2516
-0.0910 0.1387 -0.1715
-0.1496 0.4375 -0.3902
-0.1711 0.3281 -0.4117
0.2297 -0.0437 0.2297
0.2297 -0.0437 0.0984
-0.2297 -0.0219 -0.3828
-0.1422 -0.0219 -0.4703
0.2078 -0.4156 -0.3828
0.1203 -0.4156 -0.4703
0.1203 -0.5469 -0.1203
0.2078 -0.4156 -0.1203
0.0691 0.5176 -0.1715
0.1277 0.4375 -0.1129
-0.0109 0.5469 -0.2516
-0.0402 0.5176 -0.1422
-0.1422 0.1094 -0.1203
-0.1422 0.1094 -0.3828
-0.0695 0.3281 -0.4703
-0.0617 0.2188 -0.4410
0.1859 -0.0059 0.0766
0.1918 -0.0160 0.0766
-0.2297 0.3281 -0.3102
-0.2004 0.2188 -0.3023
0.1859 -0.0437 -0.2953
0.1859 -0.0437 -0.4266
-0.0402 0.1387 -0.3609
-0.0910 0.1387 -0.3316
-0.0109 0.1094 -0.2516
0.0984 0.1387 -0.2809
0.2137 -0.0219 0.0766
0.2238 -0.0160 0.0766
0.2078 0.0000 0.0766
0.1918 0.0160 0.0766
-0.2297 -0.4156 -0.1203
-0.2297 -0.0219 -0.1203
-0.1496 0.2188 -0.3902
-0.0910 0.1387 -0.3316
-0.0402 0.5176 -0.3609
-0.0910 0.5176 -0.3316
-0.1422 -0.5469 -0.1203
-0.1422 -0.4156 -0.0328
0.0984 0.5176 -0.2223
0.1785 0.4375 -0.2008
0.2297 -0.0059 -0.1422
0.2297 -0.0059 0.0766
0.1918 0.0160 -0.1422
0.1918 0.0160 0.0766
0.1203 -0.5469 -0.1203
0.1203 -0.5469 -0.3828
0.2078 -0.0219 -0.3828
0.1203 -0.0219 -0.4703
0.1203 -0.5469 -0.3828
0.2078 -0.4156 -0.3828
0.1277 0.4375 -0.1129
0.1492 0.3281 -0.0914
0.1785 0.4375 -0.3023
0.2078 0.3281 -0.3102
-0.0617 0.4375 -0.4410
-0.1496 0.4375 -0.3902
0.2137 0.0219 -0.1422
0.2137 0.0219 0.0766
0.1203 -0.4156 -0.0328
-0.1422 -0.4156 -0.0328
-0.0109 0.5469 -0.2516
0.0984 0.5176 -0.2223
0.1277 0.2188 -0.1129
0.1785 0.2188 -0.2008
-0.2004 0.2188 -0.3023
-0.1203 0.1387 -0.2809
0.1203 -0.0219 -0.0328
-0.1422 -0.0219 -0.0328
0.2078 0.3281 -0.1930
0.1785 0.2188 -0.2008
0.2297 -0.0219 -0.4047
0.2297 -0.0656 -0.4047
0.2297 -0.1312 0.2297
0.2297 -0.1312 0.0984
0.1203 -0.4156 -0.4703
-0.1422 -0.4156 -0.4703
0.1492 0.3281 -0.0914
0.1277 0.2188 -0.1129
0.0184 0.1387 -0.1422
0.0691 0.1387 -0.1715
-0.0109 0.1094 -0.2516
-0.0910 0.1387 -0.3316
0.2078 0.0000 -0.1422
0.2020 0.0219 -0.1422
-0.0910 0.5176 -0.1715
-0.1496 0.4375 -0.1129
0.1918 -0.0160 0.0766
0.2020 -0.0219 0.0766
-0.0109 0.5469 -0.2516
-0.1203 0.5176 -0.2809
-0.1496 0.4375 -0.3902
-0.2004 0.4375 -0.3023
-0.0109 0.5469 -0.2516
-0.0910 0.5176 -0.1715
