-0.3125 -0.0391 -0.8984
-0.7031 -0.5078 -1.2109
-0.7031 -0.5078 -1.2109
0.0000 -0.0391 1.7578
-0.1562 -0.5078 -1.2109
-0.3125 -0.1953 -0.9766
0.3125 -0.5078 1.8359
0.6250 -0.5078 1.2109
0.0781 -0.5078 -1.2109
0.2344 -0.1953 -0.9766
0.0000 -0.5078 2.3828
-1.8750 -0.5078 -2.0703
0.3125 -0.5078 1.8359
0.0000 -0.2734 2.0703
0.3125 -0.0391 -0.8984
0.0000 0.1172 -0.7422
-0.7031 -0.5078 -1.2109
0.0000 -0.0391 1.7578
0.0000 -0.5078 -1.2109
0.7031 -0.5078 -1.2109
0.3125 -0.0391 -0.8984
0.7031 -0.5078 -1.2109
0.6250 -0.5078 1.2109
0.0000 -0.0391 1.7578
0.0000 -0.5078 2.3828
-0.6250 -0.5078 -1.4453
-0.3125 -0.5078 1.8359
0.0000 -0.0391 1.7578
0.7031 -0.5078 -1.2109
0.0000 -0.0391 1.7578
0.0000 -0.2734 2.0703
0.3125 -0.5078 1.8359
-0.1562 -0.5078 2.1484
0.1562 -0.5078 2.1484
0.3125 -0.5078 1.8359
0.6250 -0.5078 1.2109
0.0000 -0.5078 -1.2109
-0.3125 -0.0391 -0.8984
-0.3125 0.5078 -1.8359
-0.3125 -0.1953 -0.9766
-0.0781 -0.5078 -1.2109
-0.3125 0.5078 -1.8359
0.7031 -0.5078 -1.2109
0.0000 -0.0391 1.7578
-1.8750 -0.5078 -2.0703
-0.6250 -0.5078 -1.4453
-0.3125 -0.5078 1.8359
0.0000 -0.0391 1.7578
0.6250 -0.5078 1.2109
0.0000 -0.0391 1.7578
1.8750 -0.5078 -2.0703
0.6250 -0.5078 -1.4453
0.0000 -0.0391 1.7578
0.3125 -0.0391 -0.8984
-0.3125 -0.5078 1.8359
0.0000 -0.0391 1.7578
-0.3125 0.5078 -1.8359
-0.2344 -0.1953 -0.9766
-0.1562 -0.5078 2.1484
-0.3125 -0.5078 1.8359
0.0781 -0.5078 -1.2109
0.1562 -0.5078 -1.2109
0.3125 -0.0391 -0.8984
0.0000 0.1172 -0.7422
-0.1562 -0.5078 -1.2109
-0.3125 -0.1953 -0.9766
0.1562 -0.5078 2.1484
0.0000 -0.2734 2.0703
0.0781 -0.5078 -1.2109
0.3125 0.5078 -1.8359
0.0000 -0.5078 -1.2109
-0.3125 -0.0391 -0.8984
-0.6250 -0.5078 1.2109
0.0000 -0.0391 1.7578
0.3125 0.5078 -1.8359
0.2344 -0.1953 -0.9766
-0.3125 -0.0391 -0.8984
-0.7031 -0.5078 -1.2109
-0.3125 -0.0391 -0.8984
0.0000 -0.0391 1.7578
0.0000 -0.5078 -1.2109
0.3125 -0.0391 -0.8984
-0.3125 -0.5078 1.8359
0.0000 -0.2734 2.0703
-0.3125 -0.5078 1.8359
-0.6250 -0.5078 1.2109
0.0000 -0.5078 2.3828
0.0000 -0.2734 2.0703
0.3125 0.5078 -1.8359
0.1562 -0.5078 -1.2109
-0.0781 -0.5078 -1.2109
-0.1562 -0.5078 -1.2109
0.2344 -0.1953 -0.9766
0.3125 -0.1953 -0.9766
0.1562 -0.5078 -1.2109
0.3125 0.5078 -1.8359
0.3125 -0.0391 -0.8984
0.7031 -0.5078 -1.2109
0.3125 -0.0391 -0.8984
0.0000 -0.0391 1.7578
0.0000 -0.0391 1.7578
0.0000 0.1172 -0.7422
0.0000 -0.5078 -1.2109
0.3125 -0.0391 -0.8984
0.3125 0.5078 -1.8359
0.3125 -0.1953 -0.9766
0.0000 -0.2734 2.0703
-0.3125 -0.5078 1.8359
-0.3125 0.5078 -1.8359
-0.1562 -0.5078 -1.2109
-1.8750 -0.5078 -2.0703
-1.5625 -0.5078 -2.3828
-0.3125 -0.5078 1.8359
-0.6250 -0.5078 1.2109
-0.1562 -0.5078 -1.2109
-0.3125 0.5078 -1.8359
0.0000 -0.5078 -1.2109
0.0000 0.1172 -0.7422
1.8750 -0.5078 -2.0703
1.5625 -0.5078 -2.3828
0.0000 -0.5078 2.3828
0.0000 -0.5078 -2.0703
0.6250 -0.5078 1.2109
0.0000 -0.0391 1.7578
-0.3125 0.5078 -1.8359
-0.3125 -0.1953 -0.9766
0.0781 -0.5078 -1.2109
0.3125 0.5078 -1.8359
-0.1562 -0.5078 -1.2109
-0.3125 0.5078 -1.8359
-0.6250 -0.5078 1.2109
0.0000 -0.0391 1.7578
0.3125 -0.5078 1.8359
0.0000 -0.0391 1.7578
1.5625 -0.5078 -2.3828
0.6250 -0.5078 -1.4453
0.0000 -0.0391 1.7578
0.0000 0.1172 -0.7422
0.6250 -0.5078 -1.4453
0.0000 -0.5078 -2.0703
-0.6250 -0.5078 1.2109
0.0000 -0.0391 1.7578
-0.1562 -0.5078 2.1484
0.0000 -0.2734 2.0703
-0.1562 -0.5078 2.1484
0.0000 -0.5078 2.3828
0.0000 -0.5078 -1.2109
-0.7031 -0.5078 -1.2109
0.0000 -0.5078 2.3828
0.1562 -0.5078 2.1484
-0.0781 -0.5078 -1.2109
-0.3125 0.5078 -1.8359
0.2344 -0.1953 -0.9766
0.3125 0.5078 -1.8359
0.0000 -0.2734 2.0703
0.0000 -0.0391 1.7578
-0.1562 -0.5078 2.1484
0.0000 -0.2734 2.0703
0.0000 -0.0391 1.7578
-0.3125 -0.0391 -0.8984
0.0000 -0.5078 2.3828
1.8750 -0.5078 -2.0703
0.3125 -0.5078 1.8359
0.0000 -0.0391 1.7578
0.1562 -0.5078 2.1484
0.0000 -0.2734 2.0703
-1.5625 -0.5078 -2.3828
-0.6250 -0.5078 -1.4453
0.3125 0.5078 -1.8359
0.3125 -0.1953 -0.9766
0.1562 -0.5078 -1.2109
0.3125 -0.1953 -0.9766
0.3125 -0.5078 1.8359
0.0000 -0.0391 1.7578
-0.0781 -0.5078 -1.2109
-0.2344 -0.1953 -0.9766
0.0000 -0.5078 -2.0703
-0.6250 -0.5078 -1.4453
-0.3125 -0.0391 -0.8984
0.0000 0.1172 -0.7422
0.1562 -0.5078 2.1484
0.3125 -0.5078 1.8359
0.0000 -0.5078 2.3828
0.6250 -0.5078 -1.4453
0.0000 -0.5078 -1.2109
0.0000 0.1172 -0.7422
0.6250 -0.5078 1.2109
0.7031 -0.5078 -1.2109
-0.6250 -0.5078 1.2109
-0.7031 -0.5078 -1.2109
-0.3125 -0.0391 -0.8984
0.0000 0.1172 -0.7422
0.0000 -0.2734 2.0703
0.0000 -0.0391 1.7578
