0.4000 -0.2676 -0.5188
0.4000 -0.2074 -0.5188
0.3000 0.2500 0.5437
0.3000 0.2500 0.1937
0.3000 -0.0125 0.7437
-0.3000 -0.0125 0.7437
0.3000 -0.2074 0.5813
0.4000 -0.2074 0.5813
0.3000 -0.0125 0.1937
-0.3000 -0.0125 0.1937
-0.4000 -0.3500 -0.3761
-0.3000 -0.3500 -0.3761
0.2000 0.1250 -0.7437
0.2000 -0.0125 -0.7437
0.2000 0.0688 0.0562
0.2000 0.2562 0.0562
0.3000 -0.2625 -0.7437
-0.3000 -0.2625 -0.7437
-0.3000 -0.0125 0.1937
-0.3000 -0.0125 0.5437
-0.4000 -0.3500 0.4989
-0.3000 -0.3500 0.4989
-0.4000 -0.2676 -0.5188
-0.3000 -0.2676 -0.5188
-0.3000 -0.2375 -0.4062
-0.3000 -0.2676 -0.5188
-0.2000 -0.0125 -0.7437
-0.3000 -0.0125 -0.7437
0.3000 -0.3500 -0.3761
0.4000 -0.3500 -0.3761
-0.4000 -0.2676 0.3562
-0.3000 -0.2676 0.3562
-0.3000 -0.2375 0.4688
-0.3000 -0.2676 0.3562
0.1500 0.0688 0.1437
0.1500 0.2562 0.1437
0.1500 0.3500 -0.4688
0.1500 0.2562 -0.5562
0.1500 -0.0250 -0.4688
0.2000 0.0688 -0.4688
0.3000 -0.3500 0.4989
0.4000 -0.3500 0.4989
0.4000 -0.2375 -0.4062
0.4000 -0.2676 -0.5188
-0.4000 -0.1250 -0.3761
-0.3000 -0.1250 -0.3761
-0.3000 -0.2375 -0.4062
-0.3000 -0.1551 -0.4886
0.4000 -0.2375 0.4688
0.4000 -0.1551 0.5511
-0.4000 -0.1250 0.4989
-0.4000 -0.1551 0.5511
0.4000 -0.2676 0.3562
0.4000 -0.2074 0.3562
-0.3000 -0.2375 0.4688
-0.3000 -0.1551 0.3864
0.1500 0.3500 -0.4688
-0.1500 0.3500 -0.4688
0.3000 -0.1250 -0.3761
0.3000 -0.1551 -0.3239
-0.4000 -0.2375 -0.4062
-0.4000 -0.1250 -0.3761
0.4000 -0.2375 -0.4062
0.4000 -0.1551 -0.4886
-0.3000 -0.2375 -0.4062
-0.3000 -0.2676 -0.2937
-0.3000 -0.2375 -0.4062
-0.3000 -0.1250 -0.3761
0.4000 -0.2375 0.4688
0.4000 -0.3500 0.4386
0.3000 -0.1250 0.4989
0.3000 -0.1551 0.5511
-0.4000 -0.2676 -0.2937
-0.4000 -0.3199 -0.3239
-0.2000 0.0688 0.0562
-0.2000 0.0688 -0.4688
-0.4000 -0.2375 0.4688
-0.4000 -0.1250 0.4989
-0.3000 -0.2375 0.4688
-0.3000 -0.2676 0.5813
-0.2000 0.2562 0.0562
-0.2000 0.2562 -0.4688
-0.3000 -0.2375 0.4688
-0.3000 -0.1250 0.4989
0.3000 -0.2676 -0.5188
0.4000 -0.2676 -0.5188
-0.4000 -0.3500 -0.4364
-0.4000 -0.3199 -0.4886
-0.4000 -0.2375 -0.4062
-0.4000 -0.3500 -0.3761
0.3000 -0.0125 0.1937
0.3000 -0.0125 -0.7437
-0.4000 -0.2375 -0.4062
-0.4000 -0.2074 -0.2937
0.4000 -0.2375 -0.4062
0.4000 -0.2676 -0.2937
-0.3000 -0.3500 -0.4364
-0.3000 -0.3199 -0.4886
0.4000 -0.2375 -0.4062
0.4000 -0.1250 -0.3761
-0.3000 -0.2375 -0.4062
-0.3000 -0.3500 -0.3761
0.2000 0.2562 -0.4688
0.1500 0.2562 -0.5562
0.3000 -0.2676 0.3562
0.4000 -0.2676 0.3562
0.4000 -0.2375 0.4688
0.4000 -0.2676 0.3562
-0.4000 -0.3500 0.4386
-0.4000 -0.3199 0.3864
-0.4000 -0.2375 0.4688
-0.4000 -0.3500 0.4989
-0.4000 -0.1250 0.4989
-0.3000 -0.1250 0.4989
0.1500 0.0688 -0.5562
-0.1500 0.0688 -0.5562
0.1500 0.3500 0.0562
0.1500 0.3500 -0.4688
-0.4000 -0.2375 0.4688
-0.4000 -0.2074 0.5813
-0.3000 -0.3500 0.4386
-0.3000 -0.3199 0.3864
-0.3000 -0.2375 0.4688
-0.3000 -0.3500 0.4989
0.3000 -0.2375 -0.4062
0.3000 -0.1551 -0.4886
0.3000 -0.2625 0.7437
0.3000 -0.2625 -0.7437
0.3000 -0.1250 -0.3761
0.4000 -0.1250 -0.3761
-0.4000 -0.1551 -0.4886
-0.4000 -0.1250 -0.4364
-0.4000 -0.2375 -0.4062
-0.4000 -0.3199 -0.4886
-0.2000 -0.0125 0.1937
-0.2000 -0.0125 -0.7437
0.3000 -0.0125 0.1937
0.2000 -0.0125 0.1937
0.4000 -0.3500 -0.4364
0.4000 -0.3199 -0.4886
0.4000 -0.2375 -0.4062
0.4000 -0.3500 -0.3761
0.3000 -0.2375 0.4688
0.3000 -0.1551 0.3864
0.1500 -0.0250 0.0562
0.2000 0.0688 0.0562
-0.3000 -0.2375 -0.4062
-0.3000 -0.3199 -0.4886
0.3000 0.2500 0.1937
0.3000 -0.0125 0.1937
0.3000 -0.1250 0.4989
0.4000 -0.1250 0.4989
0.4000 -0.2375 0.4688
0.4000 -0.1551 0.3864
-0.4000 -0.2375 0.4688
-0.4000 -0.3199 0.3864
-0.2000 0.0688 0.0562
-0.2000 0.2562 0.0562
0.3000 -0.2375 -0.4062
0.3000 -0.2676 -0.2937
-0.3000 -0.2375 0.4688
-0.3000 -0.3199 0.3864
0.3000 -0.2375 -0.4062
0.3000 -0.1250 -0.3761
0.3000 -0.0125 0.5437
0.3000 -0.0125 0.1937
0.3000 -0.2625 0.7437
-0.3000 -0.2625 0.7437
-0.4000 -0.3500 -0.4364
-0.3000 -0.3500 -0.4364
-0.2000 0.2562 -0.4688
-0.1500 0.2562 -0.5562
-0.4000 -0.2375 -0.4062
-0.4000 -0.2074 -0.5188
0.3000 -0.2375 0.4688
0.3000 -0.2676 0.5813
-0.2000 -0.0125 0.1937
-0.3000 -0.0125 0.1937
0.4000 -0.2375 -0.4062
0.4000 -0.3199 -0.4886
0.3000 -0.2375 0.4688
0.3000 -0.1250 0.4989
0.4000 -0.2375 0.4688
0.4000 -0.2676 0.5813
0.4000 -0.3500 -0.3761
0.4000 -0.3500 -0.4364
-0.4000 -0.3500 0.4386
-0.3000 -0.3500 0.4386
0.4000 -0.2375 0.4688
0.4000 -0.1250 0.4989
-0.3000 -0.2074 -0.5188
-0.3000 -0.1551 -0.4886
-0.4000 -0.2375 0.4688
-0.4000 -0.2074 0.3562
0.3000 -0.3500 -0.4364
0.3000 -0.3199 -0.4886
0.3000 -0.2375 -0.4062
0.3000 -0.3500 -0.3761
-0.3000 -0.2676 0.5813
-0.3000 -0.2074 0.5813
0.3000 -0.2375 -0.4062
0.3000 -0.2074 -0.2937
0.4000 -0.3500 0.4989
0.4000 -0.3500 0.4386
-0.3000 -0.2074 0.3562
-0.3000 -0.1551 0.3864
-0.1500 0.3500 -0.4688
-0.1500 0.2562 -0.5562
0.3000 -0.3500 0.4386
0.3000 -0.3199 0.3864
0.3000 -0.2375 0.4688
0.3000 -0.3500 0.4989
0.4000 -0.2676 -0.2937
0.4000 -0.2074 -0.2937
-0.4000 -0.1551 -0.3239
-0.4000 -0.2074 -0.2937
0.3000 -0.2375 0.4688
0.3000 -0.2074 0.5813
0.1500 -0.0250 0.0562
0.1500 0.0688 0.1437
0.4000 -0.2375 0.4688
0.4000 -0.3500 0.4989
0.4000 -0.2074 -0.5188
0.4000 -0.1551 -0.4886
-0.3000 -0.1551 -0.3239
-0.3000 -0.2074 -0.2937
-0.2000 0.0688 -0.4688
-0.1500 0.0688 -0.5562
0.2000 0.1250 0.1937
0.2000 -0.0125 0.1937
0.4000 -0.2676 0.5813
0.4000 -0.2074 0.5813
-0.4000 -0.1551 0.5511
-0.4000 -0.2074 0.5813
0.3000 -0.2375 -0.4062
0.3000 -0.3199 -0.4886
0.2000 0.0688 -0.4688
0.2000 0.2562 -0.4688
0.4000 -0.2074 0.3562
0.4000 -0.1551 0.3864
-0.3000 -0.1551 0.5511
-0.3000 -0.2074 0.5813
-0.4000 -0.2375 -0.4062
-0.4000 -0.3199 -0.3239
0.3000 -0.1551 -0.3239
0.3000 -0.2074 -0.2937
0.3000 -0.2375 0.4688
0.3000 -0.3199 0.3864
0.1500 -0.0250 0.0562
-0.1500 -0.0250 0.0562
-0.4000 -0.2074 -0.5188
-0.3000 -0.2074 -0.5188
-0.3000 0.1250 -0.7437
-0.3000 -0.0125 -0.7437
-0.3000 -0.0125 0.7437
-0.3000 -0.2625 0.7437
0.4000 -0.1551 -0.3239
0.4000 -0.2074 -0.2937
-0.3000 -0.2676 -0.2937
-0.3000 -0.3199 -0.3239
-0.4000 -0.2375 0.4688
-0.4000 -0.3199 0.5511
-0.3000 0.1250 0.1937
-0.3000 -0.0125 0.1937
0.3000 -0.3500 -0.4364
0.4000 -0.3500 -0.4364
-0.4000 -0.3199 -0.3239
-0.4000 -0.3500 -0.3761
-0.4000 -0.2074 0.3562
-0.3000 -0.2074 0.3562
0.3000 -0.2375 -0.4062
0.3000 -0.2074 -0.5188
-0.1500 0.0688 0.1437
-0.1500 0.2562 0.1437
0.4000 -0.1551 0.5511
0.4000 -0.2074 0.5813
0.3000 -0.3500 0.4386
0.4000 -0.3500 0.4386
-0.4000 -0.3199 0.5511
-0.4000 -0.3500 0.4989
0.3000 -0.2074 -0.5188
0.4000 -0.2074 -0.5188
0.3000 -0.2375 0.4688
0.3000 -0.2074 0.3562
-0.4000 -0.1551 -0.3239
-0.3000 -0.1551 -0.3239
0.3000 0.2500 0.5437
-0.3000 0.2500 0.5437
0.3000 -0.2074 0.3562
0.4000 -0.2074 0.3562
0.4000 -0.1250 -0.3761
0.4000 -0.1551 -0.3239
-0.4000 -0.1551 0.5511
-0.3000 -0.1551 0.5511
-0.3000 -0.0125 -0.7437
-0.3000 -0.2625 -0.7437
0.4000 -0.1250 0.4989
0.4000 -0.1551 0.5511
0.3000 -0.1551 -0.3239
0.4000 -0.1551 -0.3239
0.3000 0.1250 -0.7437
0.2000 0.1250 -0.7437
-0.3000 0.1250 -0.7437
-0.3000 0.1250 0.1937
0.3000 -0.1551 0.5511
0.3000 -0.2074 0.5813
-0.4000 -0.2676 0.5813
-0.4000 -0.3199 0.5511
0.2000 0.1250 -0.7437
0.2000 0.1250 0.1937
-0.3000 -0.2676 0.5813
-0.3000 -0.3199 0.5511
-0.3000 0.2500 0.1937
-0.3000 -0.0125 0.1937
0.3000 -0.2676 -0.2937
0.3000 -0.3199 -0.3239
-0.4000 -0.3199 -0.4886
-0.4000 -0.2676 -0.5188
0.3000 -0.0125 -0.7437
-0.3000 -0.0125 -0.7437
-0.1500 0.3500 0.0562
-0.1500 0.3500 -0.4688
0.4000 -0.2676 -0.2937
0.4000 -0.3199 -0.3239
0.1500 0.2562 -0.5562
-0.1500 0.2562 -0.5562
0.3000 -0.2676 0.5813
0.3000 -0.3199 0.5511
-0.4000 -0.3199 0.3864
-0.4000 -0.2676 0.3562
0.4000 -0.2676 0.5813
0.4000 -0.3199 0.5511
-0.3000 -0.1551 -0.4886
-0.3000 -0.1250 -0.4364
-0.3000 -0.0125 -0.7437
-0.3000 -0.0125 0.7437
0.3000 -0.3199 -0.4886
0.3000 -0.2676 -0.5188
0.3000 0.1250 0.1937
0.3000 -0.0125 0.1937
-0.3000 -0.1551 0.3864
-0.3000 -0.1250 0.4386
-0.3000 -0.2375 -0.4062
-0.3000 -0.2074 -0.2937
0.3000 -0.3199 0.3864
0.3000 -0.2676 0.3562
-0.4000 -0.2676 0.5813
-0.3000 -0.2676 0.5813
-0.2000 0.0688 -0.4688
-0.2000 0.2562 -0.4688
-0.3000 -0.2375 0.4688
-0.3000 -0.2074 0.5813
0.2000 0.0688 0.0562
0.1500 0.0688 0.1437
0.3000 -0.2676 -0.2937
0.4000 -0.2676 -0.2937
0.2000 0.2562 0.0562
0.1500 0.2562 0.1437
-0.2000 0.1250 0.1937
-0.2000 -0.0125 0.1937
0.4000 -0.2375 -0.4062
0.4000 -0.2074 -0.2937
-0.4000 -0.2676 -0.2937
-0.3000 -0.2676 -0.2937
0.3000 -0.2676 0.5813
0.4000 -0.2676 0.5813
-0.1500 -0.0250 0.0562
-0.2000 0.0688 0.0562
0.1500 0.3500 -0.4688
0.2000 0.2562 -0.4688
0.4000 -0.3500 0.4386
0.4000 -0.3199 0.3864
0.3000 0.1250 0.1937
0.3000 0.1250 -0.7437
-0.3000 -0.2375 -0.4062
-0.3000 -0.2074 -0.5188
0.1500 0.0688 -0.5562
0.1500 0.2562 -0.5562
0.4000 -0.1551 -0.4886
0.4000 -0.1250 -0.4364
-0.2000 0.0688 0.0562
-0.1500 0.0688 0.1437
-0.4000 -0.2074 -0.2937
-0.3000 -0.2074 -0.2937
0.3000 -0.0125 0.7437
0.3000 -0.2625 0.7437
-0.3000 -0.2375 0.4688
-0.3000 -0.2074 0.3562
-0.2000 0.2562 0.0562
-0.1500 0.2562 0.1437
0.3000 -0.0125 0.5437
-0.3000 -0.0125 0.5437
-0.4000 -0.1551 -0.4886
-0.3000 -0.1551 -0.4886
0.4000 -0.1551 0.3864
0.4000 -0.1250 0.4386
-0.4000 -0.2375 -0.4062
-0.4000 -0.1250 -0.4364
0.1500 -0.0250 -0.4688
-0.1500 -0.0250 -0.4688
-0.4000 -0.1551 0.3864
-0.4000 -0.1250 0.4386
0.1500 -0.0250 -0.4688
0.1500 0.0688 -0.5562
0.4000 -0.2375 -0.4062
0.4000 -0.2074 -0.5188
-0.3000 -0.2375 -0.4062
-0.3000 -0.1250 -0.4364
0.4000 -0.2375 0.4688
0.4000 -0.2074 0.5813
-0.4000 -0.2375 0.4688
-0.4000 -0.1250 0.4386
-0.3000 -0.3199 -0.3239
-0.3000 -0.3500 -0.3761
0.3000 -0.0125 -0.7437
0.2000 -0.0125 -0.7437
0.1500 0.3500 0.0562
0.2000 0.2562 0.0562
0.3000 -0.1551 -0.4886
0.3000 -0.1250 -0.4364
-0.3000 -0.2375 0.4688
-0.3000 -0.1250 0.4386
0.2000 0.0688 0.0562
0.2000 0.0688 -0.4688
-0.3000 -0.3199 0.5511
-0.3000 -0.3500 0.4989
0.3000 -0.1551 0.3864
0.3000 -0.1250 0.4386
-0.4000 -0.2375 -0.4062
-0.4000 -0.1551 -0.3239
0.4000 -0.2375 -0.4062
0.4000 -0.1250 -0.4364
-0.3000 -0.2375 -0.4062
-0.3000 -0.3199 -0.3239
-0.4000 -0.2676 -0.5188
-0.4000 -0.2074 -0.5188
-0.3000 -0.2375 -0.4062
-0.3000 -0.1551 -0.3239
0.4000 -0.2375 0.4688
0.4000 -0.3199 0.3864
0.4000 -0.3199 -0.3239
0.4000 -0.3500 -0.3761
-0.4000 -0.2375 0.4688
-0.4000 -0.1551 0.5511
-0.3000 -0.2375 0.4688
-0.3000 -0.3199 0.5511
-0.4000 -0.2676 0.3562
-0.4000 -0.2074 0.3562
-0.3000 -0.2375 0.4688
-0.3000 -0.1551 0.5511
-0.4000 -0.2375 -0.4062
-0.4000 -0.3500 -0.4364
0.4000 -0.2375 -0.4062
0.4000 -0.3199 -0.3239
-0.4000 -0.1551 0.3864
-0.3000 -0.1551 0.3864
0.4000 -0.2375 -0.4062
0.4000 -0.1551 -0.3239
-0.3000 -0.2375 -0.4062
-0.3000 -0.3500 -0.4364
0.4000 -0.2375 0.4688
0.4000 -0.2074 0.3562
-0.4000 -0.2375 0.4688
-0.4000 -0.3500 0.4386
0.3000 -0.1551 -0.4886
0.4000 -0.1551 -0.4886
0.1500 0.3500 0.0562
0.1500 0.2562 0.1437
-0.3000 -0.2375 0.4688
-0.3000 -0.3500 0.4386
0.3000 -0.2375 -0.4062
0.3000 -0.1250 -0.4364
0.2000 -0.0125 -0.7437
0.2000 -0.0125 0.1937
-0.2000 0.1250 -0.7437
-0.3000 0.1250 -0.7437
-0.4000 -0.2375 -0.4062
-0.4000 -0.2676 -0.5188
0.3000 -0.1551 0.3864
0.4000 -0.1551 0.3864
0.4000 -0.2375 -0.4062
0.4000 -0.3500 -0.4364
0.3000 -0.2375 0.4688
0.3000 -0.1250 0.4386
0.1500 -0.0250 0.0562
0.1500 -0.0250 -0.4688
-0.1500 -0.0250 -0.4688
-0.2000 0.0688 -0.4688
0.4000 -0.2375 0.4688
0.4000 -0.1250 0.4386
-0.4000 -0.2375 0.4688
-0.4000 -0.2676 0.3562
-0.3000 -0.2625 -0.7437
-0.3000 -0.2625 0.7437
-0.4000 -0.3199 -0.3239
-0.3000 -0.3199 -0.3239
0.3000 -0.2375 -0.4062
0.3000 -0.3199 -0.3239
0.4000 -0.3199 0.5511
0.4000 -0.3500 0.4989
0.3000 -0.2375 -0.4062
0.3000 -0.1551 -0.3239
-0.3000 -0.1250 -0.4364
-0.3000 -0.1250 -0.3761
0.3000 -0.2676 -0.5188
0.3000 -0.2074 -0.5188
-0.3000 0.2500 0.5437
-0.3000 -0.0125 0.5437
-0.4000 -0.2375 -0.4062
-0.4000 -0.1551 -0.4886
-0.4000 -0.3199 0.5511
-0.3000 -0.3199 0.5511
0.3000 -0.2375 0.4688
0.3000 -0.3199 0.5511
-0.3000 -0.3199 -0.4886
-0.3000 -0.2676 -0.5188
0.3000 -0.2375 0.4688
0.3000 -0.1551 0.5511
-0.3000 -0.1250 0.4386
-0.3000 -0.1250 0.4989
0.3000 -0.3199 -0.3239
0.3000 -0.3500 -0.3761
0.4000 -0.2375 0.4688
0.4000 -0.3199 0.5511
0.3000 -0.2676 0.3562
0.3000 -0.2074 0.3562
-0.4000 -0.2375 0.4688
-0.4000 -0.1551 0.3864
0.1500 0.3500 0.0562
-0.1500 0.3500 0.0562
-0.3000 -0.3199 0.3864
-0.3000 -0.2676 0.3562
0.3000 -0.2375 -0.4062
0.3000 -0.3500 -0.4364
0.4000 -0.1250 -0.4364
0.4000 -0.1250 -0.3761
0.3000 -0.3199 0.5511
0.3000 -0.3500 0.4989
-0.2000 0.1250 -0.7437
-0.2000 -0.0125 -0.7437
-0.4000 -0.1250 -0.4364
-0.4000 -0.1250 -0.3761
-0.4000 -0.2375 -0.4062
-0.4000 -0.2676 -0.2937
0.4000 -0.3199 -0.4886
0.4000 -0.2676 -0.5188
0.3000 -0.2375 0.4688
0.3000 -0.3500 0.4386
0.4000 -0.1250 0.4386
0.4000 -0.1250 0.4989
0.3000 0.1250 -0.7437
0.3000 -0.0125 -0.7437
0.3000 -0.1551 0.5511
0.4000 -0.1551 0.5511
-0.4000 -0.1250 0.4386
-0.4000 -0.1250 0.4989
-0.1500 -0.0250 -0.4688
-0.1500 0.0688 -0.5562
0.3000 0.2500 0.1937
-0.3000 0.2500 0.1937
-0.4000 -0.2375 0.4688
-0.4000 -0.2676 0.5813
-0.1500 -0.0250 0.0562
-0.1500 0.0688 0.1437
0.4000 -0.3199 0.3864
0.4000 -0.2676 0.3562
0.3000 -0.2375 -0.4062
0.3000 -0.2676 -0.5188
-0.3000 -0.3500 -0.3761
-0.3000 -0.3500 -0.4364
-0.3000 0.2500 0.1937
-0.3000 0.2500 0.5437
0.3000 -0.1250 -0.4364
0.3000 -0.1250 -0.3761
-0.4000 -0.3199 -0.4886
-0.3000 -0.3199 -0.4886
0.3000 -0.0125 -0.7437
0.3000 -0.2625 -0.7437
0.3000 -0.2375 0.4688
0.3000 -0.2676 0.3562
0.3000 -0.3199 -0.3239
0.4000 -0.3199 -0.3239
-0.4000 -0.3199 0.3864
-0.3000 -0.3199 0.3864
-0.1500 0.0688 -0.5562
-0.1500 0.2562 -0.5562
-0.3000 -0.2676 -0.2937
-0.3000 -0.2074 -0.2937
0.3000 -0.3199 0.5511
0.4000 -0.3199 0.5511
0.3000 -0.3199 -0.4886
0.4000 -0.3199 -0.4886
-0.4000 -0.1250 -0.4364
-0.3000 -0.1250 -0.4364
-0.1500 0.3500 -0.4688
-0.2000 0.2562 -0.4688
0.3000 -0.3199 0.3864
0.4000 -0.3199 0.3864
-0.4000 -0.1250 0.4386
-0.3000 -0.1250 0.4386
0.2000 0.0688 -0.4688
0.1500 0.0688 -0.5562
0.3000 -0.1250 -0.4364
0.4000 -0.1250 -0.4364
-0.2000 0.1250 0.1937
-0.2000 0.1250 -0.7437
-0.3000 -0.3500 0.4989
-0.3000 -0.3500 0.4386
0.3000 0.1250 0.1937
0.2000 0.1250 0.1937
0.3000 -0.1250 0.4386
0.3000 -0.1250 0.4989
-0.4000 -0.2074 -0.5188
-0.4000 -0.1551 -0.4886
-0.1500 -0.0250 0.0562
-0.1500 -0.0250 -0.4688
0.3000 0.2500 0.5437
0.3000 -0.0125 0.5437
-0.4000 -0.2676 0.5813
-0.4000 -0.2074 0.5813
-0.4000 -0.3500 -0.3761
-0.4000 -0.3500 -0.4364
-0.4000 -0.2074 0.3562
-0.4000 -0.1551 0.3864
0.2000 0.2562 0.0562
0.2000 0.2562 -0.4688
-0.2000 0.1250 0.1937
-0.3000 0.1250 0.1937
0.3000 -0.2676 -0.2937
0.3000 -0.2074 -0.2937
-0.3000 -0.1250 -0.3761
-0.3000 -0.1551 -0.3239
-0.4000 -0.3500 0.4989
-0.4000 -0.3500 0.4386
0.3000 -0.2074 -0.5188
0.3000 -0.1551 -0.4886
-0.1500 0.3500 0.0562
-0.1500 0.2562 0.1437
-0.3000 -0.2676 -0.5188
-0.3000 -0.2074 -0.5188
-0.4000 -0.2676 -0.2937
-0.4000 -0.2074 -0.2937
0.3000 -0.2676 0.5813
0.3000 -0.2074 0.5813
-0.3000 -0.1250 0.4989
-0.3000 -0.1551 0.5511
0.3000 -0.0125 0.7437
0.3000 -0.0125 -0.7437
0.3000 -0.3500 -0.3761
0.3000 -0.3500 -0.4364
-0.4000 -0.2074 0.5813
-0.3000 -0.2074 0.5813
0.3000 -0.2074 0.3562
0.3000 -0.1551 0.3864
0.1500 0.0688 0.1437
-0.1500 0.0688 0.1437
-0.3000 -0.2676 0.3562
-0.3000 -0.2074 0.3562
0.1500 0.2562 0.1437
-0.1500 0.2562 0.1437
0.3000 -0.3500 0.4989
0.3000 -0.3500 0.4386
0.3000 -0.1250 0.4386
0.4000 -0.1250 0.4386
0.3000 -0.2074 -0.2937
0.4000 -0.2074 -0.2937
-0.4000 -0.1250 -0.3761
-0.4000 -0.1551 -0.3239
-0.1500 0.3500 0.0562
-0.2000 0.2562 0.0562
-0.3000 -0.0125 -0.7437
-0.3000 -0.0125 0.1937
