0.6250 -0.2250 0.4938
0.6250 -0.2250 -0.9062
-0.6250 0.2250 -0.9438
-0.6250 -0.2250 -0.9438
-0.0625 0.1375 -0.1187
-0.0625 0.1375 0.9438
0.6250 -0.2250 -0.2062
0.6250 -0.2250 -0.9438
-0.6250 -0.2250 0.4938
-0.6250 -0.2250 -0.9062
0.6250 -0.2216 0.4916
-0.6250 -0.2216 0.4916
0.6250 0.2250 -0.2062
0.6250 -0.2250 -0.2062
0.0625 0.1375 0.9438
0.0625 0.1375 -0.1187
0.6250 0.2250 -0.2062
0.6250 -0.2250 -0.9062
0.6250 0.2250 -0.2062
-0.6250 0.2250 -0.2062
0.0625 0.1375 -0.1187
0.0625 0.0125 -0.1187
-0.6250 0.2250 -0.2062
-0.6250 -0.2250 -0.9062
-0.6250 -0.2250 0.4938
-0.6250 -0.2250 0.4938
0.6250 -0.2250 0.4938
0.6250 -0.2250 0.4938
-0.6250 0.2250 -0.2062
-0.6250 -0.2250 -0.2062
0.0625 0.0125 -0.1187
-0.0625 0.0125 -0.1187
0.6250 0.2216 -0.2041
-0.6250 0.2216 -0.2041
0.6250 0.2250 -0.9438
0.6250 -0.2250 -0.9438
-0.6250 0.2250 -0.9438
-0.6250 0.2250 -0.2062
0.0625 0.0125 0.9438
-0.0625 0.0125 0.9438
0.6250 -0.2216 0.4916
0.6250 0.2216 -0.2041
0.6250 0.2250 -0.2062
0.6250 0.2250 -0.9438
0.6250 0.2250 -0.2062
0.6250 -0.2250 0.4938
-0.6250 0.2250 -0.2062
-0.6250 -0.2250 0.4938
0.6250 -0.2250 -0.9062
0.6250 -0.2250 -0.9062
0.6250 -0.2250 0.4938
0.6250 -0.2250 -0.9062
0.6250 0.2250 -0.2062
0.6250 -0.2250 -0.9062
-0.6250 -0.2250 0.4938
-0.6250 -0.2250 -0.9062
-0.6250 0.2250 -0.2062
-0.6250 -0.2250 -0.9062
0.6250 -0.2250 -0.9438
-0.6250 -0.2250 -0.9438
-0.6250 -0.2250 -0.9062
-0.6250 -0.2250 -0.9062
-0.0625 0.0125 -0.1187
-0.0625 0.0125 0.9438
0.0625 0.0125 0.9438
0.0625 0.0125 -0.1187
0.6250 -0.2250 -0.2062
-0.6250 -0.2250 -0.2062
-0.0625 0.1375 -0.1187
-0.0625 0.0125 -0.1187
-0.6250 -0.2250 -0.9438
-0.6250 -0.2250 -0.2062
0.0625 0.1375 0.9438
-0.0625 0.1375 0.9438
0.0625 0.1375 -0.1187
-0.0625 0.1375 -0.1187
0.0625 0.1375 0.9438
0.0625 0.0125 0.9438
0.6250 0.2250 -0.2062
0.6250 -0.2250 0.4938
-0.6250 0.2250 -0.2062
-0.6250 -0.2250 0.4938
0.6250 -0.2250 0.4938
0.6250 -0.2250 -0.9062
-0.6250 -0.2250 0.4938
-0.6250 -0.2250 -0.9062
0.6250 -0.2250 -0.9062
0.6250 -0.2250 0.4938
-0.6250 -0.2250 -0.9062
-0.6250 -0.2250 0.4938
-0.0625 0.1375 0.9438
-0.0625 0.0125 0.9438
0.6250 0.2250 -0.9438
-0.6250 0.2250 -0.9438
-0.6250 -0.2216 0.4916
-0.6250 0.2216 -0.2041
